timestamp,beats per minute,data source
2025-11-12T00:00:01Z,77.0,Charge 6
2025-11-12T00:00:03Z,77.0,Charge 6
2025-11-12T00:00:05Z,78.0,Charge 6
2025-11-12T00:00:08Z,78.0,Charge 6
2025-11-12T00:00:09Z,78.0,Charge 6
2025-11-12T00:00:11Z,79.0,Charge 6
2025-11-12T00:00:13Z,80.0,Charge 6
2025-11-12T00:00:15Z,82.0,Charge 6
2025-11-12T00:00:16Z,83.0,Charge 6
2025-11-12T00:00:18Z,84.0,Charge 6
2025-11-12T00:00:21Z,84.0,Charge 6
2025-11-12T00:00:24Z,83.0,Charge 6
2025-11-12T00:00:26Z,82.0,Charge 6
2025-11-12T00:00:28Z,81.0,Charge 6
2025-11-12T00:00:30Z,80.0,Charge 6
2025-11-12T00:00:32Z,79.0,Charge 6
2025-11-12T00:00:34Z,78.0,Charge 6
2025-11-12T00:00:37Z,78.0,Charge 6
2025-11-12T00:00:38Z,78.0,Charge 6
2025-11-12T00:00:39Z,80.0,Charge 6
2025-11-12T00:00:42Z,80.0,Charge 6
2025-11-12T00:00:45Z,80.0,Charge 6
2025-11-12T00:00:48Z,80.0,Charge 6
2025-11-12T00:00:51Z,80.0,Charge 6
2025-11-12T00:00:53Z,79.0,Charge 6
2025-11-12T00:00:55Z,78.0,Charge 6
2025-11-12T00:00:57Z,79.0,Charge 6
2025-11-12T00:00:59Z,79.0,Charge 6
2025-11-12T00:01:02Z,79.0,Charge 6
2025-11-12T00:01:03Z,80.0,Charge 6
2025-11-12T00:01:04Z,81.0,Charge 6
2025-11-12T00:01:06Z,82.0,Charge 6
2025-11-12T00:01:08Z,84.0,Charge 6
2025-11-12T00:01:10Z,84.0,Charge 6
2025-11-12T00:01:12Z,85.0,Charge 6
2025-11-12T00:01:15Z,85.0,Charge 6
2025-11-12T00:01:16Z,87.0,Charge 6
2025-11-12T00:01:18Z,89.0,Charge 6
2025-11-12T00:01:20Z,88.0,Charge 6
2025-11-12T00:01:23Z,88.0,Charge 6
2025-11-12T00:01:24Z,89.0,Charge 6
2025-11-12T00:01:26Z,91.0,Charge 6
2025-11-12T00:01:27Z,93.0,Charge 6
2025-11-12T00:01:29Z,94.0,Charge 6
2025-11-12T00:01:31Z,90.0,Charge 6
2025-11-12T00:01:33Z,85.0,Charge 6
2025-11-12T00:01:35Z,82.0,Charge 6
2025-11-12T00:01:37Z,81.0,Charge 6
2025-11-12T00:01:40Z,81.0,Charge 6
2025-11-12T00:01:41Z,82.0,Charge 6
2025-11-12T00:01:43Z,83.0,Charge 6
2025-11-12T00:01:45Z,82.0,Charge 6
2025-11-12T00:01:47Z,84.0,Charge 6
2025-11-12T00:01:49Z,88.0,Charge 6
2025-11-12T00:01:51Z,89.0,Charge 6
2025-11-12T00:01:52Z,88.0,Charge 6
2025-11-12T00:01:54Z,87.0,Charge 6
2025-11-12T00:01:56Z,86.0,Charge 6
2025-11-12T00:01:58Z,85.0,Charge 6
2025-11-12T00:02:00Z,84.0,Charge 6
2025-11-12T00:02:02Z,82.0,Charge 6
2025-11-12T00:02:04Z,81.0,Charge 6
2025-11-12T00:02:06Z,80.0,Charge 6
2025-11-12T00:02:09Z,80.0,Charge 6
2025-11-12T00:02:10Z,81.0,Charge 6
2025-11-12T00:02:12Z,82.0,Charge 6
2025-11-12T00:02:14Z,82.0,Charge 6
2025-11-12T00:02:17Z,82.0,Charge 6
2025-11-12T00:02:19Z,84.0,Charge 6
2025-11-12T00:02:22Z,84.0,Charge 6
2025-11-12T00:02:25Z,84.0,Charge 6
2025-11-12T00:02:28Z,84.0,Charge 6
2025-11-12T00:02:31Z,84.0,Charge 6
2025-11-12T00:02:34Z,84.0,Charge 6
2025-11-12T00:02:37Z,83.0,Charge 6
2025-11-12T00:02:39Z,84.0,Charge 6
2025-11-12T00:02:42Z,84.0,Charge 6
2025-11-12T00:02:45Z,84.0,Charge 6
2025-11-12T00:02:48Z,84.0,Charge 6
2025-11-12T00:02:50Z,83.0,Charge 6
2025-11-12T00:02:52Z,82.0,Charge 6
2025-11-12T00:02:55Z,82.0,Charge 6
2025-11-12T00:02:56Z,83.0,Charge 6
2025-11-12T00:02:58Z,83.0,Charge 6
2025-11-12T00:03:00Z,84.0,Charge 6
2025-11-12T00:03:03Z,84.0,Charge 6
2025-11-12T00:03:05Z,87.0,Charge 6
2025-11-12T00:03:07Z,88.0,Charge 6
2025-11-12T00:03:09Z,87.0,Charge 6
2025-11-12T00:03:11Z,85.0,Charge 6
2025-11-12T00:03:13Z,87.0,Charge 6
2025-11-12T00:03:15Z,88.0,Charge 6
2025-11-12T00:03:17Z,89.0,Charge 6
2025-11-12T00:03:19Z,90.0,Charge 6
2025-11-12T00:03:22Z,90.0,Charge 6
2025-11-12T00:03:25Z,88.0,Charge 6
2025-11-12T00:03:28Z,89.0,Charge 6
2025-11-12T00:03:30Z,83.0,Charge 6
2025-11-12T00:03:33Z,83.0,Charge 6
2025-11-12T00:03:36Z,82.0,Charge 6
2025-11-12T00:03:39Z,82.0,Charge 6
2025-11-12T00:03:40Z,85.0,Charge 6
2025-11-12T00:03:43Z,85.0,Charge 6
2025-11-12T00:03:44Z,82.0,Charge 6
2025-11-12T00:03:46Z,81.0,Charge 6
2025-11-12T00:03:48Z,82.0,Charge 6
2025-11-12T00:03:50Z,84.0,Charge 6
2025-11-12T00:03:51Z,84.0,Charge 6
2025-11-12T00:03:54Z,84.0,Charge 6
2025-11-12T00:03:55Z,84.0,Charge 6
2025-11-12T00:03:57Z,82.0,Charge 6
2025-11-12T00:03:59Z,81.0,Charge 6
2025-11-12T00:04:02Z,81.0,Charge 6
2025-11-12T00:04:03Z,82.0,Charge 6
2025-11-12T00:04:05Z,84.0,Charge 6
2025-11-12T00:04:08Z,84.0,Charge 6
2025-11-12T00:04:11Z,84.0,Charge 6
2025-11-12T00:04:14Z,84.0,Charge 6
2025-11-12T00:04:15Z,85.0,Charge 6
2025-11-12T00:04:16Z,86.0,Charge 6
2025-11-12T00:04:19Z,86.0,Charge 6
2025-11-12T00:04:22Z,85.0,Charge 6
2025-11-12T00:04:24Z,84.0,Charge 6
2025-11-12T00:04:26Z,84.0,Charge 6
2025-11-12T00:04:29Z,84.0,Charge 6
2025-11-12T00:04:30Z,86.0,Charge 6
2025-11-12T00:04:32Z,88.0,Charge 6
2025-11-12T00:04:35Z,88.0,Charge 6
2025-11-12T00:04:36Z,86.0,Charge 6
2025-11-12T00:04:38Z,85.0,Charge 6
2025-11-12T00:04:41Z,85.0,Charge 6
2025-11-12T00:04:43Z,81.0,Charge 6
2025-11-12T00:04:45Z,79.0,Charge 6
2025-11-12T00:04:47Z,78.0,Charge 6
2025-11-12T00:04:49Z,76.0,Charge 6
2025-11-12T00:04:51Z,74.0,Charge 6
2025-11-12T00:04:53Z,73.0,Charge 6
2025-11-12T00:04:55Z,72.0,Charge 6
2025-11-12T00:04:57Z,73.0,Charge 6
2025-11-12T00:04:59Z,74.0,Charge 6
2025-11-12T00:05:02Z,74.0,Charge 6
2025-11-12T00:05:03Z,75.0,Charge 6
2025-11-12T00:05:04Z,76.0,Charge 6
2025-11-12T00:05:07Z,76.0,Charge 6
2025-11-12T00:05:08Z,77.0,Charge 6
2025-11-12T00:05:11Z,77.0,Charge 6
2025-11-12T00:05:12Z,76.0,Charge 6
2025-11-12T00:05:14Z,76.0,Charge 6
2025-11-12T00:05:17Z,76.0,Charge 6
2025-11-12T00:05:20Z,76.0,Charge 6
2025-11-12T00:05:23Z,76.0,Charge 6
2025-11-12T00:05:26Z,76.0,Charge 6
2025-11-12T00:05:27Z,78.0,Charge 6
2025-11-12T00:05:29Z,78.0,Charge 6
2025-11-12T00:05:32Z,78.0,Charge 6
2025-11-12T00:05:35Z,78.0,Charge 6
2025-11-12T00:05:38Z,78.0,Charge 6
2025-11-12T00:05:39Z,79.0,Charge 6
2025-11-12T00:05:41Z,78.0,Charge 6
2025-11-12T00:05:44Z,78.0,Charge 6
2025-11-12T00:05:45Z,78.0,Charge 6
2025-11-12T00:05:48Z,78.0,Charge 6
2025-11-12T00:05:49Z,79.0,Charge 6
2025-11-12T00:05:51Z,80.0,Charge 6
2025-11-12T00:05:54Z,80.0,Charge 6
2025-11-12T00:05:57Z,80.0,Charge 6
2025-11-12T00:05:58Z,81.0,Charge 6
2025-11-12T00:06:00Z,80.0,Charge 6
2025-11-12T00:06:02Z,80.0,Charge 6
2025-11-12T00:06:04Z,78.0,Charge 6
2025-11-12T00:06:06Z,79.0,Charge 6
2025-11-12T00:06:08Z,81.0,Charge 6
2025-11-12T00:06:10Z,83.0,Charge 6
2025-11-12T00:06:12Z,87.0,Charge 6
2025-11-12T00:06:14Z,88.0,Charge 6
2025-11-12T00:06:17Z,85.0,Charge 6
2025-11-12T00:06:19Z,84.0,Charge 6
2025-11-12T00:06:21Z,83.0,Charge 6
2025-11-12T00:06:23Z,82.0,Charge 6
2025-11-12T00:06:25Z,80.0,Charge 6
2025-11-12T00:06:27Z,78.0,Charge 6
2025-11-12T00:06:30Z,78.0,Charge 6
2025-11-12T00:06:31Z,78.0,Charge 6
2025-11-12T00:06:33Z,78.0,Charge 6
2025-11-12T00:06:35Z,77.0,Charge 6
2025-11-12T00:06:37Z,78.0,Charge 6
2025-11-12T00:06:39Z,79.0,Charge 6
2025-11-12T00:06:40Z,80.0,Charge 6
2025-11-12T00:06:42Z,81.0,Charge 6
2025-11-12T00:06:44Z,82.0,Charge 6
2025-11-12T00:06:46Z,84.0,Charge 6
2025-11-12T00:06:48Z,87.0,Charge 6
2025-11-12T00:06:50Z,88.0,Charge 6
2025-11-12T00:06:52Z,87.0,Charge 6
2025-11-12T00:06:54Z,86.0,Charge 6
2025-11-12T00:06:56Z,87.0,Charge 6
2025-11-12T00:06:58Z,88.0,Charge 6
2025-11-12T00:07:00Z,90.0,Charge 6
2025-11-12T00:07:02Z,89.0,Charge 6
2025-11-12T00:07:03Z,90.0,Charge 6
2025-11-12T00:07:05Z,87.0,Charge 6
2025-11-12T00:07:07Z,85.0,Charge 6
2025-11-12T00:07:09Z,86.0,Charge 6
2025-11-12T00:07:11Z,87.0,Charge 6
2025-11-12T00:07:13Z,85.0,Charge 6
2025-11-12T00:07:15Z,82.0,Charge 6
2025-11-12T00:07:17Z,80.0,Charge 6
2025-11-12T00:07:19Z,78.0,Charge 6
2025-11-12T00:07:21Z,77.0,Charge 6
2025-11-12T00:07:23Z,76.0,Charge 6
2025-11-12T00:07:26Z,76.0,Charge 6
2025-11-12T00:07:28Z,77.0,Charge 6
2025-11-12T00:07:30Z,79.0,Charge 6
2025-11-12T00:07:32Z,83.0,Charge 6
2025-11-12T00:07:34Z,85.0,Charge 6
2025-11-12T00:07:36Z,88.0,Charge 6
2025-11-12T00:07:39Z,88.0,Charge 6
2025-11-12T00:07:42Z,87.0,Charge 6
2025-11-12T00:07:44Z,86.0,Charge 6
2025-11-12T00:07:46Z,85.0,Charge 6
2025-11-12T00:07:48Z,86.0,Charge 6
2025-11-12T00:07:50Z,87.0,Charge 6
2025-11-12T00:07:52Z,88.0,Charge 6
2025-11-12T00:07:55Z,86.0,Charge 6
2025-11-12T00:07:57Z,84.0,Charge 6
2025-11-12T00:07:59Z,86.0,Charge 6
2025-11-12T00:08:02Z,86.0,Charge 6
2025-11-12T00:08:03Z,85.0,Charge 6
2025-11-12T00:08:05Z,84.0,Charge 6
2025-11-12T00:08:07Z,83.0,Charge 6
2025-11-12T00:08:09Z,82.0,Charge 6
2025-11-12T00:08:12Z,82.0,Charge 6
2025-11-12T00:08:13Z,83.0,Charge 6
2025-11-12T00:08:15Z,84.0,Charge 6
2025-11-12T00:08:17Z,84.0,Charge 6
2025-11-12T00:08:20Z,84.0,Charge 6
2025-11-12T00:08:22Z,86.0,Charge 6
2025-11-12T00:08:25Z,86.0,Charge 6
2025-11-12T00:08:26Z,84.0,Charge 6
2025-11-12T00:08:29Z,84.0,Charge 6
2025-11-12T00:08:30Z,85.0,Charge 6
2025-11-12T00:08:32Z,86.0,Charge 6
2025-11-12T00:08:34Z,88.0,Charge 6
2025-11-12T00:08:36Z,90.0,Charge 6
2025-11-12T00:08:39Z,90.0,Charge 6
2025-11-12T00:08:40Z,89.0,Charge 6
2025-11-12T00:08:42Z,92.0,Charge 6
2025-11-12T00:08:43Z,91.0,Charge 6
2025-11-12T00:08:45Z,89.0,Charge 6
2025-11-12T00:08:47Z,88.0,Charge 6
2025-11-12T00:08:49Z,86.0,Charge 6
2025-11-12T00:08:51Z,84.0,Charge 6
2025-11-12T00:08:54Z,84.0,Charge 6
2025-11-12T00:08:55Z,85.0,Charge 6
2025-11-12T00:08:57Z,86.0,Charge 6
2025-11-12T00:08:59Z,88.0,Charge 6
2025-11-12T00:09:02Z,88.0,Charge 6
2025-11-12T00:09:03Z,87.0,Charge 6
2025-11-12T00:09:05Z,86.0,Charge 6
2025-11-12T00:09:06Z,87.0,Charge 6
2025-11-12T00:09:08Z,88.0,Charge 6
2025-11-12T00:09:10Z,86.0,Charge 6
2025-11-12T00:09:12Z,84.0,Charge 6
2025-11-12T00:09:14Z,83.0,Charge 6
2025-11-12T00:09:16Z,82.0,Charge 6
2025-11-12T00:09:19Z,82.0,Charge 6
2025-11-12T00:09:20Z,81.0,Charge 6
2025-11-12T00:09:22Z,82.0,Charge 6
2025-11-12T00:09:24Z,81.0,Charge 6
2025-11-12T00:09:26Z,80.0,Charge 6
2025-11-12T00:09:28Z,81.0,Charge 6
2025-11-12T00:09:31Z,81.0,Charge 6
2025-11-12T00:09:34Z,81.0,Charge 6
2025-11-12T00:09:35Z,82.0,Charge 6
2025-11-12T00:09:37Z,82.0,Charge 6
2025-11-12T00:09:39Z,84.0,Charge 6
2025-11-12T00:09:41Z,85.0,Charge 6
2025-11-12T00:09:44Z,85.0,Charge 6
2025-11-12T00:09:45Z,86.0,Charge 6
2025-11-12T00:09:47Z,88.0,Charge 6
2025-11-12T00:09:49Z,90.0,Charge 6
2025-11-12T00:09:51Z,91.0,Charge 6
2025-11-12T00:09:53Z,91.0,Charge 6
2025-11-12T00:09:54Z,89.0,Charge 6
2025-11-12T00:09:56Z,88.0,Charge 6
2025-11-12T00:09:58Z,86.0,Charge 6
2025-11-12T00:10:00Z,84.0,Charge 6
2025-11-12T00:10:03Z,84.0,Charge 6
2025-11-12T00:10:04Z,83.0,Charge 6
2025-11-12T00:10:06Z,82.0,Charge 6
2025-11-12T00:10:08Z,80.0,Charge 6
2025-11-12T00:10:11Z,80.0,Charge 6
2025-11-12T00:10:14Z,80.0,Charge 6
2025-11-12T00:10:17Z,80.0,Charge 6
2025-11-12T00:10:19Z,82.0,Charge 6
2025-11-12T00:10:22Z,82.0,Charge 6
2025-11-12T00:10:25Z,80.0,Charge 6
2025-11-12T00:10:28Z,80.0,Charge 6
2025-11-12T00:10:31Z,80.0,Charge 6
2025-11-12T00:10:34Z,80.0,Charge 6
2025-11-12T00:10:35Z,79.0,Charge 6
2025-11-12T00:10:37Z,78.0,Charge 6
2025-11-12T00:10:40Z,78.0,Charge 6
2025-11-12T00:10:41Z,78.0,Charge 6
2025-11-12T00:10:44Z,79.0,Charge 6
2025-11-12T00:10:47Z,79.0,Charge 6
2025-11-12T00:10:48Z,78.0,Charge 6
2025-11-12T00:10:51Z,78.0,Charge 6
2025-11-12T00:10:52Z,80.0,Charge 6
2025-11-12T00:10:55Z,80.0,Charge 6
2025-11-12T00:10:56Z,81.0,Charge 6
2025-11-12T00:10:58Z,85.0,Charge 6
2025-11-12T00:11:00Z,84.0,Charge 6
2025-11-12T00:11:02Z,83.0,Charge 6
2025-11-12T00:11:04Z,83.0,Charge 6
2025-11-12T00:11:06Z,84.0,Charge 6
2025-11-12T00:11:07Z,85.0,Charge 6
2025-11-12T00:11:09Z,84.0,Charge 6
2025-11-12T00:11:12Z,84.0,Charge 6
2025-11-12T00:11:13Z,82.0,Charge 6
2025-11-12T00:11:15Z,83.0,Charge 6
2025-11-12T00:11:17Z,84.0,Charge 6
2025-11-12T00:11:19Z,85.0,Charge 6
2025-11-12T00:11:21Z,85.0,Charge 6
2025-11-12T00:11:23Z,86.0,Charge 6
2025-11-12T00:11:25Z,88.0,Charge 6
2025-11-12T00:11:28Z,88.0,Charge 6
2025-11-12T00:11:29Z,87.0,Charge 6
2025-11-12T00:11:30Z,84.0,Charge 6
2025-11-12T00:11:32Z,81.0,Charge 6
2025-11-12T00:11:34Z,83.0,Charge 6
2025-11-12T00:11:36Z,85.0,Charge 6
2025-11-12T00:11:39Z,85.0,Charge 6
2025-11-12T00:11:40Z,84.0,Charge 6
2025-11-12T00:11:42Z,83.0,Charge 6
2025-11-12T00:11:44Z,82.0,Charge 6
2025-11-12T00:11:47Z,82.0,Charge 6
2025-11-12T00:11:50Z,86.0,Charge 6
2025-11-12T00:11:52Z,89.0,Charge 6
2025-11-12T00:11:54Z,88.0,Charge 6
2025-11-12T00:11:55Z,87.0,Charge 6
2025-11-12T00:11:57Z,85.0,Charge 6
2025-11-12T00:11:59Z,84.0,Charge 6
2025-11-12T00:12:01Z,83.0,Charge 6
2025-11-12T00:12:03Z,82.0,Charge 6
2025-11-12T00:12:05Z,81.0,Charge 6
2025-11-12T00:12:07Z,80.0,Charge 6
2025-11-12T00:12:09Z,79.0,Charge 6
2025-11-12T00:12:11Z,80.0,Charge 6
2025-11-12T00:12:13Z,82.0,Charge 6
2025-11-12T00:12:15Z,83.0,Charge 6
2025-11-12T00:12:17Z,83.0,Charge 6
2025-11-12T00:12:18Z,84.0,Charge 6
2025-11-12T00:12:21Z,84.0,Charge 6
2025-11-12T00:12:22Z,82.0,Charge 6
2025-11-12T00:12:25Z,82.0,Charge 6
2025-11-12T00:12:26Z,81.0,Charge 6
2025-11-12T00:12:28Z,82.0,Charge 6
2025-11-12T00:12:30Z,83.0,Charge 6
2025-11-12T00:12:33Z,83.0,Charge 6
2025-11-12T00:12:34Z,82.0,Charge 6
2025-11-12T00:12:37Z,82.0,Charge 6
2025-11-12T00:12:38Z,83.0,Charge 6
2025-11-12T00:12:40Z,84.0,Charge 6
2025-11-12T00:12:43Z,84.0,Charge 6
2025-11-12T00:12:46Z,84.0,Charge 6
2025-11-12T00:12:49Z,84.0,Charge 6
2025-11-12T00:12:51Z,83.0,Charge 6
2025-11-12T00:12:53Z,82.0,Charge 6
2025-11-12T00:12:55Z,81.0,Charge 6
2025-11-12T00:12:57Z,82.0,Charge 6
2025-11-12T00:12:59Z,81.0,Charge 6
2025-11-12T00:13:01Z,81.0,Charge 6
2025-11-12T00:13:03Z,81.0,Charge 6
2025-11-12T00:13:06Z,80.0,Charge 6
2025-11-12T00:13:09Z,80.0,Charge 6
2025-11-12T00:13:10Z,81.0,Charge 6
2025-11-12T00:13:12Z,82.0,Charge 6
2025-11-12T00:13:14Z,80.0,Charge 6
2025-11-12T00:13:16Z,79.0,Charge 6
2025-11-12T00:13:19Z,79.0,Charge 6
2025-11-12T00:13:22Z,78.0,Charge 6
2025-11-12T00:13:24Z,78.0,Charge 6
2025-11-12T00:13:27Z,78.0,Charge 6
2025-11-12T00:13:28Z,81.0,Charge 6
2025-11-12T00:13:30Z,85.0,Charge 6
2025-11-12T00:13:31Z,87.0,Charge 6
2025-11-12T00:13:34Z,87.0,Charge 6
2025-11-12T00:13:35Z,86.0,Charge 6
2025-11-12T00:13:37Z,84.0,Charge 6
2025-11-12T00:13:40Z,84.0,Charge 6
2025-11-12T00:13:41Z,84.0,Charge 6
2025-11-12T00:13:43Z,82.0,Charge 6
2025-11-12T00:13:46Z,82.0,Charge 6
2025-11-12T00:13:47Z,81.0,Charge 6
2025-11-12T00:13:49Z,80.0,Charge 6
2025-11-12T00:13:52Z,80.0,Charge 6
2025-11-12T00:13:53Z,78.0,Charge 6
2025-11-12T00:13:54Z,78.0,Charge 6
2025-11-12T00:13:56Z,77.0,Charge 6
2025-11-12T00:13:58Z,78.0,Charge 6
2025-11-12T00:14:00Z,78.0,Charge 6
2025-11-12T00:14:02Z,78.0,Charge 6
2025-11-12T00:14:05Z,78.0,Charge 6
2025-11-12T00:14:08Z,78.0,Charge 6
2025-11-12T00:14:11Z,78.0,Charge 6
2025-11-12T00:14:14Z,80.0,Charge 6
2025-11-12T00:14:17Z,80.0,Charge 6
2025-11-12T00:14:18Z,81.0,Charge 6
2025-11-12T00:14:21Z,81.0,Charge 6
2025-11-12T00:14:23Z,82.0,Charge 6
2025-11-12T00:14:25Z,82.0,Charge 6
2025-11-12T00:14:27Z,81.0,Charge 6
2025-11-12T00:14:29Z,82.0,Charge 6
2025-11-12T00:14:31Z,80.0,Charge 6
2025-11-12T00:14:34Z,80.0,Charge 6
2025-11-12T00:14:37Z,81.0,Charge 6
2025-11-12T00:14:40Z,81.0,Charge 6
2025-11-12T00:14:43Z,81.0,Charge 6
2025-11-12T00:14:44Z,82.0,Charge 6
2025-11-12T00:14:47Z,82.0,Charge 6
2025-11-12T00:14:50Z,81.0,Charge 6
2025-11-12T00:14:52Z,82.0,Charge 6
2025-11-12T00:14:55Z,82.0,Charge 6
2025-11-12T00:14:56Z,84.0,Charge 6
2025-11-12T00:14:58Z,86.0,Charge 6
2025-11-12T00:15:00Z,84.0,Charge 6
2025-11-12T00:15:03Z,84.0,Charge 6
2025-11-12T00:15:04Z,85.0,Charge 6
2025-11-12T00:15:06Z,84.0,Charge 6
2025-11-12T00:15:07Z,82.0,Charge 6
2025-11-12T00:15:10Z,82.0,Charge 6
2025-11-12T00:15:13Z,81.0,Charge 6
2025-11-12T00:15:16Z,81.0,Charge 6
2025-11-12T00:15:17Z,80.0,Charge 6
2025-11-12T00:15:19Z,80.0,Charge 6
2025-11-12T00:15:22Z,80.0,Charge 6
2025-11-12T00:15:23Z,79.0,Charge 6
2025-11-12T00:15:25Z,79.0,Charge 6
2025-11-12T00:15:28Z,79.0,Charge 6
2025-11-12T00:15:29Z,78.0,Charge 6
2025-11-12T00:15:30Z,79.0,Charge 6
2025-11-12T00:15:32Z,80.0,Charge 6
2025-11-12T00:15:35Z,80.0,Charge 6
2025-11-12T00:15:38Z,80.0,Charge 6
2025-11-12T00:15:40Z,81.0,Charge 6
2025-11-12T00:15:42Z,82.0,Charge 6
2025-11-12T00:15:45Z,82.0,Charge 6
2025-11-12T00:15:46Z,80.0,Charge 6
2025-11-12T00:15:49Z,80.0,Charge 6
2025-11-12T00:15:50Z,80.0,Charge 6
2025-11-12T00:15:52Z,82.0,Charge 6
2025-11-12T00:15:55Z,81.0,Charge 6
2025-11-12T00:15:58Z,81.0,Charge 6
2025-11-12T00:15:59Z,82.0,Charge 6
2025-11-12T00:16:02Z,82.0,Charge 6
2025-11-12T00:16:03Z,83.0,Charge 6
2025-11-12T00:16:05Z,82.0,Charge 6
2025-11-12T00:16:07Z,80.0,Charge 6
2025-11-12T00:16:10Z,80.0,Charge 6
2025-11-12T00:16:13Z,80.0,Charge 6
2025-11-12T00:16:15Z,82.0,Charge 6
2025-11-12T00:16:18Z,82.0,Charge 6
2025-11-12T00:16:21Z,82.0,Charge 6
2025-11-12T00:16:24Z,81.0,Charge 6
2025-11-12T00:16:26Z,82.0,Charge 6
2025-11-12T00:16:29Z,82.0,Charge 6
2025-11-12T00:16:30Z,80.0,Charge 6
2025-11-12T00:16:33Z,80.0,Charge 6
2025-11-12T00:16:36Z,80.0,Charge 6
2025-11-12T00:16:38Z,78.0,Charge 6
2025-11-12T00:16:41Z,78.0,Charge 6
2025-11-12T00:16:42Z,79.0,Charge 6
2025-11-12T00:16:43Z,78.0,Charge 6
2025-11-12T00:16:46Z,78.0,Charge 6
2025-11-12T00:16:49Z,78.0,Charge 6
2025-11-12T00:16:52Z,78.0,Charge 6
2025-11-12T00:16:55Z,78.0,Charge 6
2025-11-12T00:16:58Z,78.0,Charge 6
2025-11-12T00:17:01Z,78.0,Charge 6
2025-11-12T00:17:04Z,78.0,Charge 6
2025-11-12T00:17:05Z,82.0,Charge 6
2025-11-12T00:17:06Z,83.0,Charge 6
2025-11-12T00:17:08Z,84.0,Charge 6
2025-11-12T00:17:10Z,85.0,Charge 6
2025-11-12T00:17:12Z,86.0,Charge 6
2025-11-12T00:17:14Z,89.0,Charge 6
2025-11-12T00:17:16Z,89.0,Charge 6
2025-11-12T00:17:18Z,85.0,Charge 6
2025-11-12T00:17:20Z,82.0,Charge 6
2025-11-12T00:17:22Z,80.0,Charge 6
2025-11-12T00:17:24Z,78.0,Charge 6
2025-11-12T00:17:26Z,78.0,Charge 6
2025-11-12T00:17:28Z,77.0,Charge 6
2025-11-12T00:17:30Z,76.0,Charge 6
2025-11-12T00:17:33Z,75.0,Charge 6
2025-11-12T00:17:36Z,75.0,Charge 6
2025-11-12T00:17:39Z,76.0,Charge 6
2025-11-12T00:17:42Z,76.0,Charge 6
2025-11-12T00:17:45Z,76.0,Charge 6
2025-11-12T00:17:48Z,76.0,Charge 6
2025-11-12T00:17:49Z,78.0,Charge 6
2025-11-12T00:17:51Z,80.0,Charge 6
2025-11-12T00:17:53Z,80.0,Charge 6
2025-11-12T00:17:54Z,79.0,Charge 6
2025-11-12T00:17:57Z,79.0,Charge 6
2025-11-12T00:17:58Z,80.0,Charge 6
2025-11-12T00:18:01Z,80.0,Charge 6
2025-11-12T00:18:02Z,79.0,Charge 6
2025-11-12T00:18:04Z,78.0,Charge 6
2025-11-12T00:18:06Z,79.0,Charge 6
2025-11-12T00:18:08Z,80.0,Charge 6
2025-11-12T00:18:10Z,79.0,Charge 6
2025-11-12T00:18:13Z,79.0,Charge 6
2025-11-12T00:18:14Z,80.0,Charge 6
2025-11-12T00:18:16Z,81.0,Charge 6
2025-11-12T00:18:18Z,82.0,Charge 6
2025-11-12T00:18:19Z,84.0,Charge 6
2025-11-12T00:18:21Z,83.0,Charge 6
2025-11-12T00:18:23Z,83.0,Charge 6
2025-11-12T00:18:26Z,83.0,Charge 6
2025-11-12T00:18:29Z,83.0,Charge 6
2025-11-12T00:18:32Z,83.0,Charge 6
2025-11-12T00:18:33Z,82.0,Charge 6
2025-11-12T00:18:35Z,80.0,Charge 6
2025-11-12T00:18:38Z,80.0,Charge 6
2025-11-12T00:18:41Z,80.0,Charge 6
2025-11-12T00:18:42Z,81.0,Charge 6
2025-11-12T00:18:44Z,83.0,Charge 6
2025-11-12T00:18:47Z,83.0,Charge 6
2025-11-12T00:18:48Z,84.0,Charge 6
2025-11-12T00:18:50Z,84.0,Charge 6
2025-11-12T00:18:53Z,84.0,Charge 6
2025-11-12T00:18:54Z,83.0,Charge 6
2025-11-12T00:18:56Z,81.0,Charge 6
2025-11-12T00:18:58Z,80.0,Charge 6
2025-11-12T00:19:00Z,78.0,Charge 6
2025-11-12T00:19:02Z,77.0,Charge 6
2025-11-12T00:19:04Z,76.0,Charge 6
2025-11-12T00:19:06Z,74.0,Charge 6
2025-11-12T00:19:07Z,73.0,Charge 6
2025-11-12T00:19:09Z,72.0,Charge 6
2025-11-12T00:19:12Z,72.0,Charge 6
2025-11-12T00:19:15Z,72.0,Charge 6
2025-11-12T00:19:18Z,72.0,Charge 6
2025-11-12T00:19:21Z,72.0,Charge 6
2025-11-12T00:19:23Z,72.0,Charge 6
2025-11-12T00:19:25Z,72.0,Charge 6
2025-11-12T00:19:28Z,72.0,Charge 6
2025-11-12T00:19:29Z,76.0,Charge 6
2025-11-12T00:19:30Z,77.0,Charge 6
2025-11-12T00:19:32Z,76.0,Charge 6
2025-11-12T00:19:35Z,76.0,Charge 6
2025-11-12T00:19:38Z,77.0,Charge 6
2025-11-12T00:19:40Z,78.0,Charge 6
2025-11-12T00:19:43Z,78.0,Charge 6
2025-11-12T00:19:44Z,77.0,Charge 6
2025-11-12T00:19:46Z,76.0,Charge 6
2025-11-12T00:19:48Z,76.0,Charge 6
2025-11-12T00:19:51Z,76.0,Charge 6
2025-11-12T00:19:52Z,77.0,Charge 6
2025-11-12T00:19:54Z,78.0,Charge 6
2025-11-12T00:19:57Z,77.0,Charge 6
2025-11-12T00:19:59Z,76.0,Charge 6
2025-11-12T00:20:01Z,74.0,Charge 6
2025-11-12T00:20:04Z,74.0,Charge 6
2025-11-12T00:20:07Z,74.0,Charge 6
2025-11-12T00:20:09Z,75.0,Charge 6
2025-11-12T00:20:11Z,77.0,Charge 6
2025-11-12T00:20:14Z,77.0,Charge 6
2025-11-12T00:20:15Z,75.0,Charge 6
2025-11-12T00:20:18Z,74.0,Charge 6
2025-11-12T00:20:20Z,73.0,Charge 6
2025-11-12T00:20:22Z,73.0,Charge 6
2025-11-12T00:20:24Z,72.0,Charge 6
2025-11-12T00:20:26Z,73.0,Charge 6
2025-11-12T00:20:28Z,74.0,Charge 6
2025-11-12T00:20:31Z,74.0,Charge 6
2025-11-12T00:20:34Z,75.0,Charge 6
2025-11-12T00:20:36Z,74.0,Charge 6
2025-11-12T00:20:38Z,74.0,Charge 6
2025-11-12T00:20:41Z,74.0,Charge 6
2025-11-12T00:20:42Z,74.0,Charge 6
2025-11-12T00:20:43Z,76.0,Charge 6
2025-11-12T00:20:45Z,77.0,Charge 6
2025-11-12T00:20:47Z,78.0,Charge 6
2025-11-12T00:20:49Z,79.0,Charge 6
2025-11-12T00:20:51Z,80.0,Charge 6
2025-11-12T00:20:53Z,81.0,Charge 6
2025-11-12T00:20:55Z,82.0,Charge 6
2025-11-12T00:20:57Z,82.0,Charge 6
2025-11-12T00:21:00Z,82.0,Charge 6
2025-11-12T00:21:01Z,81.0,Charge 6
2025-11-12T00:21:03Z,80.0,Charge 6
2025-11-12T00:21:06Z,80.0,Charge 6
2025-11-12T00:21:09Z,80.0,Charge 6
2025-11-12T00:21:12Z,80.0,Charge 6
2025-11-12T00:21:14Z,79.0,Charge 6
2025-11-12T00:21:16Z,79.0,Charge 6
2025-11-12T00:21:18Z,80.0,Charge 6
2025-11-12T00:21:20Z,79.0,Charge 6
2025-11-12T00:21:22Z,78.0,Charge 6
2025-11-12T00:21:24Z,80.0,Charge 6
2025-11-12T00:21:27Z,80.0,Charge 6
2025-11-12T00:21:28Z,78.0,Charge 6
2025-11-12T00:21:30Z,77.0,Charge 6
2025-11-12T00:21:31Z,76.0,Charge 6
2025-11-12T00:21:34Z,76.0,Charge 6
2025-11-12T00:21:35Z,76.0,Charge 6
2025-11-12T00:21:37Z,78.0,Charge 6
2025-11-12T00:21:40Z,78.0,Charge 6
2025-11-12T00:21:43Z,78.0,Charge 6
2025-11-12T00:21:45Z,76.0,Charge 6
2025-11-12T00:21:47Z,76.0,Charge 6
2025-11-12T00:21:49Z,77.0,Charge 6
2025-11-12T00:21:51Z,78.0,Charge 6
2025-11-12T00:21:54Z,78.0,Charge 6
2025-11-12T00:21:57Z,78.0,Charge 6
2025-11-12T00:22:00Z,78.0,Charge 6
2025-11-12T00:22:03Z,78.0,Charge 6
2025-11-12T00:22:04Z,78.0,Charge 6
2025-11-12T00:22:07Z,78.0,Charge 6
2025-11-12T00:22:10Z,76.0,Charge 6
2025-11-12T00:22:13Z,76.0,Charge 6
2025-11-12T00:22:16Z,76.0,Charge 6
2025-11-12T00:22:18Z,79.0,Charge 6
2025-11-12T00:22:19Z,80.0,Charge 6
2025-11-12T00:22:21Z,79.0,Charge 6
2025-11-12T00:22:23Z,78.0,Charge 6
2025-11-12T00:22:26Z,78.0,Charge 6
2025-11-12T00:22:29Z,78.0,Charge 6
2025-11-12T00:22:31Z,78.0,Charge 6
2025-11-12T00:22:33Z,79.0,Charge 6
2025-11-12T00:22:36Z,79.0,Charge 6
2025-11-12T00:22:37Z,80.0,Charge 6
2025-11-12T00:22:39Z,79.0,Charge 6
2025-11-12T00:22:40Z,78.0,Charge 6
2025-11-12T00:22:42Z,78.0,Charge 6
2025-11-12T00:22:44Z,77.0,Charge 6
2025-11-12T00:22:47Z,76.0,Charge 6
2025-11-12T00:22:50Z,76.0,Charge 6
2025-11-12T00:22:51Z,77.0,Charge 6
2025-11-12T00:22:53Z,78.0,Charge 6
2025-11-12T00:22:55Z,76.0,Charge 6
2025-11-12T00:22:57Z,78.0,Charge 6
2025-11-12T00:23:00Z,78.0,Charge 6
2025-11-12T00:23:01Z,79.0,Charge 6
2025-11-12T00:23:03Z,77.0,Charge 6
2025-11-12T00:23:05Z,76.0,Charge 6
2025-11-12T00:23:07Z,77.0,Charge 6
2025-11-12T00:23:09Z,78.0,Charge 6
2025-11-12T00:23:11Z,77.0,Charge 6
2025-11-12T00:23:12Z,76.0,Charge 6
2025-11-12T00:23:14Z,74.0,Charge 6
2025-11-12T00:23:16Z,74.0,Charge 6
2025-11-12T00:23:18Z,74.0,Charge 6
2025-11-12T00:23:20Z,75.0,Charge 6
2025-11-12T00:23:22Z,76.0,Charge 6
2025-11-12T00:23:24Z,76.0,Charge 6
2025-11-12T00:23:26Z,78.0,Charge 6
2025-11-12T00:23:29Z,78.0,Charge 6
2025-11-12T00:23:30Z,80.0,Charge 6
2025-11-12T00:23:32Z,81.0,Charge 6
2025-11-12T00:23:34Z,82.0,Charge 6
2025-11-12T00:23:37Z,82.0,Charge 6
2025-11-12T00:23:39Z,82.0,Charge 6
2025-11-12T00:23:41Z,84.0,Charge 6
2025-11-12T00:23:44Z,84.0,Charge 6
2025-11-12T00:23:45Z,83.0,Charge 6
2025-11-12T00:23:47Z,81.0,Charge 6
2025-11-12T00:23:49Z,78.0,Charge 6
2025-11-12T00:23:51Z,77.0,Charge 6
2025-11-12T00:23:53Z,76.0,Charge 6
2025-11-12T00:23:56Z,76.0,Charge 6
2025-11-12T00:23:57Z,75.0,Charge 6
2025-11-12T00:23:59Z,74.0,Charge 6
2025-11-12T00:24:02Z,74.0,Charge 6
2025-11-12T00:24:05Z,74.0,Charge 6
2025-11-12T00:24:08Z,74.0,Charge 6
2025-11-12T00:24:11Z,74.0,Charge 6
2025-11-12T00:24:12Z,73.0,Charge 6
2025-11-12T00:24:14Z,73.0,Charge 6
2025-11-12T00:24:16Z,74.0,Charge 6
2025-11-12T00:24:18Z,76.0,Charge 6
2025-11-12T00:24:20Z,77.0,Charge 6
2025-11-12T00:24:23Z,76.0,Charge 6
2025-11-12T00:24:26Z,76.0,Charge 6
2025-11-12T00:24:27Z,77.0,Charge 6
2025-11-12T00:24:30Z,77.0,Charge 6
2025-11-12T00:24:31Z,76.0,Charge 6
2025-11-12T00:24:34Z,76.0,Charge 6
2025-11-12T00:24:35Z,75.0,Charge 6
2025-11-12T00:24:38Z,75.0,Charge 6
2025-11-12T00:24:41Z,74.0,Charge 6
2025-11-12T00:24:44Z,74.0,Charge 6
2025-11-12T00:24:45Z,72.0,Charge 6
2025-11-12T00:24:48Z,72.0,Charge 6
2025-11-12T00:24:50Z,71.0,Charge 6
2025-11-12T00:24:53Z,71.0,Charge 6
2025-11-12T00:24:56Z,72.0,Charge 6
2025-11-12T00:24:59Z,72.0,Charge 6
2025-11-12T00:25:00Z,73.0,Charge 6
2025-11-12T00:25:03Z,73.0,Charge 6
2025-11-12T00:25:04Z,74.0,Charge 6
2025-11-12T00:25:07Z,74.0,Charge 6
2025-11-12T00:25:10Z,73.0,Charge 6
2025-11-12T00:25:11Z,72.0,Charge 6
2025-11-12T00:25:13Z,73.0,Charge 6
2025-11-12T00:25:15Z,73.0,Charge 6
2025-11-12T00:25:18Z,73.0,Charge 6
2025-11-12T00:25:21Z,73.0,Charge 6
2025-11-12T00:25:24Z,73.0,Charge 6
2025-11-12T00:25:27Z,73.0,Charge 6
2025-11-12T00:25:29Z,72.0,Charge 6
2025-11-12T00:25:32Z,72.0,Charge 6
2025-11-12T00:25:35Z,72.0,Charge 6
2025-11-12T00:25:38Z,72.0,Charge 6
2025-11-12T00:25:40Z,74.0,Charge 6
2025-11-12T00:25:43Z,74.0,Charge 6
2025-11-12T00:25:44Z,74.0,Charge 6
2025-11-12T00:25:47Z,74.0,Charge 6
2025-11-12T00:25:48Z,74.0,Charge 6
2025-11-12T00:25:50Z,74.0,Charge 6
2025-11-12T00:25:52Z,73.0,Charge 6
2025-11-12T00:25:55Z,73.0,Charge 6
2025-11-12T00:25:58Z,74.0,Charge 6
2025-11-12T00:25:59Z,77.0,Charge 6
2025-11-12T00:26:02Z,77.0,Charge 6
2025-11-12T00:26:03Z,76.0,Charge 6
2025-11-12T00:26:05Z,74.0,Charge 6
2025-11-12T00:26:07Z,73.0,Charge 6
2025-11-12T00:26:09Z,74.0,Charge 6
2025-11-12T00:26:11Z,76.0,Charge 6
2025-11-12T00:26:14Z,76.0,Charge 6
2025-11-12T00:26:17Z,76.0,Charge 6
2025-11-12T00:26:19Z,76.0,Charge 6
2025-11-12T00:26:22Z,76.0,Charge 6
2025-11-12T00:26:25Z,76.0,Charge 6
2025-11-12T00:26:28Z,76.0,Charge 6
2025-11-12T00:26:30Z,75.0,Charge 6
2025-11-12T00:26:32Z,74.0,Charge 6
2025-11-12T00:26:34Z,74.0,Charge 6
2025-11-12T00:26:37Z,74.0,Charge 6
2025-11-12T00:26:38Z,75.0,Charge 6
2025-11-12T00:26:41Z,75.0,Charge 6
2025-11-12T00:26:42Z,76.0,Charge 6
2025-11-12T00:26:45Z,76.0,Charge 6
2025-11-12T00:26:48Z,76.0,Charge 6
2025-11-12T00:26:51Z,76.0,Charge 6
2025-11-12T00:26:53Z,77.0,Charge 6
2025-11-12T00:26:55Z,78.0,Charge 6
2025-11-12T00:26:57Z,79.0,Charge 6
2025-11-12T00:26:59Z,82.0,Charge 6
2025-11-12T00:27:01Z,84.0,Charge 6
2025-11-12T00:27:04Z,84.0,Charge 6
2025-11-12T00:27:05Z,82.0,Charge 6
2025-11-12T00:27:07Z,81.0,Charge 6
2025-11-12T00:27:09Z,78.0,Charge 6
2025-11-12T00:27:11Z,79.0,Charge 6
2025-11-12T00:27:14Z,80.0,Charge 6
2025-11-12T00:27:17Z,80.0,Charge 6
2025-11-12T00:27:20Z,81.0,Charge 6
2025-11-12T00:27:22Z,82.0,Charge 6
2025-11-12T00:27:24Z,77.0,Charge 6
2025-11-12T00:27:26Z,75.0,Charge 6
2025-11-12T00:27:28Z,74.0,Charge 6
2025-11-12T00:27:30Z,76.0,Charge 6
2025-11-12T00:27:32Z,79.0,Charge 6
2025-11-12T00:27:34Z,80.0,Charge 6
2025-11-12T00:27:35Z,83.0,Charge 6
2025-11-12T00:27:37Z,86.0,Charge 6
2025-11-12T00:27:39Z,89.0,Charge 6
2025-11-12T00:27:41Z,90.0,Charge 6
2025-11-12T00:27:43Z,91.0,Charge 6
2025-11-12T00:27:45Z,90.0,Charge 6
2025-11-12T00:27:47Z,88.0,Charge 6
2025-11-12T00:27:49Z,85.0,Charge 6
2025-11-12T00:27:51Z,83.0,Charge 6
2025-11-12T00:27:53Z,82.0,Charge 6
2025-11-12T00:27:55Z,80.0,Charge 6
2025-11-12T00:27:57Z,79.0,Charge 6
2025-11-12T00:27:59Z,78.0,Charge 6
2025-11-12T00:28:02Z,78.0,Charge 6
2025-11-12T00:28:04Z,79.0,Charge 6
2025-11-12T00:28:06Z,78.0,Charge 6
2025-11-12T00:28:09Z,78.0,Charge 6
2025-11-12T00:28:12Z,78.0,Charge 6
2025-11-12T00:28:14Z,76.0,Charge 6
2025-11-12T00:28:16Z,75.0,Charge 6
2025-11-12T00:28:18Z,74.0,Charge 6
2025-11-12T00:28:21Z,74.0,Charge 6
2025-11-12T00:28:22Z,72.0,Charge 6
2025-11-12T00:28:25Z,72.0,Charge 6
2025-11-12T00:28:27Z,73.0,Charge 6
2025-11-12T00:28:29Z,74.0,Charge 6
2025-11-12T00:28:32Z,74.0,Charge 6
2025-11-12T00:28:33Z,75.0,Charge 6
2025-11-12T00:28:35Z,76.0,Charge 6
2025-11-12T00:28:37Z,75.0,Charge 6
2025-11-12T00:28:39Z,76.0,Charge 6
2025-11-12T00:28:41Z,74.0,Charge 6
2025-11-12T00:28:44Z,74.0,Charge 6
2025-11-12T00:28:45Z,73.0,Charge 6
2025-11-12T00:28:48Z,72.0,Charge 6
2025-11-12T00:28:51Z,72.0,Charge 6
2025-11-12T00:28:54Z,73.0,Charge 6
2025-11-12T00:28:56Z,76.0,Charge 6
2025-11-12T00:28:58Z,78.0,Charge 6
2025-11-12T00:29:00Z,76.0,Charge 6
2025-11-12T00:29:02Z,78.0,Charge 6
2025-11-12T00:29:04Z,77.0,Charge 6
2025-11-12T00:29:06Z,76.0,Charge 6
2025-11-12T00:29:09Z,76.0,Charge 6
2025-11-12T00:29:12Z,76.0,Charge 6
2025-11-12T00:29:13Z,78.0,Charge 6
2025-11-12T00:29:15Z,77.0,Charge 6
2025-11-12T00:29:17Z,76.0,Charge 6
2025-11-12T00:29:20Z,76.0,Charge 6
2025-11-12T00:29:23Z,75.0,Charge 6
2025-11-12T00:29:25Z,77.0,Charge 6
2025-11-12T00:29:28Z,77.0,Charge 6
2025-11-12T00:29:29Z,76.0,Charge 6
2025-11-12T00:29:32Z,76.0,Charge 6
2025-11-12T00:29:33Z,75.0,Charge 6
2025-11-12T00:29:35Z,75.0,Charge 6
2025-11-12T00:29:36Z,76.0,Charge 6
2025-11-12T00:29:39Z,76.0,Charge 6
2025-11-12T00:29:40Z,74.0,Charge 6
2025-11-12T00:29:43Z,74.0,Charge 6
2025-11-12T00:29:44Z,72.0,Charge 6
2025-11-12T00:29:47Z,72.0,Charge 6
2025-11-12T00:29:48Z,72.0,Charge 6
2025-11-12T00:29:51Z,72.0,Charge 6
2025-11-12T00:29:54Z,72.0,Charge 6
2025-11-12T00:29:56Z,72.0,Charge 6
2025-11-12T00:29:58Z,74.0,Charge 6
2025-11-12T00:30:01Z,74.0,Charge 6
2025-11-12T00:30:04Z,74.0,Charge 6
2025-11-12T00:30:05Z,75.0,Charge 6
2025-11-12T00:30:07Z,76.0,Charge 6
2025-11-12T00:30:09Z,78.0,Charge 6
2025-11-12T00:30:11Z,78.0,Charge 6
2025-11-12T00:30:14Z,78.0,Charge 6
2025-11-12T00:30:15Z,77.0,Charge 6
2025-11-12T00:30:18Z,77.0,Charge 6
2025-11-12T00:30:21Z,77.0,Charge 6
2025-11-12T00:30:23Z,76.0,Charge 6
2025-11-12T00:30:26Z,76.0,Charge 6
2025-11-12T00:30:28Z,74.0,Charge 6
2025-11-12T00:30:31Z,74.0,Charge 6
2025-11-12T00:30:32Z,74.0,Charge 6
2025-11-12T00:30:35Z,74.0,Charge 6
2025-11-12T00:30:36Z,73.0,Charge 6
2025-11-12T00:30:39Z,73.0,Charge 6
2025-11-12T00:30:40Z,74.0,Charge 6
2025-11-12T00:30:43Z,74.0,Charge 6
2025-11-12T00:30:44Z,75.0,Charge 6
2025-11-12T00:30:46Z,76.0,Charge 6
2025-11-12T00:30:47Z,78.0,Charge 6
2025-11-12T00:30:49Z,79.0,Charge 6
2025-11-12T00:30:51Z,82.0,Charge 6
2025-11-12T00:30:53Z,87.0,Charge 6
2025-11-12T00:30:55Z,90.0,Charge 6
2025-11-12T00:30:57Z,92.0,Charge 6
2025-11-12T00:31:00Z,92.0,Charge 6
2025-11-12T00:31:03Z,92.0,Charge 6
2025-11-12T00:31:05Z,93.0,Charge 6
2025-11-12T00:31:08Z,93.0,Charge 6
2025-11-12T00:31:09Z,94.0,Charge 6
2025-11-12T00:31:11Z,86.0,Charge 6
2025-11-12T00:31:12Z,83.0,Charge 6
2025-11-12T00:31:15Z,83.0,Charge 6
2025-11-12T00:31:16Z,82.0,Charge 6
2025-11-12T00:31:18Z,80.0,Charge 6
2025-11-12T00:31:20Z,77.0,Charge 6
2025-11-12T00:31:22Z,76.0,Charge 6
2025-11-12T00:31:24Z,75.0,Charge 6
2025-11-12T00:31:27Z,75.0,Charge 6
2025-11-12T00:31:28Z,74.0,Charge 6
2025-11-12T00:31:30Z,73.0,Charge 6
2025-11-12T00:31:32Z,72.0,Charge 6
2025-11-12T00:31:34Z,71.0,Charge 6
2025-11-12T00:31:35Z,70.0,Charge 6
2025-11-12T00:31:38Z,70.0,Charge 6
2025-11-12T00:31:39Z,70.0,Charge 6
2025-11-12T00:31:42Z,70.0,Charge 6
2025-11-12T00:31:43Z,71.0,Charge 6
2025-11-12T00:31:45Z,72.0,Charge 6
2025-11-12T00:31:48Z,72.0,Charge 6
2025-11-12T00:31:51Z,72.0,Charge 6
2025-11-12T00:31:53Z,72.0,Charge 6
2025-11-12T00:31:55Z,72.0,Charge 6
2025-11-12T00:31:58Z,72.0,Charge 6
2025-11-12T00:31:59Z,70.0,Charge 6
2025-11-12T00:32:00Z,69.0,Charge 6
2025-11-12T00:32:02Z,69.0,Charge 6
2025-11-12T00:32:04Z,69.0,Charge 6
2025-11-12T00:32:06Z,69.0,Charge 6
2025-11-12T00:32:08Z,69.0,Charge 6
2025-11-12T00:32:10Z,70.0,Charge 6
2025-11-12T00:32:13Z,70.0,Charge 6
2025-11-12T00:32:14Z,71.0,Charge 6
2025-11-12T00:32:16Z,72.0,Charge 6
2025-11-12T00:32:19Z,72.0,Charge 6
2025-11-12T00:32:22Z,71.0,Charge 6
2025-11-12T00:32:23Z,72.0,Charge 6
2025-11-12T00:32:26Z,72.0,Charge 6
2025-11-12T00:32:29Z,72.0,Charge 6
2025-11-12T00:32:31Z,71.0,Charge 6
2025-11-12T00:32:34Z,71.0,Charge 6
2025-11-12T00:32:35Z,72.0,Charge 6
2025-11-12T00:32:38Z,72.0,Charge 6
2025-11-12T00:32:41Z,72.0,Charge 6
2025-11-12T00:32:43Z,73.0,Charge 6
2025-11-12T00:32:45Z,74.0,Charge 6
2025-11-12T00:32:48Z,74.0,Charge 6
2025-11-12T00:32:51Z,74.0,Charge 6
2025-11-12T00:32:54Z,74.0,Charge 6
2025-11-12T00:32:56Z,73.0,Charge 6
2025-11-12T00:32:58Z,72.0,Charge 6
2025-11-12T00:33:01Z,72.0,Charge 6
2025-11-12T00:33:04Z,71.0,Charge 6
2025-11-12T00:33:07Z,71.0,Charge 6
2025-11-12T00:33:08Z,70.0,Charge 6
2025-11-12T00:33:10Z,70.0,Charge 6
2025-11-12T00:33:11Z,71.0,Charge 6
2025-11-12T00:33:13Z,72.0,Charge 6
2025-11-12T00:33:16Z,72.0,Charge 6
2025-11-12T00:33:19Z,73.0,Charge 6
2025-11-12T00:33:22Z,73.0,Charge 6
2025-11-12T00:33:23Z,72.0,Charge 6
2025-11-12T00:33:25Z,74.0,Charge 6
2025-11-12T00:33:27Z,73.0,Charge 6
2025-11-12T00:33:30Z,73.0,Charge 6
2025-11-12T00:33:33Z,73.0,Charge 6
2025-11-12T00:33:35Z,74.0,Charge 6
2025-11-12T00:33:36Z,73.0,Charge 6
2025-11-12T00:33:39Z,73.0,Charge 6
2025-11-12T00:33:40Z,72.0,Charge 6
2025-11-12T00:33:43Z,72.0,Charge 6
2025-11-12T00:33:46Z,72.0,Charge 6
2025-11-12T00:33:49Z,72.0,Charge 6
2025-11-12T00:33:52Z,74.0,Charge 6
2025-11-12T00:33:54Z,75.0,Charge 6
2025-11-12T00:33:56Z,77.0,Charge 6
2025-11-12T00:33:59Z,78.0,Charge 6
2025-11-12T00:34:01Z,80.0,Charge 6
2025-11-12T00:34:03Z,78.0,Charge 6
2025-11-12T00:34:05Z,90.0,Charge 6
2025-11-12T00:34:07Z,94.0,Charge 6
2025-11-12T00:34:09Z,99.0,Charge 6
2025-11-12T00:34:11Z,104.0,Charge 6
2025-11-12T00:34:13Z,102.0,Charge 6
2025-11-12T00:34:15Z,86.0,Charge 6
2025-11-12T00:34:17Z,77.0,Charge 6
2025-11-12T00:34:19Z,80.0,Charge 6
2025-11-12T00:34:21Z,79.0,Charge 6
2025-11-12T00:34:23Z,73.0,Charge 6
2025-11-12T00:34:26Z,70.0,Charge 6
2025-11-12T00:34:28Z,68.0,Charge 6
2025-11-12T00:34:30Z,69.0,Charge 6
2025-11-12T00:34:33Z,69.0,Charge 6
2025-11-12T00:34:34Z,70.0,Charge 6
2025-11-12T00:34:36Z,71.0,Charge 6
2025-11-12T00:34:38Z,73.0,Charge 6
2025-11-12T00:34:41Z,73.0,Charge 6
2025-11-12T00:34:44Z,71.0,Charge 6
2025-11-12T00:34:46Z,70.0,Charge 6
2025-11-12T00:34:49Z,70.0,Charge 6
2025-11-12T00:34:52Z,70.0,Charge 6
2025-11-12T00:34:55Z,72.0,Charge 6
2025-11-12T00:34:57Z,74.0,Charge 6
2025-11-12T00:34:59Z,76.0,Charge 6
2025-11-12T00:35:01Z,78.0,Charge 6
2025-11-12T00:35:03Z,79.0,Charge 6
2025-11-12T00:35:05Z,77.0,Charge 6
2025-11-12T00:35:07Z,75.0,Charge 6
2025-11-12T00:35:09Z,74.0,Charge 6
2025-11-12T00:35:12Z,75.0,Charge 6
2025-11-12T00:35:15Z,75.0,Charge 6
2025-11-12T00:35:16Z,77.0,Charge 6
2025-11-12T00:35:18Z,76.0,Charge 6
2025-11-12T00:35:20Z,75.0,Charge 6
2025-11-12T00:35:22Z,74.0,Charge 6
2025-11-12T00:35:24Z,73.0,Charge 6
2025-11-12T00:35:26Z,72.0,Charge 6
2025-11-12T00:35:29Z,72.0,Charge 6
2025-11-12T00:35:30Z,70.0,Charge 6
2025-11-12T00:35:33Z,70.0,Charge 6
2025-11-12T00:35:35Z,69.0,Charge 6
2025-11-12T00:35:37Z,68.0,Charge 6
2025-11-12T00:35:40Z,68.0,Charge 6
2025-11-12T00:35:41Z,69.0,Charge 6
2025-11-12T00:35:44Z,69.0,Charge 6
2025-11-12T00:35:45Z,70.0,Charge 6
2025-11-12T00:35:48Z,70.0,Charge 6
2025-11-12T00:35:51Z,70.0,Charge 6
2025-11-12T00:35:54Z,70.0,Charge 6
2025-11-12T00:35:55Z,69.0,Charge 6
2025-11-12T00:35:57Z,68.0,Charge 6
2025-11-12T00:35:59Z,69.0,Charge 6
2025-11-12T00:36:02Z,70.0,Charge 6
2025-11-12T00:36:04Z,72.0,Charge 6
2025-11-12T00:36:06Z,74.0,Charge 6
2025-11-12T00:36:08Z,76.0,Charge 6
2025-11-12T00:36:10Z,78.0,Charge 6
2025-11-12T00:36:12Z,79.0,Charge 6
2025-11-12T00:36:14Z,80.0,Charge 6
2025-11-12T00:36:16Z,79.0,Charge 6
2025-11-12T00:36:18Z,80.0,Charge 6
2025-11-12T00:36:20Z,81.0,Charge 6
2025-11-12T00:36:22Z,80.0,Charge 6
2025-11-12T00:36:25Z,82.0,Charge 6
2025-11-12T00:36:27Z,80.0,Charge 6
2025-11-12T00:36:29Z,78.0,Charge 6
2025-11-12T00:36:32Z,78.0,Charge 6
2025-11-12T00:36:33Z,77.0,Charge 6
2025-11-12T00:36:35Z,76.0,Charge 6
2025-11-12T00:36:38Z,76.0,Charge 6
2025-11-12T00:36:41Z,75.0,Charge 6
2025-11-12T00:36:43Z,74.0,Charge 6
2025-11-12T00:36:45Z,72.0,Charge 6
2025-11-12T00:36:48Z,71.0,Charge 6
2025-11-12T00:36:50Z,70.0,Charge 6
2025-11-12T00:36:52Z,70.0,Charge 6
2025-11-12T00:36:55Z,70.0,Charge 6
2025-11-12T00:36:58Z,70.0,Charge 6
2025-11-12T00:37:00Z,69.0,Charge 6
2025-11-12T00:37:02Z,68.0,Charge 6
2025-11-12T00:37:04Z,68.0,Charge 6
2025-11-12T00:37:07Z,68.0,Charge 6
2025-11-12T00:37:08Z,69.0,Charge 6
2025-11-12T00:37:11Z,68.0,Charge 6
2025-11-12T00:37:13Z,69.0,Charge 6
2025-11-12T00:37:15Z,70.0,Charge 6
2025-11-12T00:37:17Z,72.0,Charge 6
2025-11-12T00:37:20Z,72.0,Charge 6
2025-11-12T00:37:23Z,71.0,Charge 6
2025-11-12T00:37:25Z,72.0,Charge 6
2025-11-12T00:37:28Z,72.0,Charge 6
2025-11-12T00:37:31Z,72.0,Charge 6
2025-11-12T00:37:33Z,71.0,Charge 6
2025-11-12T00:37:36Z,71.0,Charge 6
2025-11-12T00:37:39Z,71.0,Charge 6
2025-11-12T00:37:42Z,70.0,Charge 6
2025-11-12T00:37:45Z,70.0,Charge 6
2025-11-12T00:37:48Z,70.0,Charge 6
2025-11-12T00:37:51Z,70.0,Charge 6
2025-11-12T00:37:52Z,70.0,Charge 6
2025-11-12T00:37:55Z,70.0,Charge 6
2025-11-12T00:37:58Z,70.0,Charge 6
2025-11-12T00:38:01Z,70.0,Charge 6
2025-11-12T00:38:04Z,70.0,Charge 6
2025-11-12T00:38:07Z,70.0,Charge 6
2025-11-12T00:38:10Z,70.0,Charge 6
2025-11-12T00:38:11Z,71.0,Charge 6
2025-11-12T00:38:13Z,72.0,Charge 6
2025-11-12T00:38:15Z,73.0,Charge 6
2025-11-12T00:38:18Z,73.0,Charge 6
2025-11-12T00:38:19Z,72.0,Charge 6
2025-11-12T00:38:22Z,72.0,Charge 6
2025-11-12T00:38:25Z,72.0,Charge 6
2025-11-12T00:38:27Z,71.0,Charge 6
2025-11-12T00:38:29Z,70.0,Charge 6
2025-11-12T00:38:32Z,70.0,Charge 6
2025-11-12T00:38:35Z,70.0,Charge 6
2025-11-12T00:38:36Z,71.0,Charge 6
2025-11-12T00:38:39Z,71.0,Charge 6
2025-11-12T00:38:40Z,70.0,Charge 6
2025-11-12T00:38:43Z,70.0,Charge 6
2025-11-12T00:38:46Z,70.0,Charge 6
2025-11-12T00:38:49Z,70.0,Charge 6
2025-11-12T00:38:50Z,71.0,Charge 6
2025-11-12T00:38:53Z,71.0,Charge 6
2025-11-12T00:38:56Z,71.0,Charge 6
2025-11-12T00:38:59Z,70.0,Charge 6
2025-11-12T00:39:02Z,70.0,Charge 6
2025-11-12T00:39:03Z,71.0,Charge 6
2025-11-12T00:39:05Z,72.0,Charge 6
2025-11-12T00:39:08Z,72.0,Charge 6
2025-11-12T00:39:09Z,73.0,Charge 6
2025-11-12T00:39:11Z,74.0,Charge 6
2025-11-12T00:39:13Z,75.0,Charge 6
2025-11-12T00:39:15Z,77.0,Charge 6
2025-11-12T00:39:17Z,80.0,Charge 6
2025-11-12T00:39:18Z,84.0,Charge 6
2025-11-12T00:39:20Z,84.0,Charge 6
2025-11-12T00:39:22Z,82.0,Charge 6
2025-11-12T00:39:24Z,79.0,Charge 6
2025-11-12T00:39:26Z,77.0,Charge 6
2025-11-12T00:39:28Z,77.0,Charge 6
2025-11-12T00:39:31Z,77.0,Charge 6
2025-11-12T00:39:32Z,76.0,Charge 6
2025-11-12T00:39:34Z,73.0,Charge 6
2025-11-12T00:39:36Z,71.0,Charge 6
2025-11-12T00:39:38Z,72.0,Charge 6
2025-11-12T00:39:40Z,74.0,Charge 6
2025-11-12T00:39:42Z,76.0,Charge 6
2025-11-12T00:39:43Z,77.0,Charge 6
2025-11-12T00:39:45Z,79.0,Charge 6
2025-11-12T00:39:47Z,80.0,Charge 6
2025-11-12T00:39:49Z,83.0,Charge 6
2025-11-12T00:39:51Z,90.0,Charge 6
2025-11-12T00:39:53Z,92.0,Charge 6
2025-11-12T00:39:55Z,94.0,Charge 6
2025-11-12T00:39:57Z,95.0,Charge 6
2025-11-12T00:39:59Z,96.0,Charge 6
2025-11-12T00:40:02Z,96.0,Charge 6
2025-11-12T00:40:03Z,98.0,Charge 6
2025-11-12T00:40:05Z,97.0,Charge 6
2025-11-12T00:40:06Z,91.0,Charge 6
2025-11-12T00:40:08Z,88.0,Charge 6
2025-11-12T00:40:10Z,88.0,Charge 6
2025-11-12T00:40:12Z,86.0,Charge 6
2025-11-12T00:40:14Z,84.0,Charge 6
2025-11-12T00:40:16Z,82.0,Charge 6
2025-11-12T00:40:18Z,80.0,Charge 6
2025-11-12T00:40:20Z,82.0,Charge 6
2025-11-12T00:40:22Z,83.0,Charge 6
2025-11-12T00:40:24Z,81.0,Charge 6
2025-11-12T00:40:26Z,83.0,Charge 6
2025-11-12T00:40:28Z,84.0,Charge 6
2025-11-12T00:40:30Z,80.0,Charge 6
2025-11-12T00:40:31Z,76.0,Charge 6
2025-11-12T00:40:33Z,75.0,Charge 6
2025-11-12T00:40:35Z,74.0,Charge 6
2025-11-12T00:40:37Z,74.0,Charge 6
2025-11-12T00:40:40Z,74.0,Charge 6
2025-11-12T00:40:41Z,73.0,Charge 6
2025-11-12T00:40:43Z,74.0,Charge 6
2025-11-12T00:40:45Z,75.0,Charge 6
2025-11-12T00:40:47Z,73.0,Charge 6
2025-11-12T00:40:49Z,72.0,Charge 6
2025-11-12T00:40:51Z,70.0,Charge 6
2025-11-12T00:40:53Z,67.0,Charge 6
2025-11-12T00:40:54Z,70.0,Charge 6
2025-11-12T00:40:57Z,70.0,Charge 6
2025-11-12T00:40:58Z,67.0,Charge 6
2025-11-12T00:41:01Z,67.0,Charge 6
2025-11-12T00:41:02Z,66.0,Charge 6
2025-11-12T00:41:04Z,67.0,Charge 6
2025-11-12T00:41:06Z,70.0,Charge 6
2025-11-12T00:41:09Z,70.0,Charge 6
2025-11-12T00:41:12Z,70.0,Charge 6
2025-11-12T00:41:14Z,67.0,Charge 6
2025-11-12T00:41:16Z,65.0,Charge 6
2025-11-12T00:41:19Z,67.0,Charge 6
2025-11-12T00:41:21Z,70.0,Charge 6
2025-11-12T00:41:23Z,71.0,Charge 6
2025-11-12T00:41:25Z,74.0,Charge 6
2025-11-12T00:41:27Z,78.0,Charge 6
2025-11-12T00:41:29Z,79.0,Charge 6
2025-11-12T00:41:31Z,86.0,Charge 6
2025-11-12T00:41:34Z,86.0,Charge 6
2025-11-12T00:41:35Z,87.0,Charge 6
2025-11-12T00:41:37Z,84.0,Charge 6
2025-11-12T00:41:39Z,79.0,Charge 6
2025-11-12T00:41:41Z,74.0,Charge 6
2025-11-12T00:41:42Z,66.0,Charge 6
2025-11-12T00:41:44Z,65.0,Charge 6
2025-11-12T00:41:46Z,66.0,Charge 6
2025-11-12T00:41:48Z,65.0,Charge 6
2025-11-12T00:41:51Z,65.0,Charge 6
2025-11-12T00:41:52Z,66.0,Charge 6
2025-11-12T00:41:54Z,66.0,Charge 6
2025-11-12T00:41:57Z,66.0,Charge 6
2025-11-12T00:41:58Z,67.0,Charge 6
2025-11-12T00:42:01Z,67.0,Charge 6
2025-11-12T00:42:02Z,70.0,Charge 6
2025-11-12T00:42:04Z,76.0,Charge 6
2025-11-12T00:42:06Z,77.0,Charge 6
2025-11-12T00:42:07Z,78.0,Charge 6
2025-11-12T00:42:09Z,81.0,Charge 6
2025-11-12T00:42:11Z,80.0,Charge 6
2025-11-12T00:42:13Z,81.0,Charge 6
2025-11-12T00:42:16Z,81.0,Charge 6
2025-11-12T00:42:17Z,80.0,Charge 6
2025-11-12T00:42:19Z,79.0,Charge 6
2025-11-12T00:42:22Z,79.0,Charge 6
2025-11-12T00:42:23Z,76.0,Charge 6
2025-11-12T00:42:25Z,75.0,Charge 6
2025-11-12T00:42:27Z,78.0,Charge 6
2025-11-12T00:42:30Z,78.0,Charge 6
2025-11-12T00:42:33Z,78.0,Charge 6
2025-11-12T00:42:36Z,80.0,Charge 6
2025-11-12T00:42:39Z,80.0,Charge 6
2025-11-12T00:42:40Z,81.0,Charge 6
2025-11-12T00:42:42Z,82.0,Charge 6
2025-11-12T00:42:44Z,83.0,Charge 6
2025-11-12T00:42:46Z,84.0,Charge 6
2025-11-12T00:42:48Z,86.0,Charge 6
2025-11-12T00:42:50Z,89.0,Charge 6
2025-11-12T00:42:52Z,92.0,Charge 6
2025-11-12T00:42:54Z,95.0,Charge 6
2025-11-12T00:42:55Z,96.0,Charge 6
2025-11-12T00:42:58Z,96.0,Charge 6
2025-11-12T00:43:01Z,94.0,Charge 6
2025-11-12T00:43:03Z,89.0,Charge 6
2025-11-12T00:43:05Z,88.0,Charge 6
2025-11-12T00:43:08Z,88.0,Charge 6
2025-11-12T00:43:09Z,87.0,Charge 6
2025-11-12T00:43:11Z,88.0,Charge 6
2025-11-12T00:43:14Z,88.0,Charge 6
2025-11-12T00:43:15Z,89.0,Charge 6
2025-11-12T00:43:18Z,89.0,Charge 6
2025-11-12T00:43:20Z,88.0,Charge 6
2025-11-12T00:43:22Z,87.0,Charge 6
2025-11-12T00:43:24Z,86.0,Charge 6
2025-11-12T00:43:27Z,86.0,Charge 6
2025-11-12T00:43:28Z,87.0,Charge 6
2025-11-12T00:43:30Z,93.0,Charge 6
2025-11-12T00:43:32Z,92.0,Charge 6
2025-11-12T00:43:35Z,92.0,Charge 6
2025-11-12T00:43:36Z,94.0,Charge 6
2025-11-12T00:43:38Z,93.0,Charge 6
2025-11-12T00:43:40Z,94.0,Charge 6
2025-11-12T00:43:42Z,95.0,Charge 6
2025-11-12T00:43:43Z,92.0,Charge 6
2025-11-12T00:43:45Z,93.0,Charge 6
2025-11-12T00:43:47Z,89.0,Charge 6
2025-11-12T00:43:49Z,84.0,Charge 6
2025-11-12T00:43:52Z,84.0,Charge 6
2025-11-12T00:43:55Z,85.0,Charge 6
2025-11-12T00:43:58Z,85.0,Charge 6
2025-11-12T00:43:59Z,87.0,Charge 6
2025-11-12T00:44:01Z,88.0,Charge 6
2025-11-12T00:44:03Z,90.0,Charge 6
2025-11-12T00:44:05Z,87.0,Charge 6
2025-11-12T00:44:06Z,90.0,Charge 6
2025-11-12T00:44:08Z,83.0,Charge 6
2025-11-12T00:44:10Z,73.0,Charge 6
2025-11-12T00:44:12Z,75.0,Charge 6
2025-11-12T00:44:14Z,74.0,Charge 6
2025-11-12T00:44:16Z,75.0,Charge 6
2025-11-12T00:44:18Z,78.0,Charge 6
2025-11-12T00:44:20Z,82.0,Charge 6
2025-11-12T00:44:22Z,81.0,Charge 6
2025-11-12T00:44:24Z,85.0,Charge 6
2025-11-12T00:44:26Z,86.0,Charge 6
2025-11-12T00:44:28Z,91.0,Charge 6
2025-11-12T00:44:30Z,92.0,Charge 6
2025-11-12T00:44:31Z,88.0,Charge 6
2025-11-12T00:44:34Z,88.0,Charge 6
2025-11-12T00:44:35Z,85.0,Charge 6
2025-11-12T00:44:37Z,86.0,Charge 6
2025-11-12T00:44:39Z,88.0,Charge 6
2025-11-12T00:44:41Z,89.0,Charge 6
2025-11-12T00:44:43Z,91.0,Charge 6
2025-11-12T00:44:45Z,92.0,Charge 6
2025-11-12T00:44:47Z,85.0,Charge 6
2025-11-12T00:44:49Z,84.0,Charge 6
2025-11-12T00:44:51Z,83.0,Charge 6
2025-11-12T00:44:53Z,82.0,Charge 6
2025-11-12T00:44:56Z,82.0,Charge 6
2025-11-12T00:44:59Z,82.0,Charge 6
2025-11-12T00:45:02Z,82.0,Charge 6
2025-11-12T00:45:04Z,81.0,Charge 6
2025-11-12T00:45:07Z,81.0,Charge 6
2025-11-12T00:45:08Z,82.0,Charge 6
2025-11-12T00:45:10Z,84.0,Charge 6
2025-11-12T00:45:12Z,86.0,Charge 6
2025-11-12T00:45:14Z,87.0,Charge 6
2025-11-12T00:45:16Z,88.0,Charge 6
2025-11-12T00:45:18Z,85.0,Charge 6
2025-11-12T00:45:19Z,80.0,Charge 6
2025-11-12T00:45:21Z,79.0,Charge 6
2025-11-12T00:45:23Z,76.0,Charge 6
2025-11-12T00:45:26Z,76.0,Charge 6
2025-11-12T00:45:29Z,75.0,Charge 6
2025-11-12T00:45:32Z,75.0,Charge 6
2025-11-12T00:45:35Z,75.0,Charge 6
2025-11-12T00:45:37Z,76.0,Charge 6
2025-11-12T00:45:39Z,75.0,Charge 6
2025-11-12T00:45:41Z,74.0,Charge 6
2025-11-12T00:45:42Z,72.0,Charge 6
2025-11-12T00:45:44Z,71.0,Charge 6
2025-11-12T00:45:47Z,71.0,Charge 6
2025-11-12T00:45:48Z,71.0,Charge 6
2025-11-12T00:45:50Z,72.0,Charge 6
2025-11-12T00:45:53Z,72.0,Charge 6
2025-11-12T00:45:54Z,72.0,Charge 6
2025-11-12T00:45:56Z,73.0,Charge 6
2025-11-12T00:45:59Z,73.0,Charge 6
2025-11-12T00:46:02Z,74.0,Charge 6
2025-11-12T00:46:04Z,72.0,Charge 6
2025-11-12T00:46:07Z,72.0,Charge 6
2025-11-12T00:46:10Z,72.0,Charge 6
2025-11-12T00:46:11Z,73.0,Charge 6
2025-11-12T00:46:14Z,73.0,Charge 6
2025-11-12T00:46:17Z,74.0,Charge 6
2025-11-12T00:46:19Z,73.0,Charge 6
2025-11-12T00:46:21Z,72.0,Charge 6
2025-11-12T00:46:23Z,73.0,Charge 6
2025-11-12T00:46:25Z,74.0,Charge 6
2025-11-12T00:46:27Z,73.0,Charge 6
2025-11-12T00:46:30Z,72.0,Charge 6
2025-11-12T00:46:32Z,70.0,Charge 6
2025-11-12T00:46:34Z,70.0,Charge 6
2025-11-12T00:46:36Z,68.0,Charge 6
2025-11-12T00:46:39Z,68.0,Charge 6
2025-11-12T00:46:42Z,67.0,Charge 6
2025-11-12T00:46:45Z,67.0,Charge 6
2025-11-12T00:46:46Z,68.0,Charge 6
2025-11-12T00:46:49Z,68.0,Charge 6
2025-11-12T00:46:50Z,68.0,Charge 6
2025-11-12T00:46:52Z,68.0,Charge 6
2025-11-12T00:46:54Z,67.0,Charge 6
2025-11-12T00:46:55Z,68.0,Charge 6
2025-11-12T00:46:58Z,68.0,Charge 6
2025-11-12T00:46:59Z,67.0,Charge 6
2025-11-12T00:47:01Z,66.0,Charge 6
2025-11-12T00:47:04Z,66.0,Charge 6
2025-11-12T00:47:07Z,66.0,Charge 6
2025-11-12T00:47:09Z,67.0,Charge 6
2025-11-12T00:47:12Z,67.0,Charge 6
2025-11-12T00:47:13Z,68.0,Charge 6
2025-11-12T00:47:15Z,69.0,Charge 6
2025-11-12T00:47:17Z,68.0,Charge 6
2025-11-12T00:47:18Z,67.0,Charge 6
2025-11-12T00:47:20Z,66.0,Charge 6
2025-11-12T00:47:23Z,66.0,Charge 6
2025-11-12T00:47:26Z,66.0,Charge 6
2025-11-12T00:47:28Z,65.0,Charge 6
2025-11-12T00:47:30Z,64.0,Charge 6
2025-11-12T00:47:33Z,64.0,Charge 6
2025-11-12T00:47:34Z,64.0,Charge 6
2025-11-12T00:47:37Z,64.0,Charge 6
2025-11-12T00:47:38Z,64.0,Charge 6
2025-11-12T00:47:41Z,64.0,Charge 6
2025-11-12T00:47:42Z,64.0,Charge 6
2025-11-12T00:47:45Z,64.0,Charge 6
2025-11-12T00:47:48Z,64.0,Charge 6
2025-11-12T00:47:51Z,64.0,Charge 6
2025-11-12T00:47:54Z,64.0,Charge 6
2025-11-12T00:47:57Z,64.0,Charge 6
2025-11-12T00:48:00Z,64.0,Charge 6
2025-11-12T00:48:03Z,64.0,Charge 6
2025-11-12T00:48:05Z,64.0,Charge 6
2025-11-12T00:48:08Z,64.0,Charge 6
2025-11-12T00:48:11Z,64.0,Charge 6
2025-11-12T00:48:12Z,64.0,Charge 6
2025-11-12T00:48:15Z,64.0,Charge 6
2025-11-12T00:48:18Z,64.0,Charge 6
2025-11-12T00:48:21Z,64.0,Charge 6
2025-11-12T00:48:22Z,63.0,Charge 6
2025-11-12T00:48:25Z,63.0,Charge 6
2025-11-12T00:48:28Z,64.0,Charge 6
2025-11-12T00:48:31Z,64.0,Charge 6
2025-11-12T00:48:34Z,64.0,Charge 6
2025-11-12T00:48:37Z,64.0,Charge 6
2025-11-12T00:48:40Z,64.0,Charge 6
2025-11-12T00:48:43Z,64.0,Charge 6
2025-11-12T00:48:45Z,64.0,Charge 6
2025-11-12T00:48:48Z,64.0,Charge 6
2025-11-12T00:48:49Z,65.0,Charge 6
2025-11-12T00:48:51Z,64.0,Charge 6
2025-11-12T00:48:53Z,65.0,Charge 6
2025-11-12T00:48:54Z,67.0,Charge 6
2025-11-12T00:48:56Z,66.0,Charge 6
2025-11-12T00:48:58Z,65.0,Charge 6
2025-11-12T00:49:01Z,65.0,Charge 6
2025-11-12T00:49:04Z,65.0,Charge 6
2025-11-12T00:49:07Z,65.0,Charge 6
2025-11-12T00:49:08Z,64.0,Charge 6
2025-11-12T00:49:11Z,64.0,Charge 6
2025-11-12T00:49:14Z,64.0,Charge 6
2025-11-12T00:49:17Z,64.0,Charge 6
2025-11-12T00:49:18Z,65.0,Charge 6
2025-11-12T00:49:19Z,64.0,Charge 6
2025-11-12T00:49:21Z,65.0,Charge 6
2025-11-12T00:49:24Z,65.0,Charge 6
2025-11-12T00:49:25Z,66.0,Charge 6
2025-11-12T00:49:27Z,65.0,Charge 6
2025-11-12T00:49:30Z,65.0,Charge 6
2025-11-12T00:49:31Z,66.0,Charge 6
2025-11-12T00:49:34Z,66.0,Charge 6
2025-11-12T00:49:35Z,67.0,Charge 6
2025-11-12T00:49:37Z,66.0,Charge 6
2025-11-12T00:49:39Z,67.0,Charge 6
2025-11-12T00:49:41Z,68.0,Charge 6
2025-11-12T00:49:44Z,69.0,Charge 6
2025-11-12T00:49:46Z,71.0,Charge 6
2025-11-12T00:49:48Z,69.0,Charge 6
2025-11-12T00:49:50Z,67.0,Charge 6
2025-11-12T00:49:53Z,67.0,Charge 6
2025-11-12T00:49:54Z,66.0,Charge 6
2025-11-12T00:49:57Z,66.0,Charge 6
2025-11-12T00:49:58Z,67.0,Charge 6
2025-11-12T00:50:00Z,66.0,Charge 6
2025-11-12T00:50:03Z,66.0,Charge 6
2025-11-12T00:50:04Z,66.0,Charge 6
2025-11-12T00:50:07Z,66.0,Charge 6
2025-11-12T00:50:09Z,65.0,Charge 6
2025-11-12T00:50:11Z,66.0,Charge 6
2025-11-12T00:50:14Z,66.0,Charge 6
2025-11-12T00:50:17Z,67.0,Charge 6
2025-11-12T00:50:19Z,66.0,Charge 6
2025-11-12T00:50:21Z,67.0,Charge 6
2025-11-12T00:50:24Z,67.0,Charge 6
2025-11-12T00:50:25Z,70.0,Charge 6
2025-11-12T00:50:28Z,70.0,Charge 6
2025-11-12T00:50:31Z,70.0,Charge 6
2025-11-12T00:50:32Z,69.0,Charge 6
2025-11-12T00:50:35Z,69.0,Charge 6
2025-11-12T00:50:38Z,68.0,Charge 6
2025-11-12T00:50:41Z,68.0,Charge 6
2025-11-12T00:50:42Z,68.0,Charge 6
2025-11-12T00:50:45Z,68.0,Charge 6
2025-11-12T00:50:46Z,67.0,Charge 6
2025-11-12T00:50:48Z,68.0,Charge 6
2025-11-12T00:50:51Z,68.0,Charge 6
2025-11-12T00:50:54Z,69.0,Charge 6
2025-11-12T00:50:55Z,68.0,Charge 6
2025-11-12T00:50:57Z,67.0,Charge 6
2025-11-12T00:51:00Z,67.0,Charge 6
2025-11-12T00:51:03Z,67.0,Charge 6
2025-11-12T00:51:05Z,66.0,Charge 6
2025-11-12T00:51:07Z,64.0,Charge 6
2025-11-12T00:51:10Z,64.0,Charge 6
2025-11-12T00:51:13Z,64.0,Charge 6
2025-11-12T00:51:16Z,64.0,Charge 6
2025-11-12T00:51:18Z,63.0,Charge 6
2025-11-12T00:51:21Z,63.0,Charge 6
2025-11-12T00:51:24Z,64.0,Charge 6
2025-11-12T00:51:27Z,64.0,Charge 6
2025-11-12T00:51:30Z,64.0,Charge 6
2025-11-12T00:51:32Z,65.0,Charge 6
2025-11-12T00:51:35Z,65.0,Charge 6
2025-11-12T00:51:36Z,67.0,Charge 6
2025-11-12T00:51:39Z,67.0,Charge 6
2025-11-12T00:51:40Z,66.0,Charge 6
2025-11-12T00:51:43Z,66.0,Charge 6
2025-11-12T00:51:46Z,66.0,Charge 6
2025-11-12T00:51:47Z,67.0,Charge 6
2025-11-12T00:51:49Z,68.0,Charge 6
2025-11-12T00:51:52Z,68.0,Charge 6
2025-11-12T00:51:55Z,67.0,Charge 6
2025-11-12T00:51:57Z,68.0,Charge 6
2025-11-12T00:52:00Z,68.0,Charge 6
2025-11-12T00:52:01Z,67.0,Charge 6
2025-11-12T00:52:03Z,66.0,Charge 6
2025-11-12T00:52:05Z,65.0,Charge 6
2025-11-12T00:52:08Z,66.0,Charge 6
2025-11-12T00:52:11Z,66.0,Charge 6
2025-11-12T00:52:14Z,66.0,Charge 6
2025-11-12T00:52:17Z,66.0,Charge 6
2025-11-12T00:52:18Z,65.0,Charge 6
2025-11-12T00:52:21Z,65.0,Charge 6
2025-11-12T00:52:22Z,66.0,Charge 6
2025-11-12T00:52:25Z,66.0,Charge 6
2025-11-12T00:52:26Z,65.0,Charge 6
2025-11-12T00:52:29Z,65.0,Charge 6
2025-11-12T00:52:30Z,64.0,Charge 6
2025-11-12T00:52:33Z,64.0,Charge 6
2025-11-12T00:52:35Z,65.0,Charge 6
2025-11-12T00:52:38Z,65.0,Charge 6
2025-11-12T00:52:41Z,65.0,Charge 6
2025-11-12T00:52:43Z,65.0,Charge 6
2025-11-12T00:52:46Z,65.0,Charge 6
2025-11-12T00:52:49Z,66.0,Charge 6
2025-11-12T00:52:51Z,65.0,Charge 6
2025-11-12T00:52:53Z,64.0,Charge 6
2025-11-12T00:52:56Z,64.0,Charge 6
2025-11-12T00:52:59Z,64.0,Charge 6
2025-11-12T00:53:02Z,64.0,Charge 6
2025-11-12T00:53:05Z,65.0,Charge 6
2025-11-12T00:53:07Z,64.0,Charge 6
2025-11-12T00:53:09Z,63.0,Charge 6
2025-11-12T00:53:12Z,62.0,Charge 6
2025-11-12T00:53:14Z,63.0,Charge 6
2025-11-12T00:53:16Z,64.0,Charge 6
2025-11-12T00:53:19Z,64.0,Charge 6
2025-11-12T00:53:20Z,65.0,Charge 6
2025-11-12T00:53:22Z,66.0,Charge 6
2025-11-12T00:53:24Z,68.0,Charge 6
2025-11-12T00:53:27Z,68.0,Charge 6
2025-11-12T00:53:30Z,69.0,Charge 6
2025-11-12T00:53:32Z,68.0,Charge 6
2025-11-12T00:53:35Z,68.0,Charge 6
2025-11-12T00:53:38Z,68.0,Charge 6
2025-11-12T00:53:41Z,68.0,Charge 6
2025-11-12T00:53:43Z,67.0,Charge 6
2025-11-12T00:53:45Z,66.0,Charge 6
2025-11-12T00:53:48Z,66.0,Charge 6
2025-11-12T00:53:51Z,67.0,Charge 6
2025-11-12T00:53:54Z,67.0,Charge 6
2025-11-12T00:53:55Z,66.0,Charge 6
2025-11-12T00:53:57Z,64.0,Charge 6
2025-11-12T00:54:00Z,65.0,Charge 6
2025-11-12T00:54:02Z,66.0,Charge 6
2025-11-12T00:54:04Z,67.0,Charge 6
2025-11-12T00:54:06Z,66.0,Charge 6
2025-11-12T00:54:09Z,66.0,Charge 6
2025-11-12T00:54:10Z,67.0,Charge 6
2025-11-12T00:54:13Z,67.0,Charge 6
2025-11-12T00:54:14Z,68.0,Charge 6
2025-11-12T00:54:17Z,68.0,Charge 6
2025-11-12T00:54:20Z,69.0,Charge 6
2025-11-12T00:54:22Z,68.0,Charge 6
2025-11-12T00:54:23Z,66.0,Charge 6
2025-11-12T00:54:26Z,66.0,Charge 6
2025-11-12T00:54:29Z,66.0,Charge 6
2025-11-12T00:54:32Z,66.0,Charge 6
2025-11-12T00:54:33Z,66.0,Charge 6
2025-11-12T00:54:36Z,66.0,Charge 6
2025-11-12T00:54:39Z,65.0,Charge 6
2025-11-12T00:54:41Z,65.0,Charge 6
2025-11-12T00:54:43Z,64.0,Charge 6
2025-11-12T00:54:46Z,64.0,Charge 6
2025-11-12T00:54:49Z,64.0,Charge 6
2025-11-12T00:54:52Z,64.0,Charge 6
2025-11-12T00:54:55Z,64.0,Charge 6
2025-11-12T00:54:56Z,64.0,Charge 6
2025-11-12T00:54:58Z,64.0,Charge 6
2025-11-12T00:55:00Z,64.0,Charge 6
2025-11-12T00:55:03Z,64.0,Charge 6
2025-11-12T00:55:04Z,66.0,Charge 6
2025-11-12T00:55:06Z,65.0,Charge 6
2025-11-12T00:55:08Z,67.0,Charge 6
2025-11-12T00:55:10Z,68.0,Charge 6
2025-11-12T00:55:11Z,70.0,Charge 6
2025-11-12T00:55:13Z,72.0,Charge 6
2025-11-12T00:55:15Z,73.0,Charge 6
2025-11-12T00:55:17Z,74.0,Charge 6
2025-11-12T00:55:20Z,74.0,Charge 6
2025-11-12T00:55:21Z,72.0,Charge 6
2025-11-12T00:55:23Z,71.0,Charge 6
2025-11-12T00:55:25Z,70.0,Charge 6
2025-11-12T00:55:28Z,70.0,Charge 6
2025-11-12T00:55:29Z,70.0,Charge 6
2025-11-12T00:55:31Z,69.0,Charge 6
2025-11-12T00:55:33Z,68.0,Charge 6
2025-11-12T00:55:36Z,70.0,Charge 6
2025-11-12T00:55:38Z,72.0,Charge 6
2025-11-12T00:55:41Z,72.0,Charge 6
2025-11-12T00:55:42Z,72.0,Charge 6
2025-11-12T00:55:44Z,70.0,Charge 6
2025-11-12T00:55:46Z,69.0,Charge 6
2025-11-12T00:55:49Z,69.0,Charge 6
2025-11-12T00:55:50Z,68.0,Charge 6
2025-11-12T00:55:53Z,68.0,Charge 6
2025-11-12T00:55:54Z,68.0,Charge 6
2025-11-12T00:55:57Z,68.0,Charge 6
2025-11-12T00:55:58Z,68.0,Charge 6
2025-11-12T00:56:01Z,69.0,Charge 6
2025-11-12T00:56:03Z,68.0,Charge 6
2025-11-12T00:56:06Z,68.0,Charge 6
2025-11-12T00:56:07Z,69.0,Charge 6
2025-11-12T00:56:10Z,69.0,Charge 6
2025-11-12T00:56:11Z,70.0,Charge 6
2025-11-12T00:56:13Z,72.0,Charge 6
2025-11-12T00:56:15Z,74.0,Charge 6
2025-11-12T00:56:17Z,76.0,Charge 6
2025-11-12T00:56:19Z,77.0,Charge 6
2025-11-12T00:56:21Z,79.0,Charge 6
2025-11-12T00:56:24Z,77.0,Charge 6
2025-11-12T00:56:27Z,77.0,Charge 6
2025-11-12T00:56:28Z,77.0,Charge 6
2025-11-12T00:56:30Z,76.0,Charge 6
2025-11-12T00:56:32Z,75.0,Charge 6
2025-11-12T00:56:34Z,71.0,Charge 6
2025-11-12T00:56:36Z,69.0,Charge 6
2025-11-12T00:56:38Z,68.0,Charge 6
2025-11-12T00:56:40Z,67.0,Charge 6
2025-11-12T00:56:42Z,65.0,Charge 6
2025-11-12T00:56:44Z,65.0,Charge 6
2025-11-12T00:56:47Z,65.0,Charge 6
2025-11-12T00:56:50Z,65.0,Charge 6
2025-11-12T00:56:51Z,65.0,Charge 6
2025-11-12T00:56:53Z,64.0,Charge 6
2025-11-12T00:56:55Z,64.0,Charge 6
2025-11-12T00:56:58Z,64.0,Charge 6
2025-11-12T00:57:01Z,64.0,Charge 6
2025-11-12T00:57:04Z,64.0,Charge 6
2025-11-12T00:57:07Z,64.0,Charge 6
2025-11-12T00:57:10Z,65.0,Charge 6
2025-11-12T00:57:12Z,66.0,Charge 6
2025-11-12T00:57:15Z,66.0,Charge 6
2025-11-12T00:57:16Z,68.0,Charge 6
2025-11-12T00:57:18Z,70.0,Charge 6
2025-11-12T00:57:20Z,68.0,Charge 6
2025-11-12T00:57:22Z,67.0,Charge 6
2025-11-12T00:57:25Z,67.0,Charge 6
2025-11-12T00:57:26Z,68.0,Charge 6
2025-11-12T00:57:29Z,68.0,Charge 6
2025-11-12T00:57:30Z,69.0,Charge 6
2025-11-12T00:57:32Z,68.0,Charge 6
2025-11-12T00:57:35Z,67.0,Charge 6
2025-11-12T00:57:37Z,66.0,Charge 6
2025-11-12T00:57:40Z,66.0,Charge 6
2025-11-12T00:57:41Z,67.0,Charge 6
2025-11-12T00:57:44Z,67.0,Charge 6
2025-11-12T00:57:47Z,68.0,Charge 6
2025-11-12T00:57:49Z,67.0,Charge 6
2025-11-12T00:57:52Z,67.0,Charge 6
2025-11-12T00:57:53Z,67.0,Charge 6
2025-11-12T00:57:56Z,67.0,Charge 6
2025-11-12T00:57:57Z,68.0,Charge 6
2025-11-12T00:57:58Z,70.0,Charge 6
2025-11-12T00:58:01Z,70.0,Charge 6
2025-11-12T00:58:04Z,70.0,Charge 6
2025-11-12T00:58:06Z,67.0,Charge 6
2025-11-12T00:58:08Z,66.0,Charge 6
2025-11-12T00:58:10Z,65.0,Charge 6
2025-11-12T00:58:13Z,65.0,Charge 6
2025-11-12T00:58:14Z,64.0,Charge 6
2025-11-12T00:58:16Z,63.0,Charge 6
2025-11-12T00:58:18Z,62.0,Charge 6
2025-11-12T00:58:21Z,62.0,Charge 6
2025-11-12T00:58:22Z,63.0,Charge 6
2025-11-12T00:58:23Z,62.0,Charge 6
2025-11-12T00:58:25Z,61.0,Charge 6
2025-11-12T00:58:27Z,60.0,Charge 6
2025-11-12T00:58:30Z,60.0,Charge 6
2025-11-12T00:58:31Z,60.0,Charge 6
2025-11-12T00:58:33Z,61.0,Charge 6
2025-11-12T00:58:35Z,62.0,Charge 6
2025-11-12T00:58:37Z,64.0,Charge 6
2025-11-12T00:58:39Z,67.0,Charge 6
2025-11-12T00:58:41Z,69.0,Charge 6
2025-11-12T00:58:44Z,69.0,Charge 6
2025-11-12T00:58:45Z,70.0,Charge 6
2025-11-12T00:58:46Z,70.0,Charge 6
2025-11-12T00:58:48Z,71.0,Charge 6
2025-11-12T00:58:50Z,72.0,Charge 6
2025-11-12T00:58:52Z,76.0,Charge 6
2025-11-12T00:58:54Z,78.0,Charge 6
2025-11-12T00:58:56Z,77.0,Charge 6
2025-11-12T00:58:58Z,76.0,Charge 6
2025-11-12T00:59:00Z,72.0,Charge 6
2025-11-12T00:59:02Z,76.0,Charge 6
2025-11-12T00:59:04Z,78.0,Charge 6
2025-11-12T00:59:06Z,79.0,Charge 6
2025-11-12T00:59:09Z,79.0,Charge 6
2025-11-12T00:59:11Z,77.0,Charge 6
2025-11-12T00:59:13Z,75.0,Charge 6
2025-11-12T00:59:15Z,73.0,Charge 6
2025-11-12T00:59:17Z,76.0,Charge 6
2025-11-12T00:59:19Z,79.0,Charge 6
2025-11-12T00:59:21Z,80.0,Charge 6
2025-11-12T00:59:23Z,78.0,Charge 6
2025-11-12T00:59:25Z,80.0,Charge 6
2025-11-12T00:59:27Z,84.0,Charge 6
2025-11-12T00:59:29Z,87.0,Charge 6
2025-11-12T00:59:31Z,85.0,Charge 6
2025-11-12T00:59:33Z,81.0,Charge 6
2025-11-12T00:59:36Z,82.0,Charge 6
2025-11-12T00:59:39Z,82.0,Charge 6
2025-11-12T00:59:42Z,83.0,Charge 6
2025-11-12T00:59:44Z,84.0,Charge 6
2025-11-12T00:59:46Z,86.0,Charge 6
2025-11-12T00:59:49Z,86.0,Charge 6
2025-11-12T00:59:52Z,88.0,Charge 6
2025-11-12T00:59:55Z,88.0,Charge 6
2025-11-12T00:59:56Z,87.0,Charge 6
2025-11-12T00:59:58Z,88.0,Charge 6
2025-11-12T00:59:59Z,87.0,Charge 6
2025-11-12T01:00:02Z,87.0,Charge 6
2025-11-12T01:00:05Z,88.0,Charge 6
2025-11-12T01:00:07Z,85.0,Charge 6
2025-11-12T01:00:10Z,85.0,Charge 6
2025-11-12T01:00:11Z,83.0,Charge 6
2025-11-12T01:00:14Z,83.0,Charge 6
2025-11-12T01:00:17Z,82.0,Charge 6
2025-11-12T01:00:19Z,83.0,Charge 6
2025-11-12T01:00:21Z,84.0,Charge 6
2025-11-12T01:00:24Z,84.0,Charge 6
2025-11-12T01:00:26Z,84.0,Charge 6
2025-11-12T01:00:28Z,83.0,Charge 6
2025-11-12T01:00:31Z,83.0,Charge 6
2025-11-12T01:00:32Z,84.0,Charge 6
2025-11-12T01:00:35Z,84.0,Charge 6
2025-11-12T01:00:36Z,83.0,Charge 6
2025-11-12T01:00:38Z,85.0,Charge 6
2025-11-12T01:00:41Z,85.0,Charge 6
2025-11-12T01:00:42Z,84.0,Charge 6
2025-11-12T01:00:44Z,86.0,Charge 6
2025-11-12T01:00:46Z,84.0,Charge 6
2025-11-12T01:00:47Z,83.0,Charge 6
2025-11-12T01:00:49Z,82.0,Charge 6
2025-11-12T01:00:51Z,81.0,Charge 6
2025-11-12T01:00:54Z,81.0,Charge 6
2025-11-12T01:00:57Z,79.0,Charge 6
2025-11-12T01:01:00Z,79.0,Charge 6
2025-11-12T01:01:01Z,80.0,Charge 6
2025-11-12T01:01:03Z,75.0,Charge 6
2025-11-12T01:01:05Z,74.0,Charge 6
2025-11-12T01:01:07Z,73.0,Charge 6
2025-11-12T01:01:09Z,71.0,Charge 6
2025-11-12T01:01:10Z,70.0,Charge 6
2025-11-12T01:01:12Z,71.0,Charge 6
2025-11-12T01:01:14Z,70.0,Charge 6
2025-11-12T01:01:16Z,69.0,Charge 6
2025-11-12T01:01:18Z,70.0,Charge 6
2025-11-12T01:01:21Z,70.0,Charge 6
2025-11-12T01:01:24Z,70.0,Charge 6
2025-11-12T01:01:26Z,69.0,Charge 6
2025-11-12T01:01:29Z,69.0,Charge 6
2025-11-12T01:01:30Z,68.0,Charge 6
2025-11-12T01:01:32Z,66.0,Charge 6
2025-11-12T01:01:34Z,65.0,Charge 6
2025-11-12T01:01:37Z,65.0,Charge 6
2025-11-12T01:01:40Z,65.0,Charge 6
2025-11-12T01:01:41Z,67.0,Charge 6
2025-11-12T01:01:43Z,66.0,Charge 6
2025-11-12T01:01:45Z,68.0,Charge 6
2025-11-12T01:01:47Z,69.0,Charge 6
2025-11-12T01:01:50Z,69.0,Charge 6
2025-11-12T01:01:51Z,71.0,Charge 6
2025-11-12T01:01:53Z,73.0,Charge 6
2025-11-12T01:01:55Z,74.0,Charge 6
2025-11-12T01:01:57Z,73.0,Charge 6
2025-11-12T01:02:00Z,73.0,Charge 6
2025-11-12T01:02:02Z,72.0,Charge 6
2025-11-12T01:02:04Z,69.0,Charge 6
2025-11-12T01:02:06Z,70.0,Charge 6
2025-11-12T01:02:09Z,70.0,Charge 6
2025-11-12T01:02:10Z,71.0,Charge 6
2025-11-12T01:02:13Z,71.0,Charge 6
2025-11-12T01:02:14Z,70.0,Charge 6
2025-11-12T01:02:16Z,69.0,Charge 6
2025-11-12T01:02:18Z,70.0,Charge 6
2025-11-12T01:02:21Z,70.0,Charge 6
2025-11-12T01:02:23Z,71.0,Charge 6
2025-11-12T01:02:26Z,71.0,Charge 6
2025-11-12T01:02:27Z,70.0,Charge 6
2025-11-12T01:02:29Z,69.0,Charge 6
2025-11-12T01:02:31Z,68.0,Charge 6
2025-11-12T01:02:33Z,68.0,Charge 6
2025-11-12T01:02:36Z,68.0,Charge 6
2025-11-12T01:02:37Z,67.0,Charge 6
2025-11-12T01:02:39Z,66.0,Charge 6
2025-11-12T01:02:42Z,66.0,Charge 6
2025-11-12T01:02:43Z,65.0,Charge 6
2025-11-12T01:02:45Z,64.0,Charge 6
2025-11-12T01:02:46Z,65.0,Charge 6
2025-11-12T01:02:48Z,66.0,Charge 6
2025-11-12T01:02:50Z,66.0,Charge 6
2025-11-12T01:02:53Z,66.0,Charge 6
2025-11-12T01:02:56Z,64.0,Charge 6
2025-11-12T01:02:59Z,64.0,Charge 6
2025-11-12T01:03:02Z,66.0,Charge 6
2025-11-12T01:03:04Z,66.0,Charge 6
2025-11-12T01:03:07Z,66.0,Charge 6
2025-11-12T01:03:10Z,66.0,Charge 6
2025-11-12T01:03:11Z,68.0,Charge 6
2025-11-12T01:03:13Z,70.0,Charge 6
2025-11-12T01:03:15Z,73.0,Charge 6
2025-11-12T01:03:18Z,73.0,Charge 6
2025-11-12T01:03:19Z,72.0,Charge 6
2025-11-12T01:03:22Z,72.0,Charge 6
2025-11-12T01:03:23Z,70.0,Charge 6
2025-11-12T01:03:25Z,69.0,Charge 6
2025-11-12T01:03:27Z,70.0,Charge 6
2025-11-12T01:03:29Z,71.0,Charge 6
2025-11-12T01:03:32Z,71.0,Charge 6
2025-11-12T01:03:33Z,73.0,Charge 6
2025-11-12T01:03:34Z,73.0,Charge 6
2025-11-12T01:03:36Z,70.0,Charge 6
2025-11-12T01:03:38Z,69.0,Charge 6
2025-11-12T01:03:41Z,69.0,Charge 6
2025-11-12T01:03:42Z,70.0,Charge 6
2025-11-12T01:03:44Z,71.0,Charge 6
2025-11-12T01:03:46Z,70.0,Charge 6
2025-11-12T01:03:48Z,71.0,Charge 6
2025-11-12T01:03:51Z,71.0,Charge 6
2025-11-12T01:03:52Z,72.0,Charge 6
2025-11-12T01:03:55Z,72.0,Charge 6
2025-11-12T01:03:56Z,73.0,Charge 6
2025-11-12T01:03:58Z,74.0,Charge 6
2025-11-12T01:04:01Z,76.0,Charge 6
2025-11-12T01:04:04Z,76.0,Charge 6
2025-11-12T01:04:07Z,75.0,Charge 6
2025-11-12T01:04:09Z,72.0,Charge 6
2025-11-12T01:04:12Z,72.0,Charge 6
2025-11-12T01:04:15Z,73.0,Charge 6
2025-11-12T01:04:17Z,72.0,Charge 6
2025-11-12T01:04:19Z,79.0,Charge 6
2025-11-12T01:04:21Z,80.0,Charge 6
2025-11-12T01:04:22Z,78.0,Charge 6
2025-11-12T01:04:24Z,76.0,Charge 6
2025-11-12T01:04:27Z,76.0,Charge 6
2025-11-12T01:04:30Z,77.0,Charge 6
2025-11-12T01:04:32Z,79.0,Charge 6
2025-11-12T01:04:34Z,78.0,Charge 6
2025-11-12T01:04:36Z,81.0,Charge 6
2025-11-12T01:04:38Z,83.0,Charge 6
2025-11-12T01:04:40Z,81.0,Charge 6
2025-11-12T01:04:43Z,81.0,Charge 6
2025-11-12T01:04:44Z,79.0,Charge 6
2025-11-12T01:04:46Z,77.0,Charge 6
2025-11-12T01:04:47Z,75.0,Charge 6
2025-11-12T01:04:49Z,72.0,Charge 6
2025-11-12T01:04:52Z,72.0,Charge 6
2025-11-12T01:04:53Z,71.0,Charge 6
2025-11-12T01:04:56Z,71.0,Charge 6
2025-11-12T01:04:57Z,72.0,Charge 6
2025-11-12T01:04:59Z,73.0,Charge 6
2025-11-12T01:05:01Z,75.0,Charge 6
2025-11-12T01:05:03Z,76.0,Charge 6
2025-11-12T01:05:05Z,72.0,Charge 6
2025-11-12T01:05:07Z,71.0,Charge 6
2025-11-12T01:05:10Z,70.0,Charge 6
2025-11-12T01:05:13Z,70.0,Charge 6
2025-11-12T01:05:14Z,69.0,Charge 6
2025-11-12T01:05:17Z,69.0,Charge 6
2025-11-12T01:05:18Z,69.0,Charge 6
2025-11-12T01:05:21Z,69.0,Charge 6
2025-11-12T01:05:22Z,68.0,Charge 6
2025-11-12T01:05:25Z,68.0,Charge 6
2025-11-12T01:05:28Z,69.0,Charge 6
2025-11-12T01:05:30Z,70.0,Charge 6
2025-11-12T01:05:32Z,69.0,Charge 6
2025-11-12T01:05:34Z,67.0,Charge 6
2025-11-12T01:05:35Z,69.0,Charge 6
2025-11-12T01:05:37Z,68.0,Charge 6
2025-11-12T01:05:40Z,68.0,Charge 6
2025-11-12T01:05:43Z,67.0,Charge 6
2025-11-12T01:05:46Z,67.0,Charge 6
2025-11-12T01:05:49Z,67.0,Charge 6
2025-11-12T01:05:51Z,69.0,Charge 6
2025-11-12T01:05:53Z,71.0,Charge 6
2025-11-12T01:05:55Z,72.0,Charge 6
2025-11-12T01:05:57Z,74.0,Charge 6
2025-11-12T01:06:00Z,74.0,Charge 6
2025-11-12T01:06:02Z,71.0,Charge 6
2025-11-12T01:06:05Z,71.0,Charge 6
2025-11-12T01:06:08Z,71.0,Charge 6
2025-11-12T01:06:10Z,70.0,Charge 6
2025-11-12T01:06:12Z,73.0,Charge 6
2025-11-12T01:06:14Z,75.0,Charge 6
2025-11-12T01:06:16Z,73.0,Charge 6
2025-11-12T01:06:18Z,74.0,Charge 6
2025-11-12T01:06:20Z,77.0,Charge 6
2025-11-12T01:06:22Z,76.0,Charge 6
2025-11-12T01:06:23Z,79.0,Charge 6
2025-11-12T01:06:25Z,81.0,Charge 6
2025-11-12T01:06:27Z,80.0,Charge 6
2025-11-12T01:06:29Z,77.0,Charge 6
2025-11-12T01:06:31Z,81.0,Charge 6
2025-11-12T01:06:33Z,79.0,Charge 6
2025-11-12T01:06:35Z,74.0,Charge 6
2025-11-12T01:06:38Z,74.0,Charge 6
2025-11-12T01:06:39Z,72.0,Charge 6
2025-11-12T01:06:41Z,69.0,Charge 6
2025-11-12T01:06:43Z,68.0,Charge 6
2025-11-12T01:06:45Z,67.0,Charge 6
2025-11-12T01:06:46Z,66.0,Charge 6
2025-11-12T01:06:48Z,65.0,Charge 6
2025-11-12T01:06:50Z,64.0,Charge 6
2025-11-12T01:06:52Z,66.0,Charge 6
2025-11-12T01:06:54Z,67.0,Charge 6
2025-11-12T01:06:56Z,68.0,Charge 6
2025-11-12T01:06:58Z,69.0,Charge 6
2025-11-12T01:07:00Z,70.0,Charge 6
2025-11-12T01:07:03Z,70.0,Charge 6
2025-11-12T01:07:04Z,69.0,Charge 6
2025-11-12T01:07:06Z,68.0,Charge 6
2025-11-12T01:07:09Z,68.0,Charge 6
2025-11-12T01:07:10Z,68.0,Charge 6
2025-11-12T01:07:11Z,69.0,Charge 6
2025-11-12T01:07:14Z,69.0,Charge 6
2025-11-12T01:07:15Z,70.0,Charge 6
2025-11-12T01:07:18Z,70.0,Charge 6
2025-11-12T01:07:19Z,72.0,Charge 6
2025-11-12T01:07:21Z,72.0,Charge 6
2025-11-12T01:07:24Z,72.0,Charge 6
2025-11-12T01:07:25Z,71.0,Charge 6
2025-11-12T01:07:28Z,71.0,Charge 6
2025-11-12T01:07:29Z,72.0,Charge 6
2025-11-12T01:07:32Z,72.0,Charge 6
2025-11-12T01:07:35Z,72.0,Charge 6
2025-11-12T01:07:36Z,71.0,Charge 6
2025-11-12T01:07:38Z,72.0,Charge 6
2025-11-12T01:07:41Z,72.0,Charge 6
2025-11-12T01:07:42Z,73.0,Charge 6
2025-11-12T01:07:45Z,73.0,Charge 6
2025-11-12T01:07:48Z,73.0,Charge 6
2025-11-12T01:07:51Z,73.0,Charge 6
2025-11-12T01:07:54Z,74.0,Charge 6
2025-11-12T01:07:56Z,77.0,Charge 6
2025-11-12T01:07:58Z,80.0,Charge 6
2025-11-12T01:07:59Z,82.0,Charge 6
2025-11-12T01:08:01Z,80.0,Charge 6
2025-11-12T01:08:03Z,77.0,Charge 6
2025-11-12T01:08:04Z,76.0,Charge 6
2025-11-12T01:08:07Z,76.0,Charge 6
2025-11-12T01:08:08Z,75.0,Charge 6
2025-11-12T01:08:10Z,74.0,Charge 6
2025-11-12T01:08:12Z,75.0,Charge 6
2025-11-12T01:08:15Z,75.0,Charge 6
2025-11-12T01:08:17Z,74.0,Charge 6
2025-11-12T01:08:19Z,74.0,Charge 6
2025-11-12T01:08:22Z,74.0,Charge 6
2025-11-12T01:08:23Z,75.0,Charge 6
2025-11-12T01:08:25Z,76.0,Charge 6
2025-11-12T01:08:27Z,78.0,Charge 6
2025-11-12T01:08:29Z,77.0,Charge 6
2025-11-12T01:08:31Z,83.0,Charge 6
2025-11-12T01:08:33Z,86.0,Charge 6
2025-11-12T01:08:35Z,87.0,Charge 6
2025-11-12T01:08:38Z,88.0,Charge 6
2025-11-12T01:08:41Z,88.0,Charge 6
2025-11-12T01:08:44Z,88.0,Charge 6
2025-11-12T01:08:47Z,88.0,Charge 6
2025-11-12T01:08:50Z,89.0,Charge 6
2025-11-12T01:08:53Z,89.0,Charge 6
2025-11-12T01:08:54Z,90.0,Charge 6
2025-11-12T01:08:56Z,91.0,Charge 6
2025-11-12T01:08:58Z,87.0,Charge 6
2025-11-12T01:09:00Z,81.0,Charge 6
2025-11-12T01:09:02Z,79.0,Charge 6
2025-11-12T01:09:03Z,77.0,Charge 6
2025-11-12T01:09:05Z,76.0,Charge 6
2025-11-12T01:09:07Z,77.0,Charge 6
2025-11-12T01:09:09Z,73.0,Charge 6
2025-11-12T01:09:11Z,70.0,Charge 6
2025-11-12T01:09:13Z,69.0,Charge 6
2025-11-12T01:09:15Z,68.0,Charge 6
2025-11-12T01:09:17Z,68.0,Charge 6
2025-11-12T01:09:20Z,68.0,Charge 6
2025-11-12T01:09:23Z,69.0,Charge 6
2025-11-12T01:09:26Z,69.0,Charge 6
2025-11-12T01:09:28Z,70.0,Charge 6
2025-11-12T01:09:30Z,71.0,Charge 6
2025-11-12T01:09:33Z,71.0,Charge 6
2025-11-12T01:09:34Z,73.0,Charge 6
2025-11-12T01:09:37Z,73.0,Charge 6
2025-11-12T01:09:38Z,71.0,Charge 6
2025-11-12T01:09:40Z,74.0,Charge 6
2025-11-12T01:09:42Z,78.0,Charge 6
2025-11-12T01:09:44Z,83.0,Charge 6
2025-11-12T01:09:46Z,85.0,Charge 6
2025-11-12T01:09:48Z,86.0,Charge 6
2025-11-12T01:09:50Z,87.0,Charge 6
2025-11-12T01:09:53Z,87.0,Charge 6
2025-11-12T01:09:56Z,87.0,Charge 6
2025-11-12T01:09:57Z,91.0,Charge 6
2025-11-12T01:09:59Z,92.0,Charge 6
2025-11-12T01:10:02Z,92.0,Charge 6
2025-11-12T01:10:03Z,95.0,Charge 6
2025-11-12T01:10:05Z,96.0,Charge 6
2025-11-12T01:10:07Z,97.0,Charge 6
2025-11-12T01:10:09Z,97.0,Charge 6
2025-11-12T01:10:11Z,97.0,Charge 6
2025-11-12T01:10:13Z,98.0,Charge 6
2025-11-12T01:10:14Z,100.0,Charge 6
2025-11-12T01:10:16Z,103.0,Charge 6
2025-11-12T01:10:18Z,107.0,Charge 6
2025-11-12T01:10:21Z,107.0,Charge 6
2025-11-12T01:10:22Z,103.0,Charge 6
2025-11-12T01:10:24Z,100.0,Charge 6
2025-11-12T01:10:26Z,96.0,Charge 6
2025-11-12T01:10:28Z,95.0,Charge 6
2025-11-12T01:10:31Z,95.0,Charge 6
2025-11-12T01:10:34Z,95.0,Charge 6
2025-11-12T01:10:36Z,90.0,Charge 6
2025-11-12T01:10:38Z,85.0,Charge 6
2025-11-12T01:10:39Z,86.0,Charge 6
2025-11-12T01:10:41Z,88.0,Charge 6
2025-11-12T01:10:43Z,90.0,Charge 6
2025-11-12T01:10:45Z,92.0,Charge 6
2025-11-12T01:10:48Z,92.0,Charge 6
2025-11-12T01:10:49Z,93.0,Charge 6
2025-11-12T01:10:51Z,95.0,Charge 6
2025-11-12T01:10:53Z,97.0,Charge 6
2025-11-12T01:10:56Z,97.0,Charge 6
2025-11-12T01:10:57Z,89.0,Charge 6
2025-11-12T01:10:59Z,84.0,Charge 6
2025-11-12T01:11:01Z,79.0,Charge 6
2025-11-12T01:11:02Z,76.0,Charge 6
2025-11-12T01:11:04Z,78.0,Charge 6
2025-11-12T01:11:06Z,80.0,Charge 6
2025-11-12T01:11:08Z,81.0,Charge 6
2025-11-12T01:11:11Z,81.0,Charge 6
2025-11-12T01:11:12Z,82.0,Charge 6
2025-11-12T01:11:15Z,82.0,Charge 6
2025-11-12T01:11:16Z,83.0,Charge 6
2025-11-12T01:11:19Z,83.0,Charge 6
2025-11-12T01:11:20Z,90.0,Charge 6
2025-11-12T01:11:22Z,105.0,Charge 6
2025-11-12T01:11:24Z,108.0,Charge 6
2025-11-12T01:11:26Z,109.0,Charge 6
2025-11-12T01:11:27Z,108.0,Charge 6
2025-11-12T01:11:30Z,108.0,Charge 6
2025-11-12T01:11:31Z,107.0,Charge 6
2025-11-12T01:11:34Z,107.0,Charge 6
2025-11-12T01:11:35Z,106.0,Charge 6
2025-11-12T01:11:38Z,106.0,Charge 6
2025-11-12T01:11:39Z,104.0,Charge 6
2025-11-12T01:11:42Z,104.0,Charge 6
2025-11-12T01:11:43Z,102.0,Charge 6
2025-11-12T01:11:45Z,100.0,Charge 6
2025-11-12T01:11:48Z,100.0,Charge 6
2025-11-12T01:11:49Z,102.0,Charge 6
2025-11-12T01:11:50Z,104.0,Charge 6
2025-11-12T01:11:52Z,106.0,Charge 6
2025-11-12T01:11:54Z,109.0,Charge 6
2025-11-12T01:11:56Z,110.0,Charge 6
2025-11-12T01:11:58Z,109.0,Charge 6
2025-11-12T01:12:01Z,109.0,Charge 6
2025-11-12T01:12:02Z,104.0,Charge 6
2025-11-12T01:12:04Z,103.0,Charge 6
2025-11-12T01:12:06Z,104.0,Charge 6
2025-11-12T01:12:08Z,105.0,Charge 6
2025-11-12T01:12:11Z,105.0,Charge 6
2025-11-12T01:12:12Z,104.0,Charge 6
2025-11-12T01:12:14Z,101.0,Charge 6
2025-11-12T01:12:15Z,82.0,Charge 6
2025-11-12T01:12:17Z,80.0,Charge 6
2025-11-12T01:12:20Z,80.0,Charge 6
2025-11-12T01:12:23Z,80.0,Charge 6
2025-11-12T01:12:25Z,78.0,Charge 6
2025-11-12T01:12:27Z,76.0,Charge 6
2025-11-12T01:12:29Z,75.0,Charge 6
2025-11-12T01:12:31Z,74.0,Charge 6
2025-11-12T01:12:33Z,72.0,Charge 6
2025-11-12T01:12:35Z,71.0,Charge 6
2025-11-12T01:12:38Z,69.0,Charge 6
2025-11-12T01:12:41Z,69.0,Charge 6
2025-11-12T01:12:42Z,71.0,Charge 6
2025-11-12T01:12:44Z,72.0,Charge 6
2025-11-12T01:12:47Z,72.0,Charge 6
2025-11-12T01:12:48Z,73.0,Charge 6
2025-11-12T01:12:51Z,73.0,Charge 6
2025-11-12T01:12:52Z,72.0,Charge 6
2025-11-12T01:12:55Z,72.0,Charge 6
2025-11-12T01:12:56Z,70.0,Charge 6
2025-11-12T01:12:58Z,69.0,Charge 6
2025-11-12T01:13:00Z,68.0,Charge 6
2025-11-12T01:13:02Z,66.0,Charge 6
2025-11-12T01:13:03Z,65.0,Charge 6
2025-11-12T01:13:06Z,65.0,Charge 6
2025-11-12T01:13:09Z,66.0,Charge 6
2025-11-12T01:13:12Z,66.0,Charge 6
2025-11-12T01:13:15Z,66.0,Charge 6
2025-11-12T01:13:17Z,65.0,Charge 6
2025-11-12T01:13:20Z,65.0,Charge 6
2025-11-12T01:13:21Z,64.0,Charge 6
2025-11-12T01:13:24Z,64.0,Charge 6
2025-11-12T01:13:27Z,64.0,Charge 6
2025-11-12T01:13:30Z,64.0,Charge 6
2025-11-12T01:13:33Z,64.0,Charge 6
2025-11-12T01:13:36Z,64.0,Charge 6
2025-11-12T01:13:38Z,65.0,Charge 6
2025-11-12T01:13:40Z,66.0,Charge 6
2025-11-12T01:13:43Z,66.0,Charge 6
2025-11-12T01:13:46Z,66.0,Charge 6
2025-11-12T01:13:49Z,66.0,Charge 6
2025-11-12T01:13:51Z,65.0,Charge 6
2025-11-12T01:13:53Z,64.0,Charge 6
2025-11-12T01:13:55Z,65.0,Charge 6
2025-11-12T01:13:58Z,65.0,Charge 6
2025-11-12T01:13:59Z,66.0,Charge 6
2025-11-12T01:14:01Z,67.0,Charge 6
2025-11-12T01:14:03Z,68.0,Charge 6
2025-11-12T01:14:06Z,68.0,Charge 6
2025-11-12T01:14:09Z,68.0,Charge 6
2025-11-12T01:14:11Z,66.0,Charge 6
2025-11-12T01:14:14Z,66.0,Charge 6
2025-11-12T01:14:16Z,65.0,Charge 6
2025-11-12T01:14:18Z,64.0,Charge 6
2025-11-12T01:14:21Z,64.0,Charge 6
2025-11-12T01:14:22Z,63.0,Charge 6
2025-11-12T01:14:24Z,62.0,Charge 6
2025-11-12T01:14:26Z,63.0,Charge 6
2025-11-12T01:14:28Z,64.0,Charge 6
2025-11-12T01:14:31Z,64.0,Charge 6
2025-11-12T01:14:32Z,65.0,Charge 6
2025-11-12T01:14:34Z,67.0,Charge 6
2025-11-12T01:14:36Z,68.0,Charge 6
2025-11-12T01:14:38Z,70.0,Charge 6
2025-11-12T01:14:39Z,72.0,Charge 6
2025-11-12T01:14:41Z,71.0,Charge 6
2025-11-12T01:14:43Z,72.0,Charge 6
2025-11-12T01:14:45Z,74.0,Charge 6
2025-11-12T01:14:48Z,74.0,Charge 6
2025-11-12T01:14:49Z,74.0,Charge 6
2025-11-12T01:14:51Z,75.0,Charge 6
2025-11-12T01:14:53Z,76.0,Charge 6
2025-11-12T01:14:55Z,73.0,Charge 6
2025-11-12T01:14:58Z,73.0,Charge 6
2025-11-12T01:14:59Z,72.0,Charge 6
2025-11-12T01:15:02Z,72.0,Charge 6
2025-11-12T01:15:04Z,71.0,Charge 6
2025-11-12T01:15:06Z,70.0,Charge 6
2025-11-12T01:15:09Z,70.0,Charge 6
2025-11-12T01:15:12Z,69.0,Charge 6
2025-11-12T01:15:15Z,69.0,Charge 6
2025-11-12T01:15:16Z,68.0,Charge 6
2025-11-12T01:15:19Z,68.0,Charge 6
2025-11-12T01:15:22Z,68.0,Charge 6
2025-11-12T01:15:24Z,67.0,Charge 6
2025-11-12T01:15:27Z,66.0,Charge 6
2025-11-12T01:15:29Z,65.0,Charge 6
2025-11-12T01:15:32Z,65.0,Charge 6
2025-11-12T01:15:35Z,66.0,Charge 6
2025-11-12T01:15:38Z,66.0,Charge 6
2025-11-12T01:15:41Z,66.0,Charge 6
2025-11-12T01:15:43Z,67.0,Charge 6
2025-11-12T01:15:45Z,68.0,Charge 6
2025-11-12T01:15:47Z,67.0,Charge 6
2025-11-12T01:15:49Z,68.0,Charge 6
2025-11-12T01:15:52Z,67.0,Charge 6
2025-11-12T01:15:54Z,66.0,Charge 6
2025-11-12T01:15:56Z,65.0,Charge 6
2025-11-12T01:15:58Z,64.0,Charge 6
2025-11-12T01:16:00Z,65.0,Charge 6
2025-11-12T01:16:02Z,66.0,Charge 6
2025-11-12T01:16:05Z,66.0,Charge 6
2025-11-12T01:16:08Z,66.0,Charge 6
2025-11-12T01:16:10Z,67.0,Charge 6
2025-11-12T01:16:12Z,68.0,Charge 6
2025-11-12T01:16:15Z,68.0,Charge 6
2025-11-12T01:16:17Z,70.0,Charge 6
2025-11-12T01:16:19Z,72.0,Charge 6
2025-11-12T01:16:21Z,73.0,Charge 6
2025-11-12T01:16:23Z,72.0,Charge 6
2025-11-12T01:16:25Z,73.0,Charge 6
2025-11-12T01:16:28Z,73.0,Charge 6
2025-11-12T01:16:29Z,72.0,Charge 6
2025-11-12T01:16:32Z,72.0,Charge 6
2025-11-12T01:16:33Z,71.0,Charge 6
2025-11-12T01:16:35Z,72.0,Charge 6
2025-11-12T01:16:37Z,74.0,Charge 6
2025-11-12T01:16:38Z,75.0,Charge 6
2025-11-12T01:16:41Z,75.0,Charge 6
2025-11-12T01:16:42Z,74.0,Charge 6
2025-11-12T01:16:44Z,73.0,Charge 6
2025-11-12T01:16:46Z,72.0,Charge 6
2025-11-12T01:16:48Z,70.0,Charge 6
2025-11-12T01:16:50Z,70.0,Charge 6
2025-11-12T01:16:52Z,68.0,Charge 6
2025-11-12T01:16:55Z,68.0,Charge 6
2025-11-12T01:16:58Z,69.0,Charge 6
2025-11-12T01:17:00Z,70.0,Charge 6
2025-11-12T01:17:02Z,69.0,Charge 6
2025-11-12T01:17:03Z,68.0,Charge 6
2025-11-12T01:17:06Z,68.0,Charge 6
2025-11-12T01:17:07Z,69.0,Charge 6
2025-11-12T01:17:09Z,70.0,Charge 6
2025-11-12T01:17:11Z,71.0,Charge 6
2025-11-12T01:17:14Z,71.0,Charge 6
2025-11-12T01:17:17Z,70.0,Charge 6
2025-11-12T01:17:19Z,71.0,Charge 6
2025-11-12T01:17:21Z,72.0,Charge 6
2025-11-12T01:17:24Z,72.0,Charge 6
2025-11-12T01:17:25Z,71.0,Charge 6
2025-11-12T01:17:26Z,70.0,Charge 6
2025-11-12T01:17:28Z,72.0,Charge 6
2025-11-12T01:17:30Z,74.0,Charge 6
2025-11-12T01:17:32Z,76.0,Charge 6
2025-11-12T01:17:34Z,77.0,Charge 6
2025-11-12T01:17:37Z,77.0,Charge 6
2025-11-12T01:17:38Z,76.0,Charge 6
2025-11-12T01:17:41Z,76.0,Charge 6
2025-11-12T01:17:42Z,75.0,Charge 6
2025-11-12T01:17:44Z,74.0,Charge 6
2025-11-12T01:17:46Z,73.0,Charge 6
2025-11-12T01:17:48Z,74.0,Charge 6
2025-11-12T01:17:50Z,75.0,Charge 6
2025-11-12T01:17:51Z,73.0,Charge 6
2025-11-12T01:17:54Z,73.0,Charge 6
2025-11-12T01:17:55Z,71.0,Charge 6
2025-11-12T01:17:57Z,70.0,Charge 6
2025-11-12T01:17:59Z,68.0,Charge 6
2025-11-12T01:18:01Z,67.0,Charge 6
2025-11-12T01:18:03Z,66.0,Charge 6
2025-11-12T01:18:05Z,66.0,Charge 6
2025-11-12T01:18:07Z,66.0,Charge 6
2025-11-12T01:18:10Z,66.0,Charge 6
2025-11-12T01:18:11Z,68.0,Charge 6
2025-11-12T01:18:13Z,69.0,Charge 6
2025-11-12T01:18:14Z,70.0,Charge 6
2025-11-12T01:18:16Z,69.0,Charge 6
2025-11-12T01:18:19Z,69.0,Charge 6
2025-11-12T01:18:20Z,69.0,Charge 6
2025-11-12T01:18:22Z,68.0,Charge 6
2025-11-12T01:18:24Z,67.0,Charge 6
2025-11-12T01:18:26Z,66.0,Charge 6
2025-11-12T01:18:28Z,67.0,Charge 6
2025-11-12T01:18:30Z,68.0,Charge 6
2025-11-12T01:18:32Z,67.0,Charge 6
2025-11-12T01:18:34Z,67.0,Charge 6
2025-11-12T01:18:36Z,68.0,Charge 6
2025-11-12T01:18:38Z,68.0,Charge 6
2025-11-12T01:18:39Z,69.0,Charge 6
2025-11-12T01:18:42Z,69.0,Charge 6
2025-11-12T01:18:45Z,68.0,Charge 6
2025-11-12T01:18:47Z,66.0,Charge 6
2025-11-12T01:18:50Z,66.0,Charge 6
2025-11-12T01:18:53Z,66.0,Charge 6
2025-11-12T01:18:55Z,66.0,Charge 6
2025-11-12T01:18:58Z,66.0,Charge 6
2025-11-12T01:18:59Z,67.0,Charge 6
2025-11-12T01:19:01Z,68.0,Charge 6
2025-11-12T01:19:02Z,69.0,Charge 6
2025-11-12T01:19:04Z,72.0,Charge 6
2025-11-12T01:19:06Z,70.0,Charge 6
2025-11-12T01:19:08Z,69.0,Charge 6
2025-11-12T01:19:10Z,68.0,Charge 6
2025-11-12T01:19:12Z,67.0,Charge 6
2025-11-12T01:19:15Z,67.0,Charge 6
2025-11-12T01:19:16Z,67.0,Charge 6
2025-11-12T01:19:18Z,66.0,Charge 6
2025-11-12T01:19:21Z,66.0,Charge 6
2025-11-12T01:19:22Z,66.0,Charge 6
2025-11-12T01:19:25Z,66.0,Charge 6
2025-11-12T01:19:26Z,67.0,Charge 6
2025-11-12T01:19:27Z,68.0,Charge 6
2025-11-12T01:19:29Z,69.0,Charge 6
2025-11-12T01:19:32Z,69.0,Charge 6
2025-11-12T01:19:33Z,69.0,Charge 6
2025-11-12T01:19:35Z,68.0,Charge 6
2025-11-12T01:19:38Z,68.0,Charge 6
2025-11-12T01:19:39Z,68.0,Charge 6
2025-11-12T01:19:41Z,67.0,Charge 6
2025-11-12T01:19:44Z,67.0,Charge 6
2025-11-12T01:19:45Z,68.0,Charge 6
2025-11-12T01:19:47Z,69.0,Charge 6
2025-11-12T01:19:49Z,70.0,Charge 6
2025-11-12T01:19:50Z,71.0,Charge 6
2025-11-12T01:19:53Z,71.0,Charge 6
2025-11-12T01:19:54Z,70.0,Charge 6
2025-11-12T01:19:56Z,69.0,Charge 6
2025-11-12T01:19:58Z,68.0,Charge 6
2025-11-12T01:20:00Z,67.0,Charge 6
2025-11-12T01:20:02Z,66.0,Charge 6
2025-11-12T01:20:04Z,65.0,Charge 6
2025-11-12T01:20:07Z,65.0,Charge 6
2025-11-12T01:20:10Z,65.0,Charge 6
2025-11-12T01:20:13Z,65.0,Charge 6
2025-11-12T01:20:16Z,65.0,Charge 6
2025-11-12T01:20:17Z,66.0,Charge 6
2025-11-12T01:20:20Z,66.0,Charge 6
2025-11-12T01:20:21Z,67.0,Charge 6
2025-11-12T01:20:23Z,68.0,Charge 6
2025-11-12T01:20:26Z,68.0,Charge 6
2025-11-12T01:20:29Z,68.0,Charge 6
2025-11-12T01:20:31Z,68.0,Charge 6
2025-11-12T01:20:33Z,68.0,Charge 6
2025-11-12T01:20:35Z,68.0,Charge 6
2025-11-12T01:20:38Z,68.0,Charge 6
2025-11-12T01:20:41Z,68.0,Charge 6
2025-11-12T01:20:42Z,69.0,Charge 6
2025-11-12T01:20:45Z,69.0,Charge 6
2025-11-12T01:20:46Z,70.0,Charge 6
2025-11-12T01:20:49Z,70.0,Charge 6
2025-11-12T01:20:50Z,71.0,Charge 6
2025-11-12T01:20:52Z,72.0,Charge 6
2025-11-12T01:20:54Z,71.0,Charge 6
2025-11-12T01:20:57Z,71.0,Charge 6
2025-11-12T01:21:00Z,72.0,Charge 6
2025-11-12T01:21:03Z,73.0,Charge 6
2025-11-12T01:21:06Z,73.0,Charge 6
2025-11-12T01:21:07Z,72.0,Charge 6
2025-11-12T01:21:10Z,72.0,Charge 6
2025-11-12T01:21:11Z,73.0,Charge 6
2025-11-12T01:21:14Z,73.0,Charge 6
2025-11-12T01:21:15Z,74.0,Charge 6
2025-11-12T01:21:18Z,74.0,Charge 6
2025-11-12T01:21:19Z,75.0,Charge 6
2025-11-12T01:21:22Z,75.0,Charge 6
2025-11-12T01:21:23Z,76.0,Charge 6
2025-11-12T01:21:25Z,77.0,Charge 6
2025-11-12T01:21:28Z,78.0,Charge 6
2025-11-12T01:21:30Z,80.0,Charge 6
2025-11-12T01:21:33Z,80.0,Charge 6
2025-11-12T01:21:34Z,79.0,Charge 6
2025-11-12T01:21:36Z,77.0,Charge 6
2025-11-12T01:21:38Z,76.0,Charge 6
2025-11-12T01:21:40Z,75.0,Charge 6
2025-11-12T01:21:42Z,74.0,Charge 6
2025-11-12T01:21:44Z,72.0,Charge 6
2025-11-12T01:21:46Z,71.0,Charge 6
2025-11-12T01:21:49Z,71.0,Charge 6
2025-11-12T01:21:50Z,72.0,Charge 6
2025-11-12T01:21:51Z,74.0,Charge 6
2025-11-12T01:21:54Z,74.0,Charge 6
2025-11-12T01:21:57Z,75.0,Charge 6
2025-11-12T01:21:59Z,74.0,Charge 6
2025-11-12T01:22:01Z,73.0,Charge 6
2025-11-12T01:22:03Z,71.0,Charge 6
2025-11-12T01:22:05Z,70.0,Charge 6
2025-11-12T01:22:07Z,71.0,Charge 6
2025-11-12T01:22:10Z,71.0,Charge 6
2025-11-12T01:22:13Z,72.0,Charge 6
2025-11-12T01:22:16Z,70.0,Charge 6
2025-11-12T01:22:18Z,71.0,Charge 6
2025-11-12T01:22:20Z,71.0,Charge 6
2025-11-12T01:22:22Z,69.0,Charge 6
2025-11-12T01:22:24Z,68.0,Charge 6
2025-11-12T01:22:26Z,67.0,Charge 6
2025-11-12T01:22:28Z,66.0,Charge 6
2025-11-12T01:22:30Z,67.0,Charge 6
2025-11-12T01:22:33Z,67.0,Charge 6
2025-11-12T01:22:36Z,67.0,Charge 6
2025-11-12T01:22:38Z,66.0,Charge 6
2025-11-12T01:22:39Z,65.0,Charge 6
2025-11-12T01:22:41Z,64.0,Charge 6
2025-11-12T01:22:44Z,64.0,Charge 6
2025-11-12T01:22:47Z,64.0,Charge 6
2025-11-12T01:22:50Z,64.0,Charge 6
2025-11-12T01:22:51Z,65.0,Charge 6
2025-11-12T01:22:54Z,65.0,Charge 6
2025-11-12T01:22:57Z,65.0,Charge 6
2025-11-12T01:23:00Z,65.0,Charge 6
2025-11-12T01:23:01Z,66.0,Charge 6
2025-11-12T01:23:04Z,67.0,Charge 6
2025-11-12T01:23:06Z,69.0,Charge 6
2025-11-12T01:23:09Z,71.0,Charge 6
2025-11-12T01:23:11Z,70.0,Charge 6
2025-11-12T01:23:13Z,71.0,Charge 6
2025-11-12T01:23:16Z,69.0,Charge 6
2025-11-12T01:23:19Z,69.0,Charge 6
2025-11-12T01:23:22Z,69.0,Charge 6
2025-11-12T01:23:24Z,70.0,Charge 6
2025-11-12T01:23:26Z,71.0,Charge 6
2025-11-12T01:23:28Z,70.0,Charge 6
2025-11-12T01:23:30Z,71.0,Charge 6
2025-11-12T01:23:32Z,72.0,Charge 6
2025-11-12T01:23:34Z,73.0,Charge 6
2025-11-12T01:23:37Z,73.0,Charge 6
2025-11-12T01:23:40Z,74.0,Charge 6
2025-11-12T01:23:41Z,76.0,Charge 6
2025-11-12T01:23:43Z,77.0,Charge 6
2025-11-12T01:23:45Z,79.0,Charge 6
2025-11-12T01:23:47Z,81.0,Charge 6
2025-11-12T01:23:49Z,80.0,Charge 6
2025-11-12T01:23:52Z,80.0,Charge 6
2025-11-12T01:23:53Z,78.0,Charge 6
2025-11-12T01:23:56Z,78.0,Charge 6
2025-11-12T01:23:57Z,77.0,Charge 6
2025-11-12T01:24:00Z,77.0,Charge 6
2025-11-12T01:24:03Z,76.0,Charge 6
2025-11-12T01:24:06Z,76.0,Charge 6
2025-11-12T01:24:09Z,76.0,Charge 6
2025-11-12T01:24:12Z,75.0,Charge 6
2025-11-12T01:24:15Z,75.0,Charge 6
2025-11-12T01:24:18Z,74.0,Charge 6
2025-11-12T01:24:20Z,72.0,Charge 6
2025-11-12T01:24:23Z,72.0,Charge 6
2025-11-12T01:24:24Z,73.0,Charge 6
2025-11-12T01:24:26Z,72.0,Charge 6
2025-11-12T01:24:29Z,73.0,Charge 6
2025-11-12T01:24:31Z,72.0,Charge 6
2025-11-12T01:24:34Z,72.0,Charge 6
2025-11-12T01:24:35Z,75.0,Charge 6
2025-11-12T01:24:37Z,76.0,Charge 6
2025-11-12T01:24:39Z,75.0,Charge 6
2025-11-12T01:24:41Z,76.0,Charge 6
2025-11-12T01:24:43Z,80.0,Charge 6
2025-11-12T01:24:45Z,80.0,Charge 6
2025-11-12T01:24:47Z,82.0,Charge 6
2025-11-12T01:24:49Z,82.0,Charge 6
2025-11-12T01:24:51Z,81.0,Charge 6
2025-11-12T01:24:52Z,87.0,Charge 6
2025-11-12T01:24:54Z,83.0,Charge 6
2025-11-12T01:24:56Z,78.0,Charge 6
2025-11-12T01:24:58Z,80.0,Charge 6
2025-11-12T01:25:00Z,78.0,Charge 6
2025-11-12T01:25:02Z,76.0,Charge 6
2025-11-12T01:25:04Z,78.0,Charge 6
2025-11-12T01:25:06Z,86.0,Charge 6
2025-11-12T01:25:08Z,87.0,Charge 6
2025-11-12T01:25:10Z,86.0,Charge 6
2025-11-12T01:25:12Z,85.0,Charge 6
2025-11-12T01:25:14Z,84.0,Charge 6
2025-11-12T01:25:16Z,84.0,Charge 6
2025-11-12T01:25:19Z,84.0,Charge 6
2025-11-12T01:25:22Z,84.0,Charge 6
2025-11-12T01:25:25Z,85.0,Charge 6
2025-11-12T01:25:27Z,86.0,Charge 6
2025-11-12T01:25:29Z,86.0,Charge 6
2025-11-12T01:25:31Z,89.0,Charge 6
2025-11-12T01:25:33Z,101.0,Charge 6
2025-11-12T01:25:35Z,103.0,Charge 6
2025-11-12T01:25:37Z,105.0,Charge 6
2025-11-12T01:25:39Z,107.0,Charge 6
2025-11-12T01:25:40Z,109.0,Charge 6
2025-11-12T01:25:42Z,111.0,Charge 6
2025-11-12T01:25:45Z,111.0,Charge 6
2025-11-12T01:25:46Z,110.0,Charge 6
2025-11-12T01:25:48Z,108.0,Charge 6
2025-11-12T01:25:50Z,104.0,Charge 6
2025-11-12T01:25:52Z,102.0,Charge 6
2025-11-12T01:25:54Z,101.0,Charge 6
2025-11-12T01:25:57Z,101.0,Charge 6
2025-11-12T01:25:58Z,102.0,Charge 6
2025-11-12T01:26:00Z,104.0,Charge 6
2025-11-12T01:26:03Z,104.0,Charge 6
2025-11-12T01:26:04Z,107.0,Charge 6
2025-11-12T01:26:05Z,110.0,Charge 6
2025-11-12T01:26:07Z,112.0,Charge 6
2025-11-12T01:26:09Z,113.0,Charge 6
2025-11-12T01:26:11Z,114.0,Charge 6
2025-11-12T01:26:14Z,114.0,Charge 6
2025-11-12T01:26:15Z,115.0,Charge 6
2025-11-12T01:26:18Z,115.0,Charge 6
2025-11-12T01:26:19Z,115.0,Charge 6
2025-11-12T01:26:21Z,114.0,Charge 6
2025-11-12T01:26:23Z,113.0,Charge 6
2025-11-12T01:26:26Z,113.0,Charge 6
2025-11-12T01:26:28Z,114.0,Charge 6
2025-11-12T01:26:30Z,115.0,Charge 6
2025-11-12T01:26:33Z,115.0,Charge 6
2025-11-12T01:26:34Z,114.0,Charge 6
2025-11-12T01:26:36Z,115.0,Charge 6
2025-11-12T01:26:38Z,116.0,Charge 6
2025-11-12T01:26:41Z,116.0,Charge 6
2025-11-12T01:26:42Z,115.0,Charge 6
2025-11-12T01:26:44Z,114.0,Charge 6
2025-11-12T01:26:47Z,114.0,Charge 6
2025-11-12T01:26:50Z,114.0,Charge 6
2025-11-12T01:26:52Z,113.0,Charge 6
2025-11-12T01:26:55Z,111.0,Charge 6
2025-11-12T01:26:57Z,112.0,Charge 6
2025-11-12T01:26:59Z,111.0,Charge 6
2025-11-12T01:27:01Z,110.0,Charge 6
2025-11-12T01:27:03Z,106.0,Charge 6
2025-11-12T01:27:05Z,102.0,Charge 6
2025-11-12T01:27:07Z,100.0,Charge 6
2025-11-12T01:27:09Z,99.0,Charge 6
2025-11-12T01:27:11Z,100.0,Charge 6
2025-11-12T01:27:13Z,101.0,Charge 6
2025-11-12T01:27:16Z,98.0,Charge 6
2025-11-12T01:27:18Z,94.0,Charge 6
2025-11-12T01:27:20Z,93.0,Charge 6
2025-11-12T01:27:22Z,94.0,Charge 6
2025-11-12T01:27:25Z,94.0,Charge 6
2025-11-12T01:27:26Z,92.0,Charge 6
2025-11-12T01:27:28Z,91.0,Charge 6
2025-11-12T01:27:30Z,92.0,Charge 6
2025-11-12T01:27:33Z,92.0,Charge 6
2025-11-12T01:27:36Z,88.0,Charge 6
2025-11-12T01:27:38Z,87.0,Charge 6
2025-11-12T01:27:40Z,88.0,Charge 6
2025-11-12T01:27:43Z,88.0,Charge 6
2025-11-12T01:27:45Z,89.0,Charge 6
2025-11-12T01:27:48Z,89.0,Charge 6
2025-11-12T01:27:51Z,88.0,Charge 6
2025-11-12T01:27:53Z,89.0,Charge 6
2025-11-12T01:27:56Z,89.0,Charge 6
2025-11-12T01:27:57Z,88.0,Charge 6
2025-11-12T01:27:59Z,87.0,Charge 6
2025-11-12T01:28:01Z,85.0,Charge 6
2025-11-12T01:28:03Z,89.0,Charge 6
2025-11-12T01:28:04Z,90.0,Charge 6
2025-11-12T01:28:06Z,87.0,Charge 6
2025-11-12T01:28:08Z,84.0,Charge 6
2025-11-12T01:28:10Z,81.0,Charge 6
2025-11-12T01:28:13Z,81.0,Charge 6
2025-11-12T01:28:14Z,74.0,Charge 6
2025-11-12T01:28:16Z,72.0,Charge 6
2025-11-12T01:28:18Z,69.0,Charge 6
2025-11-12T01:28:20Z,67.0,Charge 6
2025-11-12T01:28:22Z,68.0,Charge 6
2025-11-12T01:28:25Z,68.0,Charge 6
2025-11-12T01:28:28Z,69.0,Charge 6
2025-11-12T01:28:31Z,69.0,Charge 6
2025-11-12T01:28:33Z,70.0,Charge 6
2025-11-12T01:28:36Z,70.0,Charge 6
2025-11-12T01:28:39Z,71.0,Charge 6
2025-11-12T01:28:42Z,71.0,Charge 6
2025-11-12T01:28:43Z,73.0,Charge 6
2025-11-12T01:28:45Z,71.0,Charge 6
2025-11-12T01:28:47Z,77.0,Charge 6
2025-11-12T01:28:49Z,78.0,Charge 6
2025-11-12T01:28:51Z,77.0,Charge 6
2025-11-12T01:28:52Z,76.0,Charge 6
2025-11-12T01:28:55Z,76.0,Charge 6
2025-11-12T01:28:58Z,75.0,Charge 6
2025-11-12T01:29:01Z,75.0,Charge 6
2025-11-12T01:29:02Z,77.0,Charge 6
2025-11-12T01:29:05Z,77.0,Charge 6
2025-11-12T01:29:06Z,74.0,Charge 6
2025-11-12T01:29:08Z,76.0,Charge 6
2025-11-12T01:29:10Z,75.0,Charge 6
2025-11-12T01:29:12Z,73.0,Charge 6
2025-11-12T01:29:14Z,78.0,Charge 6
2025-11-12T01:29:16Z,85.0,Charge 6
2025-11-12T01:29:17Z,92.0,Charge 6
2025-11-12T01:29:19Z,95.0,Charge 6
2025-11-12T01:29:21Z,92.0,Charge 6
2025-11-12T01:29:23Z,87.0,Charge 6
2025-11-12T01:29:25Z,81.0,Charge 6
2025-11-12T01:29:27Z,79.0,Charge 6
2025-11-12T01:29:29Z,78.0,Charge 6
2025-11-12T01:29:31Z,77.0,Charge 6
2025-11-12T01:29:33Z,76.0,Charge 6
2025-11-12T01:29:36Z,76.0,Charge 6
2025-11-12T01:29:37Z,74.0,Charge 6
2025-11-12T01:29:39Z,73.0,Charge 6
2025-11-12T01:29:42Z,75.0,Charge 6
2025-11-12T01:29:45Z,75.0,Charge 6
2025-11-12T01:29:46Z,77.0,Charge 6
2025-11-12T01:29:48Z,78.0,Charge 6
2025-11-12T01:29:51Z,78.0,Charge 6
2025-11-12T01:29:52Z,80.0,Charge 6
2025-11-12T01:29:54Z,81.0,Charge 6
2025-11-12T01:29:56Z,79.0,Charge 6
2025-11-12T01:29:58Z,76.0,Charge 6
2025-11-12T01:30:00Z,74.0,Charge 6
2025-11-12T01:30:02Z,73.0,Charge 6
2025-11-12T01:30:05Z,72.0,Charge 6
2025-11-12T01:30:08Z,72.0,Charge 6
2025-11-12T01:30:11Z,71.0,Charge 6
2025-11-12T01:30:13Z,71.0,Charge 6
2025-11-12T01:30:15Z,70.0,Charge 6
2025-11-12T01:30:17Z,71.0,Charge 6
2025-11-12T01:30:19Z,72.0,Charge 6
2025-11-12T01:30:21Z,71.0,Charge 6
2025-11-12T01:30:23Z,70.0,Charge 6
2025-11-12T01:30:25Z,75.0,Charge 6
2025-11-12T01:30:27Z,81.0,Charge 6
2025-11-12T01:30:28Z,87.0,Charge 6
2025-11-12T01:30:30Z,89.0,Charge 6
2025-11-12T01:30:33Z,89.0,Charge 6
2025-11-12T01:30:36Z,86.0,Charge 6
2025-11-12T01:30:38Z,83.0,Charge 6
2025-11-12T01:30:40Z,81.0,Charge 6
2025-11-12T01:30:42Z,82.0,Charge 6
2025-11-12T01:30:45Z,82.0,Charge 6
2025-11-12T01:30:48Z,82.0,Charge 6
2025-11-12T01:30:50Z,80.0,Charge 6
2025-11-12T01:30:52Z,78.0,Charge 6
2025-11-12T01:30:53Z,76.0,Charge 6
2025-11-12T01:30:55Z,75.0,Charge 6
2025-11-12T01:30:58Z,75.0,Charge 6
2025-11-12T01:30:59Z,74.0,Charge 6
2025-11-12T01:31:02Z,74.0,Charge 6
2025-11-12T01:31:03Z,74.0,Charge 6
2025-11-12T01:31:05Z,74.0,Charge 6
2025-11-12T01:31:07Z,73.0,Charge 6
2025-11-12T01:31:09Z,73.0,Charge 6
2025-11-12T01:31:12Z,73.0,Charge 6
2025-11-12T01:31:13Z,74.0,Charge 6
2025-11-12T01:31:16Z,74.0,Charge 6
2025-11-12T01:31:18Z,73.0,Charge 6
2025-11-12T01:31:21Z,73.0,Charge 6
2025-11-12T01:31:24Z,72.0,Charge 6
2025-11-12T01:31:26Z,73.0,Charge 6
2025-11-12T01:31:28Z,75.0,Charge 6
2025-11-12T01:31:30Z,77.0,Charge 6
2025-11-12T01:31:32Z,78.0,Charge 6
2025-11-12T01:31:35Z,78.0,Charge 6
2025-11-12T01:31:36Z,77.0,Charge 6
2025-11-12T01:31:39Z,77.0,Charge 6
2025-11-12T01:31:40Z,78.0,Charge 6
2025-11-12T01:31:41Z,77.0,Charge 6
2025-11-12T01:31:43Z,76.0,Charge 6
2025-11-12T01:31:45Z,75.0,Charge 6
2025-11-12T01:31:48Z,75.0,Charge 6
2025-11-12T01:31:49Z,74.0,Charge 6
2025-11-12T01:31:51Z,73.0,Charge 6
2025-11-12T01:31:53Z,71.0,Charge 6
2025-11-12T01:31:56Z,71.0,Charge 6
2025-11-12T01:31:59Z,72.0,Charge 6
2025-11-12T01:32:01Z,69.0,Charge 6
2025-11-12T01:32:03Z,68.0,Charge 6
2025-11-12T01:32:04Z,67.0,Charge 6
2025-11-12T01:32:06Z,67.0,Charge 6
2025-11-12T01:32:08Z,68.0,Charge 6
2025-11-12T01:32:10Z,67.0,Charge 6
2025-11-12T01:32:12Z,70.0,Charge 6
2025-11-12T01:32:15Z,70.0,Charge 6
2025-11-12T01:32:18Z,72.0,Charge 6
2025-11-12T01:32:20Z,73.0,Charge 6
2025-11-12T01:32:23Z,73.0,Charge 6
2025-11-12T01:32:24Z,71.0,Charge 6
2025-11-12T01:32:26Z,72.0,Charge 6
2025-11-12T01:32:28Z,71.0,Charge 6
2025-11-12T01:32:31Z,71.0,Charge 6
2025-11-12T01:32:34Z,71.0,Charge 6
2025-11-12T01:32:35Z,72.0,Charge 6
2025-11-12T01:32:38Z,72.0,Charge 6
2025-11-12T01:32:41Z,73.0,Charge 6
2025-11-12T01:32:43Z,71.0,Charge 6
2025-11-12T01:32:45Z,72.0,Charge 6
2025-11-12T01:32:47Z,73.0,Charge 6
2025-11-12T01:32:49Z,71.0,Charge 6
2025-11-12T01:32:52Z,71.0,Charge 6
2025-11-12T01:32:54Z,70.0,Charge 6
2025-11-12T01:32:56Z,72.0,Charge 6
2025-11-12T01:32:58Z,71.0,Charge 6
2025-11-12T01:33:01Z,71.0,Charge 6
2025-11-12T01:33:04Z,72.0,Charge 6
2025-11-12T01:33:07Z,72.0,Charge 6
2025-11-12T01:33:08Z,72.0,Charge 6
2025-11-12T01:33:10Z,71.0,Charge 6
2025-11-12T01:33:13Z,71.0,Charge 6
2025-11-12T01:33:16Z,70.0,Charge 6
2025-11-12T01:33:19Z,70.0,Charge 6
2025-11-12T01:33:22Z,70.0,Charge 6
2025-11-12T01:33:25Z,70.0,Charge 6
2025-11-12T01:33:27Z,69.0,Charge 6
2025-11-12T01:33:29Z,70.0,Charge 6
2025-11-12T01:33:32Z,70.0,Charge 6
2025-11-12T01:33:35Z,71.0,Charge 6
2025-11-12T01:33:37Z,74.0,Charge 6
2025-11-12T01:33:40Z,74.0,Charge 6
2025-11-12T01:33:43Z,74.0,Charge 6
2025-11-12T01:33:44Z,72.0,Charge 6
2025-11-12T01:33:46Z,71.0,Charge 6
2025-11-12T01:33:49Z,71.0,Charge 6
2025-11-12T01:33:50Z,70.0,Charge 6
2025-11-12T01:33:53Z,70.0,Charge 6
2025-11-12T01:33:54Z,71.0,Charge 6
2025-11-12T01:33:57Z,71.0,Charge 6
2025-11-12T01:34:00Z,71.0,Charge 6
2025-11-12T01:34:02Z,73.0,Charge 6
2025-11-12T01:34:04Z,74.0,Charge 6
2025-11-12T01:34:05Z,75.0,Charge 6
2025-11-12T01:34:07Z,76.0,Charge 6
2025-11-12T01:34:10Z,76.0,Charge 6
2025-11-12T01:34:11Z,75.0,Charge 6
2025-11-12T01:34:13Z,77.0,Charge 6
2025-11-12T01:34:15Z,76.0,Charge 6
2025-11-12T01:34:17Z,77.0,Charge 6
2025-11-12T01:34:19Z,76.0,Charge 6
2025-11-12T01:34:22Z,76.0,Charge 6
2025-11-12T01:34:23Z,74.0,Charge 6
2025-11-12T01:34:25Z,69.0,Charge 6
2025-11-12T01:34:27Z,68.0,Charge 6
2025-11-12T01:34:28Z,69.0,Charge 6
2025-11-12T01:34:31Z,69.0,Charge 6
2025-11-12T01:34:34Z,71.0,Charge 6
2025-11-12T01:34:36Z,70.0,Charge 6
2025-11-12T01:34:39Z,70.0,Charge 6
2025-11-12T01:34:40Z,69.0,Charge 6
2025-11-12T01:34:42Z,69.0,Charge 6
2025-11-12T01:34:44Z,70.0,Charge 6
2025-11-12T01:34:47Z,70.0,Charge 6
2025-11-12T01:34:50Z,71.0,Charge 6
2025-11-12T01:34:52Z,72.0,Charge 6
2025-11-12T01:34:53Z,71.0,Charge 6
2025-11-12T01:34:55Z,70.0,Charge 6
2025-11-12T01:34:57Z,72.0,Charge 6
2025-11-12T01:34:59Z,73.0,Charge 6
2025-11-12T01:35:02Z,73.0,Charge 6
2025-11-12T01:35:03Z,71.0,Charge 6
2025-11-12T01:35:05Z,69.0,Charge 6
2025-11-12T01:35:07Z,68.0,Charge 6
2025-11-12T01:35:09Z,67.0,Charge 6
2025-11-12T01:35:11Z,66.0,Charge 6
2025-11-12T01:35:14Z,66.0,Charge 6
2025-11-12T01:35:15Z,67.0,Charge 6
2025-11-12T01:35:18Z,68.0,Charge 6
2025-11-12T01:35:20Z,70.0,Charge 6
2025-11-12T01:35:22Z,73.0,Charge 6
2025-11-12T01:35:24Z,74.0,Charge 6
2025-11-12T01:35:26Z,72.0,Charge 6
2025-11-12T01:35:28Z,73.0,Charge 6
2025-11-12T01:35:30Z,74.0,Charge 6
2025-11-12T01:35:33Z,74.0,Charge 6
2025-11-12T01:35:34Z,73.0,Charge 6
2025-11-12T01:35:36Z,74.0,Charge 6
2025-11-12T01:35:38Z,76.0,Charge 6
2025-11-12T01:35:40Z,75.0,Charge 6
2025-11-12T01:35:41Z,73.0,Charge 6
2025-11-12T01:35:43Z,72.0,Charge 6
2025-11-12T01:35:46Z,72.0,Charge 6
2025-11-12T01:35:47Z,70.0,Charge 6
2025-11-12T01:35:50Z,70.0,Charge 6
2025-11-12T01:35:53Z,69.0,Charge 6
2025-11-12T01:35:55Z,69.0,Charge 6
2025-11-12T01:35:57Z,68.0,Charge 6
2025-11-12T01:36:00Z,68.0,Charge 6
2025-11-12T01:36:01Z,69.0,Charge 6
2025-11-12T01:36:03Z,69.0,Charge 6
2025-11-12T01:36:04Z,70.0,Charge 6
2025-11-12T01:36:06Z,71.0,Charge 6
2025-11-12T01:36:08Z,73.0,Charge 6
2025-11-12T01:36:10Z,74.0,Charge 6
2025-11-12T01:36:12Z,79.0,Charge 6
2025-11-12T01:36:14Z,82.0,Charge 6
2025-11-12T01:36:17Z,82.0,Charge 6
2025-11-12T01:36:18Z,78.0,Charge 6
2025-11-12T01:36:20Z,75.0,Charge 6
2025-11-12T01:36:22Z,80.0,Charge 6
2025-11-12T01:36:24Z,78.0,Charge 6
2025-11-12T01:36:26Z,74.0,Charge 6
2025-11-12T01:36:29Z,72.0,Charge 6
2025-11-12T01:36:31Z,73.0,Charge 6
2025-11-12T01:36:33Z,76.0,Charge 6
2025-11-12T01:36:35Z,75.0,Charge 6
2025-11-12T01:36:38Z,75.0,Charge 6
2025-11-12T01:36:39Z,78.0,Charge 6
2025-11-12T01:36:41Z,81.0,Charge 6
2025-11-12T01:36:43Z,82.0,Charge 6
2025-11-12T01:36:45Z,86.0,Charge 6
2025-11-12T01:36:48Z,86.0,Charge 6
2025-11-12T01:36:49Z,84.0,Charge 6
2025-11-12T01:36:51Z,83.0,Charge 6
2025-11-12T01:36:54Z,82.0,Charge 6
2025-11-12T01:36:56Z,81.0,Charge 6
2025-11-12T01:36:58Z,81.0,Charge 6
2025-11-12T01:37:00Z,83.0,Charge 6
2025-11-12T01:37:03Z,83.0,Charge 6
2025-11-12T01:37:06Z,83.0,Charge 6
2025-11-12T01:37:08Z,85.0,Charge 6
2025-11-12T01:37:10Z,83.0,Charge 6
2025-11-12T01:37:12Z,79.0,Charge 6
2025-11-12T01:37:15Z,79.0,Charge 6
2025-11-12T01:37:16Z,80.0,Charge 6
2025-11-12T01:37:17Z,79.0,Charge 6
2025-11-12T01:37:19Z,78.0,Charge 6
2025-11-12T01:37:21Z,75.0,Charge 6
2025-11-12T01:37:23Z,74.0,Charge 6
2025-11-12T01:37:25Z,73.0,Charge 6
2025-11-12T01:37:27Z,74.0,Charge 6
2025-11-12T01:37:30Z,74.0,Charge 6
2025-11-12T01:37:31Z,74.0,Charge 6
2025-11-12T01:37:34Z,74.0,Charge 6
2025-11-12T01:37:37Z,74.0,Charge 6
2025-11-12T01:37:39Z,74.0,Charge 6
2025-11-12T01:37:40Z,73.0,Charge 6
2025-11-12T01:37:42Z,72.0,Charge 6
2025-11-12T01:37:44Z,71.0,Charge 6
2025-11-12T01:37:47Z,71.0,Charge 6
2025-11-12T01:37:48Z,72.0,Charge 6
2025-11-12T01:37:51Z,72.0,Charge 6
2025-11-12T01:37:54Z,71.0,Charge 6
2025-11-12T01:37:56Z,70.0,Charge 6
2025-11-12T01:37:59Z,70.0,Charge 6
2025-11-12T01:38:00Z,72.0,Charge 6
2025-11-12T01:38:03Z,72.0,Charge 6
2025-11-12T01:38:04Z,69.0,Charge 6
2025-11-12T01:38:05Z,68.0,Charge 6
2025-11-12T01:38:08Z,68.0,Charge 6
2025-11-12T01:38:09Z,67.0,Charge 6
2025-11-12T01:38:12Z,67.0,Charge 6
2025-11-12T01:38:13Z,66.0,Charge 6
2025-11-12T01:38:14Z,67.0,Charge 6
2025-11-12T01:38:17Z,67.0,Charge 6
2025-11-12T01:38:18Z,66.0,Charge 6
2025-11-12T01:38:21Z,66.0,Charge 6
2025-11-12T01:38:24Z,68.0,Charge 6
2025-11-12T01:38:27Z,68.0,Charge 6
2025-11-12T01:38:28Z,70.0,Charge 6
2025-11-12T01:38:30Z,66.0,Charge 6
2025-11-12T01:38:33Z,66.0,Charge 6
2025-11-12T01:38:36Z,66.0,Charge 6
2025-11-12T01:38:37Z,67.0,Charge 6
2025-11-12T01:38:39Z,68.0,Charge 6
2025-11-12T01:38:41Z,70.0,Charge 6
2025-11-12T01:38:43Z,69.0,Charge 6
2025-11-12T01:38:46Z,69.0,Charge 6
2025-11-12T01:38:47Z,70.0,Charge 6
2025-11-12T01:38:50Z,70.0,Charge 6
2025-11-12T01:38:51Z,73.0,Charge 6
2025-11-12T01:38:53Z,72.0,Charge 6
2025-11-12T01:38:55Z,71.0,Charge 6
2025-11-12T01:38:57Z,73.0,Charge 6
2025-11-12T01:38:59Z,72.0,Charge 6
2025-11-12T01:39:02Z,73.0,Charge 6
2025-11-12T01:39:05Z,73.0,Charge 6
2025-11-12T01:39:08Z,73.0,Charge 6
2025-11-12T01:39:10Z,74.0,Charge 6
2025-11-12T01:39:12Z,77.0,Charge 6
2025-11-12T01:39:14Z,78.0,Charge 6
2025-11-12T01:39:16Z,74.0,Charge 6
2025-11-12T01:39:18Z,72.0,Charge 6
2025-11-12T01:39:21Z,72.0,Charge 6
2025-11-12T01:39:22Z,70.0,Charge 6
2025-11-12T01:39:24Z,69.0,Charge 6
2025-11-12T01:39:25Z,70.0,Charge 6
2025-11-12T01:39:27Z,71.0,Charge 6
2025-11-12T01:39:29Z,72.0,Charge 6
2025-11-12T01:39:31Z,73.0,Charge 6
2025-11-12T01:39:34Z,73.0,Charge 6
2025-11-12T01:39:35Z,72.0,Charge 6
2025-11-12T01:39:38Z,72.0,Charge 6
2025-11-12T01:39:39Z,71.0,Charge 6
2025-11-12T01:39:42Z,71.0,Charge 6
2025-11-12T01:39:45Z,71.0,Charge 6
2025-11-12T01:39:47Z,70.0,Charge 6
2025-11-12T01:39:48Z,69.0,Charge 6
2025-11-12T01:39:50Z,68.0,Charge 6
2025-11-12T01:39:52Z,67.0,Charge 6
2025-11-12T01:39:55Z,67.0,Charge 6
2025-11-12T01:39:58Z,67.0,Charge 6
2025-11-12T01:40:01Z,67.0,Charge 6
2025-11-12T01:40:02Z,68.0,Charge 6
2025-11-12T01:40:05Z,68.0,Charge 6
2025-11-12T01:40:06Z,69.0,Charge 6
2025-11-12T01:40:08Z,70.0,Charge 6
2025-11-12T01:40:11Z,70.0,Charge 6
2025-11-12T01:40:14Z,70.0,Charge 6
2025-11-12T01:40:15Z,71.0,Charge 6
2025-11-12T01:40:18Z,71.0,Charge 6
2025-11-12T01:40:21Z,71.0,Charge 6
2025-11-12T01:40:24Z,71.0,Charge 6
2025-11-12T01:40:25Z,72.0,Charge 6
2025-11-12T01:40:27Z,71.0,Charge 6
2025-11-12T01:40:29Z,70.0,Charge 6
2025-11-12T01:40:31Z,71.0,Charge 6
2025-11-12T01:40:33Z,70.0,Charge 6
2025-11-12T01:40:35Z,69.0,Charge 6
2025-11-12T01:40:36Z,70.0,Charge 6
2025-11-12T01:40:38Z,69.0,Charge 6
2025-11-12T01:40:40Z,71.0,Charge 6
2025-11-12T01:40:42Z,72.0,Charge 6
2025-11-12T01:40:45Z,72.0,Charge 6
2025-11-12T01:40:46Z,72.0,Charge 6
2025-11-12T01:40:49Z,72.0,Charge 6
2025-11-12T01:40:50Z,71.0,Charge 6
2025-11-12T01:40:53Z,71.0,Charge 6
2025-11-12T01:40:54Z,72.0,Charge 6
2025-11-12T01:40:56Z,71.0,Charge 6
2025-11-12T01:40:58Z,70.0,Charge 6
2025-11-12T01:41:00Z,69.0,Charge 6
2025-11-12T01:41:01Z,68.0,Charge 6
2025-11-12T01:41:03Z,67.0,Charge 6
2025-11-12T01:41:06Z,67.0,Charge 6
2025-11-12T01:41:09Z,66.0,Charge 6
2025-11-12T01:41:11Z,68.0,Charge 6
2025-11-12T01:41:13Z,67.0,Charge 6
2025-11-12T01:41:15Z,68.0,Charge 6
2025-11-12T01:41:18Z,68.0,Charge 6
2025-11-12T01:41:19Z,69.0,Charge 6
2025-11-12T01:41:21Z,70.0,Charge 6
2025-11-12T01:41:23Z,72.0,Charge 6
2025-11-12T01:41:24Z,73.0,Charge 6
2025-11-12T01:41:26Z,74.0,Charge 6
2025-11-12T01:41:28Z,73.0,Charge 6
2025-11-12T01:41:30Z,73.0,Charge 6
2025-11-12T01:41:33Z,73.0,Charge 6
2025-11-12T01:41:34Z,72.0,Charge 6
2025-11-12T01:41:37Z,72.0,Charge 6
2025-11-12T01:41:40Z,71.0,Charge 6
2025-11-12T01:41:42Z,72.0,Charge 6
2025-11-12T01:41:44Z,73.0,Charge 6
2025-11-12T01:41:46Z,74.0,Charge 6
2025-11-12T01:41:49Z,75.0,Charge 6
2025-11-12T01:41:51Z,78.0,Charge 6
2025-11-12T01:41:53Z,77.0,Charge 6
2025-11-12T01:41:56Z,77.0,Charge 6
2025-11-12T01:41:57Z,74.0,Charge 6
2025-11-12T01:41:59Z,72.0,Charge 6
2025-11-12T01:42:01Z,71.0,Charge 6
2025-11-12T01:42:04Z,71.0,Charge 6
2025-11-12T01:42:07Z,71.0,Charge 6
2025-11-12T01:42:10Z,71.0,Charge 6
2025-11-12T01:42:12Z,72.0,Charge 6
2025-11-12T01:42:14Z,72.0,Charge 6
2025-11-12T01:42:16Z,73.0,Charge 6
2025-11-12T01:42:18Z,74.0,Charge 6
2025-11-12T01:42:21Z,74.0,Charge 6
2025-11-12T01:42:24Z,74.0,Charge 6
2025-11-12T01:42:27Z,74.0,Charge 6
2025-11-12T01:42:28Z,73.0,Charge 6
2025-11-12T01:42:30Z,74.0,Charge 6
2025-11-12T01:42:32Z,73.0,Charge 6
2025-11-12T01:42:34Z,72.0,Charge 6
2025-11-12T01:42:36Z,73.0,Charge 6
2025-11-12T01:42:37Z,74.0,Charge 6
2025-11-12T01:42:39Z,76.0,Charge 6
2025-11-12T01:42:41Z,77.0,Charge 6
2025-11-12T01:42:43Z,78.0,Charge 6
2025-11-12T01:42:46Z,78.0,Charge 6
2025-11-12T01:42:49Z,78.0,Charge 6
2025-11-12T01:42:52Z,78.0,Charge 6
2025-11-12T01:42:53Z,76.0,Charge 6
2025-11-12T01:42:55Z,76.0,Charge 6
2025-11-12T01:42:57Z,74.0,Charge 6
2025-11-12T01:42:59Z,74.0,Charge 6
2025-11-12T01:43:02Z,74.0,Charge 6
2025-11-12T01:43:04Z,75.0,Charge 6
2025-11-12T01:43:06Z,76.0,Charge 6
2025-11-12T01:43:09Z,76.0,Charge 6
2025-11-12T01:43:12Z,76.0,Charge 6
2025-11-12T01:43:14Z,77.0,Charge 6
2025-11-12T01:43:16Z,78.0,Charge 6
2025-11-12T01:43:18Z,80.0,Charge 6
2025-11-12T01:43:20Z,82.0,Charge 6
2025-11-12T01:43:22Z,80.0,Charge 6
2025-11-12T01:43:24Z,78.0,Charge 6
2025-11-12T01:43:25Z,76.0,Charge 6
2025-11-12T01:43:28Z,76.0,Charge 6
2025-11-12T01:43:29Z,74.0,Charge 6
2025-11-12T01:43:32Z,74.0,Charge 6
2025-11-12T01:43:33Z,73.0,Charge 6
2025-11-12T01:43:35Z,72.0,Charge 6
2025-11-12T01:43:37Z,70.0,Charge 6
2025-11-12T01:43:39Z,72.0,Charge 6
2025-11-12T01:43:42Z,72.0,Charge 6
2025-11-12T01:43:43Z,73.0,Charge 6
2025-11-12T01:43:45Z,74.0,Charge 6
2025-11-12T01:43:48Z,76.0,Charge 6
2025-11-12T01:43:50Z,77.0,Charge 6
2025-11-12T01:43:53Z,77.0,Charge 6
2025-11-12T01:43:54Z,78.0,Charge 6
2025-11-12T01:43:57Z,78.0,Charge 6
2025-11-12T01:44:00Z,78.0,Charge 6
2025-11-12T01:44:02Z,77.0,Charge 6
2025-11-12T01:44:04Z,76.0,Charge 6
2025-11-12T01:44:07Z,76.0,Charge 6
2025-11-12T01:44:08Z,74.0,Charge 6
2025-11-12T01:44:11Z,74.0,Charge 6
2025-11-12T01:44:12Z,76.0,Charge 6
2025-11-12T01:44:13Z,74.0,Charge 6
2025-11-12T01:44:15Z,76.0,Charge 6
2025-11-12T01:44:18Z,76.0,Charge 6
2025-11-12T01:44:19Z,79.0,Charge 6
2025-11-12T01:44:22Z,79.0,Charge 6
2025-11-12T01:44:23Z,79.0,Charge 6
2025-11-12T01:44:25Z,78.0,Charge 6
2025-11-12T01:44:27Z,76.0,Charge 6
2025-11-12T01:44:29Z,75.0,Charge 6
2025-11-12T01:44:31Z,74.0,Charge 6
2025-11-12T01:44:33Z,72.0,Charge 6
2025-11-12T01:44:35Z,71.0,Charge 6
2025-11-12T01:44:38Z,72.0,Charge 6
2025-11-12T01:44:40Z,73.0,Charge 6
2025-11-12T01:44:42Z,72.0,Charge 6
2025-11-12T01:44:45Z,72.0,Charge 6
2025-11-12T01:44:46Z,75.0,Charge 6
2025-11-12T01:44:49Z,75.0,Charge 6
2025-11-12T01:44:52Z,76.0,Charge 6
2025-11-12T01:44:55Z,76.0,Charge 6
2025-11-12T01:44:56Z,78.0,Charge 6
2025-11-12T01:44:58Z,81.0,Charge 6
2025-11-12T01:45:00Z,75.0,Charge 6
2025-11-12T01:45:01Z,76.0,Charge 6
2025-11-12T01:45:03Z,77.0,Charge 6
2025-11-12T01:45:05Z,73.0,Charge 6
2025-11-12T01:45:08Z,73.0,Charge 6
2025-11-12T01:45:09Z,74.0,Charge 6
2025-11-12T01:45:11Z,73.0,Charge 6
2025-11-12T01:45:13Z,77.0,Charge 6
2025-11-12T01:45:16Z,77.0,Charge 6
2025-11-12T01:45:17Z,76.0,Charge 6
2025-11-12T01:45:20Z,76.0,Charge 6
2025-11-12T01:45:23Z,75.0,Charge 6
2025-11-12T01:45:24Z,73.0,Charge 6
2025-11-12T01:45:27Z,73.0,Charge 6
2025-11-12T01:45:30Z,74.0,Charge 6
2025-11-12T01:45:33Z,74.0,Charge 6
2025-11-12T01:45:34Z,74.0,Charge 6
2025-11-12T01:45:36Z,73.0,Charge 6
2025-11-12T01:45:39Z,73.0,Charge 6
2025-11-12T01:45:40Z,72.0,Charge 6
2025-11-12T01:45:43Z,72.0,Charge 6
2025-11-12T01:45:46Z,70.0,Charge 6
2025-11-12T01:45:49Z,70.0,Charge 6
2025-11-12T01:45:52Z,70.0,Charge 6
2025-11-12T01:45:55Z,71.0,Charge 6
2025-11-12T01:45:57Z,72.0,Charge 6
2025-11-12T01:45:59Z,71.0,Charge 6
2025-11-12T01:46:01Z,70.0,Charge 6
2025-11-12T01:46:03Z,69.0,Charge 6
2025-11-12T01:46:05Z,68.0,Charge 6
2025-11-12T01:46:07Z,67.0,Charge 6
2025-11-12T01:46:09Z,65.0,Charge 6
2025-11-12T01:46:11Z,65.0,Charge 6
2025-11-12T01:46:12Z,64.0,Charge 6
2025-11-12T01:46:15Z,64.0,Charge 6
2025-11-12T01:46:16Z,65.0,Charge 6
2025-11-12T01:46:18Z,66.0,Charge 6
2025-11-12T01:46:20Z,67.0,Charge 6
2025-11-12T01:46:22Z,69.0,Charge 6
2025-11-12T01:46:24Z,70.0,Charge 6
2025-11-12T01:46:26Z,71.0,Charge 6
2025-11-12T01:46:28Z,72.0,Charge 6
2025-11-12T01:46:30Z,71.0,Charge 6
2025-11-12T01:46:32Z,72.0,Charge 6
2025-11-12T01:46:34Z,73.0,Charge 6
2025-11-12T01:46:36Z,73.0,Charge 6
2025-11-12T01:46:37Z,74.0,Charge 6
2025-11-12T01:46:39Z,75.0,Charge 6
2025-11-12T01:46:42Z,75.0,Charge 6
2025-11-12T01:46:43Z,76.0,Charge 6
2025-11-12T01:46:46Z,76.0,Charge 6
2025-11-12T01:46:49Z,76.0,Charge 6
2025-11-12T01:46:51Z,75.0,Charge 6
2025-11-12T01:46:54Z,75.0,Charge 6
2025-11-12T01:46:57Z,75.0,Charge 6
2025-11-12T01:47:00Z,74.0,Charge 6
2025-11-12T01:47:02Z,72.0,Charge 6
2025-11-12T01:47:04Z,71.0,Charge 6
2025-11-12T01:47:06Z,70.0,Charge 6
2025-11-12T01:47:09Z,70.0,Charge 6
2025-11-12T01:47:10Z,68.0,Charge 6
2025-11-12T01:47:12Z,67.0,Charge 6
2025-11-12T01:47:14Z,66.0,Charge 6
2025-11-12T01:47:17Z,66.0,Charge 6
2025-11-12T01:47:20Z,67.0,Charge 6
2025-11-12T01:47:22Z,68.0,Charge 6
2025-11-12T01:47:24Z,69.0,Charge 6
2025-11-12T01:47:25Z,70.0,Charge 6
2025-11-12T01:47:27Z,71.0,Charge 6
2025-11-12T01:47:29Z,72.0,Charge 6
2025-11-12T01:47:31Z,72.0,Charge 6
2025-11-12T01:47:33Z,73.0,Charge 6
2025-11-12T01:47:35Z,75.0,Charge 6
2025-11-12T01:47:38Z,75.0,Charge 6
2025-11-12T01:47:39Z,76.0,Charge 6
2025-11-12T01:47:42Z,76.0,Charge 6
2025-11-12T01:47:43Z,77.0,Charge 6
2025-11-12T01:47:45Z,75.0,Charge 6
2025-11-12T01:47:47Z,73.0,Charge 6
2025-11-12T01:47:50Z,74.0,Charge 6
2025-11-12T01:47:52Z,73.0,Charge 6
2025-11-12T01:47:54Z,71.0,Charge 6
2025-11-12T01:47:56Z,69.0,Charge 6
2025-11-12T01:47:59Z,69.0,Charge 6
2025-11-12T01:48:02Z,70.0,Charge 6
2025-11-12T01:48:04Z,71.0,Charge 6
2025-11-12T01:48:06Z,72.0,Charge 6
2025-11-12T01:48:08Z,74.0,Charge 6
2025-11-12T01:48:11Z,74.0,Charge 6
2025-11-12T01:48:12Z,84.0,Charge 6
2025-11-12T01:48:13Z,95.0,Charge 6
2025-11-12T01:48:15Z,94.0,Charge 6
2025-11-12T01:48:17Z,86.0,Charge 6
2025-11-12T01:48:19Z,81.0,Charge 6
2025-11-12T01:48:21Z,77.0,Charge 6
2025-11-12T01:48:23Z,76.0,Charge 6
2025-11-12T01:48:25Z,75.0,Charge 6
2025-11-12T01:48:27Z,74.0,Charge 6
2025-11-12T01:48:29Z,76.0,Charge 6
2025-11-12T01:48:32Z,76.0,Charge 6
2025-11-12T01:48:35Z,76.0,Charge 6
2025-11-12T01:48:38Z,75.0,Charge 6
2025-11-12T01:48:40Z,74.0,Charge 6
2025-11-12T01:48:42Z,72.0,Charge 6
2025-11-12T01:48:44Z,71.0,Charge 6
2025-11-12T01:48:46Z,73.0,Charge 6
2025-11-12T01:48:48Z,72.0,Charge 6
2025-11-12T01:48:50Z,70.0,Charge 6
2025-11-12T01:48:53Z,70.0,Charge 6
2025-11-12T01:48:54Z,71.0,Charge 6
2025-11-12T01:48:56Z,75.0,Charge 6
2025-11-12T01:48:58Z,74.0,Charge 6
2025-11-12T01:49:00Z,75.0,Charge 6
2025-11-12T01:49:01Z,76.0,Charge 6
2025-11-12T01:49:03Z,74.0,Charge 6
2025-11-12T01:49:05Z,73.0,Charge 6
2025-11-12T01:49:08Z,73.0,Charge 6
2025-11-12T01:49:09Z,71.0,Charge 6
2025-11-12T01:49:11Z,70.0,Charge 6
2025-11-12T01:49:14Z,70.0,Charge 6
2025-11-12T01:49:15Z,72.0,Charge 6
2025-11-12T01:49:18Z,72.0,Charge 6
2025-11-12T01:49:19Z,73.0,Charge 6
2025-11-12T01:49:21Z,75.0,Charge 6
2025-11-12T01:49:23Z,75.0,Charge 6
2025-11-12T01:49:24Z,76.0,Charge 6
2025-11-12T01:49:27Z,76.0,Charge 6
2025-11-12T01:49:30Z,75.0,Charge 6
2025-11-12T01:49:32Z,74.0,Charge 6
2025-11-12T01:49:34Z,75.0,Charge 6
2025-11-12T01:49:36Z,74.0,Charge 6
2025-11-12T01:49:38Z,72.0,Charge 6
2025-11-12T01:49:40Z,71.0,Charge 6
2025-11-12T01:49:42Z,72.0,Charge 6
2025-11-12T01:49:45Z,72.0,Charge 6
2025-11-12T01:49:48Z,74.0,Charge 6
2025-11-12T01:49:51Z,73.0,Charge 6
2025-11-12T01:49:53Z,72.0,Charge 6
2025-11-12T01:49:55Z,71.0,Charge 6
2025-11-12T01:49:57Z,70.0,Charge 6
2025-11-12T01:50:00Z,70.0,Charge 6
2025-11-12T01:50:01Z,69.0,Charge 6
2025-11-12T01:50:03Z,70.0,Charge 6
2025-11-12T01:50:05Z,69.0,Charge 6
2025-11-12T01:50:07Z,67.0,Charge 6
2025-11-12T01:50:09Z,66.0,Charge 6
2025-11-12T01:50:12Z,65.0,Charge 6
2025-11-12T01:50:14Z,64.0,Charge 6
2025-11-12T01:50:16Z,63.0,Charge 6
2025-11-12T01:50:18Z,63.0,Charge 6
2025-11-12T01:50:21Z,63.0,Charge 6
2025-11-12T01:50:22Z,64.0,Charge 6
2025-11-12T01:50:24Z,65.0,Charge 6
2025-11-12T01:50:26Z,64.0,Charge 6
2025-11-12T01:50:28Z,65.0,Charge 6
2025-11-12T01:50:30Z,67.0,Charge 6
2025-11-12T01:50:32Z,69.0,Charge 6
2025-11-12T01:50:34Z,70.0,Charge 6
2025-11-12T01:50:36Z,71.0,Charge 6
2025-11-12T01:50:37Z,71.0,Charge 6
2025-11-12T01:50:39Z,70.0,Charge 6
2025-11-12T01:50:41Z,68.0,Charge 6
2025-11-12T01:50:43Z,67.0,Charge 6
2025-11-12T01:50:45Z,66.0,Charge 6
2025-11-12T01:50:47Z,65.0,Charge 6
2025-11-12T01:50:49Z,64.0,Charge 6
2025-11-12T01:50:52Z,64.0,Charge 6
2025-11-12T01:50:53Z,63.0,Charge 6
2025-11-12T01:50:55Z,62.0,Charge 6
2025-11-12T01:50:58Z,62.0,Charge 6
2025-11-12T01:51:01Z,62.0,Charge 6
2025-11-12T01:51:04Z,61.0,Charge 6
2025-11-12T01:51:07Z,61.0,Charge 6
2025-11-12T01:51:10Z,60.0,Charge 6
2025-11-12T01:51:12Z,62.0,Charge 6
2025-11-12T01:51:14Z,64.0,Charge 6
2025-11-12T01:51:16Z,65.0,Charge 6
2025-11-12T01:51:18Z,66.0,Charge 6
2025-11-12T01:51:20Z,69.0,Charge 6
2025-11-12T01:51:23Z,69.0,Charge 6
2025-11-12T01:51:25Z,67.0,Charge 6
2025-11-12T01:51:28Z,67.0,Charge 6
2025-11-12T01:51:31Z,67.0,Charge 6
2025-11-12T01:51:33Z,69.0,Charge 6
2025-11-12T01:51:35Z,70.0,Charge 6
2025-11-12T01:51:37Z,71.0,Charge 6
2025-11-12T01:51:40Z,71.0,Charge 6
2025-11-12T01:51:41Z,70.0,Charge 6
2025-11-12T01:51:44Z,70.0,Charge 6
2025-11-12T01:51:47Z,71.0,Charge 6
2025-11-12T01:51:48Z,70.0,Charge 6
2025-11-12T01:51:50Z,69.0,Charge 6
2025-11-12T01:51:52Z,70.0,Charge 6
2025-11-12T01:51:55Z,70.0,Charge 6
2025-11-12T01:51:56Z,72.0,Charge 6
2025-11-12T01:51:59Z,72.0,Charge 6
2025-11-12T01:52:00Z,70.0,Charge 6
2025-11-12T01:52:03Z,70.0,Charge 6
2025-11-12T01:52:04Z,68.0,Charge 6
2025-11-12T01:52:06Z,68.0,Charge 6
2025-11-12T01:52:08Z,66.0,Charge 6
2025-11-12T01:52:10Z,66.0,Charge 6
2025-11-12T01:52:12Z,64.0,Charge 6
2025-11-12T01:52:13Z,64.0,Charge 6
2025-11-12T01:52:15Z,64.0,Charge 6
2025-11-12T01:52:17Z,65.0,Charge 6
2025-11-12T01:52:19Z,64.0,Charge 6
2025-11-12T01:52:21Z,63.0,Charge 6
2025-11-12T01:52:24Z,63.0,Charge 6
2025-11-12T01:52:25Z,62.0,Charge 6
2025-11-12T01:52:28Z,62.0,Charge 6
2025-11-12T01:52:31Z,62.0,Charge 6
2025-11-12T01:52:34Z,62.0,Charge 6
2025-11-12T01:52:35Z,61.0,Charge 6
2025-11-12T01:52:38Z,60.0,Charge 6
2025-11-12T01:52:41Z,60.0,Charge 6
2025-11-12T01:52:44Z,60.0,Charge 6
2025-11-12T01:52:47Z,60.0,Charge 6
2025-11-12T01:52:50Z,60.0,Charge 6
2025-11-12T01:52:53Z,60.0,Charge 6
2025-11-12T01:52:56Z,61.0,Charge 6
2025-11-12T01:52:58Z,64.0,Charge 6
2025-11-12T01:53:00Z,66.0,Charge 6
2025-11-12T01:53:01Z,67.0,Charge 6
2025-11-12T01:53:03Z,69.0,Charge 6
2025-11-12T01:53:05Z,70.0,Charge 6
2025-11-12T01:53:07Z,73.0,Charge 6
2025-11-12T01:53:09Z,75.0,Charge 6
2025-11-12T01:53:12Z,75.0,Charge 6
2025-11-12T01:53:13Z,76.0,Charge 6
2025-11-12T01:53:15Z,77.0,Charge 6
2025-11-12T01:53:18Z,77.0,Charge 6
2025-11-12T01:53:19Z,78.0,Charge 6
2025-11-12T01:53:22Z,80.0,Charge 6
2025-11-12T01:53:24Z,77.0,Charge 6
2025-11-12T01:53:25Z,76.0,Charge 6
2025-11-12T01:53:27Z,75.0,Charge 6
2025-11-12T01:53:30Z,75.0,Charge 6
2025-11-12T01:53:31Z,76.0,Charge 6
2025-11-12T01:53:33Z,74.0,Charge 6
2025-11-12T01:53:35Z,71.0,Charge 6
2025-11-12T01:53:37Z,72.0,Charge 6
2025-11-12T01:53:39Z,76.0,Charge 6
2025-11-12T01:53:41Z,77.0,Charge 6
2025-11-12T01:53:43Z,79.0,Charge 6
2025-11-12T01:53:45Z,80.0,Charge 6
2025-11-12T01:53:47Z,72.0,Charge 6
2025-11-12T01:53:49Z,70.0,Charge 6
2025-11-12T01:53:52Z,70.0,Charge 6
2025-11-12T01:53:54Z,69.0,Charge 6
2025-11-12T01:53:56Z,70.0,Charge 6
2025-11-12T01:53:59Z,70.0,Charge 6
2025-11-12T01:54:00Z,72.0,Charge 6
2025-11-12T01:54:02Z,74.0,Charge 6
2025-11-12T01:54:05Z,74.0,Charge 6
2025-11-12T01:54:06Z,73.0,Charge 6
2025-11-12T01:54:09Z,73.0,Charge 6
2025-11-12T01:54:10Z,74.0,Charge 6
2025-11-12T01:54:13Z,75.0,Charge 6
2025-11-12T01:54:16Z,75.0,Charge 6
2025-11-12T01:54:17Z,73.0,Charge 6
2025-11-12T01:54:19Z,72.0,Charge 6
2025-11-12T01:54:21Z,73.0,Charge 6
2025-11-12T01:54:24Z,73.0,Charge 6
2025-11-12T01:54:25Z,72.0,Charge 6
2025-11-12T01:54:27Z,70.0,Charge 6
2025-11-12T01:54:29Z,69.0,Charge 6
2025-11-12T01:54:32Z,69.0,Charge 6
2025-11-12T01:54:35Z,69.0,Charge 6
2025-11-12T01:54:37Z,68.0,Charge 6
2025-11-12T01:54:38Z,67.0,Charge 6
2025-11-12T01:54:40Z,66.0,Charge 6
2025-11-12T01:54:42Z,68.0,Charge 6
2025-11-12T01:54:44Z,67.0,Charge 6
2025-11-12T01:54:46Z,66.0,Charge 6
2025-11-12T01:54:48Z,67.0,Charge 6
2025-11-12T01:54:50Z,66.0,Charge 6
2025-11-12T01:54:53Z,66.0,Charge 6
2025-11-12T01:54:54Z,67.0,Charge 6
2025-11-12T01:54:56Z,65.0,Charge 6
2025-11-12T01:54:58Z,64.0,Charge 6
2025-11-12T01:55:00Z,63.0,Charge 6
2025-11-12T01:55:03Z,64.0,Charge 6
2025-11-12T01:55:06Z,64.0,Charge 6
2025-11-12T01:55:07Z,63.0,Charge 6
2025-11-12T01:55:09Z,64.0,Charge 6
2025-11-12T01:55:11Z,63.0,Charge 6
2025-11-12T01:55:13Z,62.0,Charge 6
2025-11-12T01:55:15Z,62.0,Charge 6
2025-11-12T01:55:17Z,63.0,Charge 6
2025-11-12T01:55:19Z,64.0,Charge 6
2025-11-12T01:55:22Z,64.0,Charge 6
2025-11-12T01:55:23Z,65.0,Charge 6
2025-11-12T01:55:25Z,66.0,Charge 6
2025-11-12T01:55:28Z,67.0,Charge 6
2025-11-12T01:55:30Z,69.0,Charge 6
2025-11-12T01:55:32Z,68.0,Charge 6
2025-11-12T01:55:34Z,67.0,Charge 6
2025-11-12T01:55:36Z,65.0,Charge 6
2025-11-12T01:55:38Z,64.0,Charge 6
2025-11-12T01:55:40Z,63.0,Charge 6
2025-11-12T01:55:42Z,63.0,Charge 6
2025-11-12T01:55:45Z,63.0,Charge 6
2025-11-12T01:55:48Z,62.0,Charge 6
2025-11-12T01:55:49Z,61.0,Charge 6
2025-11-12T01:55:51Z,63.0,Charge 6
2025-11-12T01:55:53Z,62.0,Charge 6
2025-11-12T01:55:56Z,62.0,Charge 6
2025-11-12T01:55:59Z,62.0,Charge 6
2025-11-12T01:56:01Z,65.0,Charge 6
2025-11-12T01:56:03Z,71.0,Charge 6
2025-11-12T01:56:05Z,73.0,Charge 6
2025-11-12T01:56:07Z,75.0,Charge 6
2025-11-12T01:56:10Z,75.0,Charge 6
2025-11-12T01:56:11Z,74.0,Charge 6
2025-11-12T01:56:13Z,73.0,Charge 6
2025-11-12T01:56:16Z,73.0,Charge 6
2025-11-12T01:56:18Z,72.0,Charge 6
2025-11-12T01:56:20Z,71.0,Charge 6
2025-11-12T01:56:23Z,71.0,Charge 6
2025-11-12T01:56:24Z,70.0,Charge 6
2025-11-12T01:56:26Z,68.0,Charge 6
2025-11-12T01:56:28Z,67.0,Charge 6
2025-11-12T01:56:30Z,66.0,Charge 6
2025-11-12T01:56:32Z,65.0,Charge 6
2025-11-12T01:56:34Z,64.0,Charge 6
2025-11-12T01:56:36Z,62.0,Charge 6
2025-11-12T01:56:39Z,62.0,Charge 6
2025-11-12T01:56:42Z,62.0,Charge 6
2025-11-12T01:56:45Z,61.0,Charge 6
2025-11-12T01:56:48Z,61.0,Charge 6
2025-11-12T01:56:51Z,60.0,Charge 6
2025-11-12T01:56:54Z,60.0,Charge 6
2025-11-12T01:56:57Z,60.0,Charge 6
2025-11-12T01:57:00Z,60.0,Charge 6
2025-11-12T01:57:03Z,60.0,Charge 6
2025-11-12T01:57:06Z,60.0,Charge 6
2025-11-12T01:57:08Z,60.0,Charge 6
2025-11-12T01:57:10Z,60.0,Charge 6
2025-11-12T01:57:12Z,63.0,Charge 6
2025-11-12T01:57:14Z,65.0,Charge 6
2025-11-12T01:57:16Z,64.0,Charge 6
2025-11-12T01:57:18Z,66.0,Charge 6
2025-11-12T01:57:20Z,64.0,Charge 6
2025-11-12T01:57:22Z,63.0,Charge 6
2025-11-12T01:57:25Z,63.0,Charge 6
2025-11-12T01:57:28Z,63.0,Charge 6
2025-11-12T01:57:29Z,64.0,Charge 6
2025-11-12T01:57:32Z,64.0,Charge 6
2025-11-12T01:57:35Z,65.0,Charge 6
2025-11-12T01:57:37Z,63.0,Charge 6
2025-11-12T01:57:39Z,62.0,Charge 6
2025-11-12T01:57:42Z,62.0,Charge 6
2025-11-12T01:57:43Z,63.0,Charge 6
2025-11-12T01:57:46Z,63.0,Charge 6
2025-11-12T01:57:47Z,63.0,Charge 6
2025-11-12T01:57:50Z,63.0,Charge 6
2025-11-12T01:57:52Z,66.0,Charge 6
2025-11-12T01:57:55Z,66.0,Charge 6
2025-11-12T01:57:58Z,67.0,Charge 6
2025-11-12T01:58:00Z,65.0,Charge 6
2025-11-12T01:58:03Z,65.0,Charge 6
2025-11-12T01:58:04Z,66.0,Charge 6
2025-11-12T01:58:07Z,66.0,Charge 6
2025-11-12T01:58:08Z,66.0,Charge 6
2025-11-12T01:58:10Z,65.0,Charge 6
2025-11-12T01:58:12Z,64.0,Charge 6
2025-11-12T01:58:15Z,63.0,Charge 6
2025-11-12T01:58:17Z,62.0,Charge 6
2025-11-12T01:58:20Z,62.0,Charge 6
2025-11-12T01:58:21Z,61.0,Charge 6
2025-11-12T01:58:23Z,60.0,Charge 6
2025-11-12T01:58:25Z,60.0,Charge 6
2025-11-12T01:58:28Z,60.0,Charge 6
2025-11-12T01:58:29Z,60.0,Charge 6
2025-11-12T01:58:32Z,60.0,Charge 6
2025-11-12T01:58:33Z,62.0,Charge 6
2025-11-12T01:58:36Z,62.0,Charge 6
2025-11-12T01:58:37Z,63.0,Charge 6
2025-11-12T01:58:38Z,63.0,Charge 6
2025-11-12T01:58:40Z,64.0,Charge 6
2025-11-12T01:58:43Z,64.0,Charge 6
2025-11-12T01:58:46Z,64.0,Charge 6
2025-11-12T01:58:49Z,64.0,Charge 6
2025-11-12T01:58:50Z,64.0,Charge 6
2025-11-12T01:58:52Z,62.0,Charge 6
2025-11-12T01:58:55Z,62.0,Charge 6
2025-11-12T01:58:58Z,62.0,Charge 6
2025-11-12T01:59:01Z,62.0,Charge 6
2025-11-12T01:59:03Z,63.0,Charge 6
2025-11-12T01:59:05Z,64.0,Charge 6
2025-11-12T01:59:07Z,64.0,Charge 6
2025-11-12T01:59:09Z,65.0,Charge 6
2025-11-12T01:59:11Z,66.0,Charge 6
2025-11-12T01:59:13Z,67.0,Charge 6
2025-11-12T01:59:16Z,67.0,Charge 6
2025-11-12T01:59:19Z,68.0,Charge 6
2025-11-12T01:59:21Z,69.0,Charge 6
2025-11-12T01:59:23Z,68.0,Charge 6
2025-11-12T01:59:25Z,67.0,Charge 6
2025-11-12T01:59:28Z,67.0,Charge 6
2025-11-12T01:59:30Z,66.0,Charge 6
2025-11-12T01:59:32Z,70.0,Charge 6
2025-11-12T01:59:34Z,73.0,Charge 6
2025-11-12T01:59:36Z,72.0,Charge 6
2025-11-12T01:59:38Z,71.0,Charge 6
2025-11-12T01:59:40Z,70.0,Charge 6
2025-11-12T01:59:42Z,68.0,Charge 6
2025-11-12T01:59:44Z,67.0,Charge 6
2025-11-12T01:59:46Z,66.0,Charge 6
2025-11-12T01:59:48Z,65.0,Charge 6
2025-11-12T01:59:49Z,64.0,Charge 6
2025-11-12T01:59:52Z,64.0,Charge 6
2025-11-12T01:59:53Z,65.0,Charge 6
2025-11-12T01:59:55Z,66.0,Charge 6
2025-11-12T01:59:58Z,66.0,Charge 6
2025-11-12T01:59:59Z,69.0,Charge 6
2025-11-12T02:00:01Z,70.0,Charge 6
2025-11-12T02:00:04Z,70.0,Charge 6
2025-11-12T02:00:05Z,70.0,Charge 6
2025-11-12T02:00:08Z,70.0,Charge 6
2025-11-12T02:00:09Z,68.0,Charge 6
2025-11-12T02:00:12Z,68.0,Charge 6
2025-11-12T02:00:13Z,67.0,Charge 6
2025-11-12T02:00:14Z,66.0,Charge 6
2025-11-12T02:00:17Z,66.0,Charge 6
2025-11-12T02:00:20Z,65.0,Charge 6
2025-11-12T02:00:23Z,65.0,Charge 6
2025-11-12T02:00:24Z,64.0,Charge 6
2025-11-12T02:00:27Z,64.0,Charge 6
2025-11-12T02:00:28Z,65.0,Charge 6
2025-11-12T02:00:31Z,65.0,Charge 6
2025-11-12T02:00:32Z,64.0,Charge 6
2025-11-12T02:00:34Z,64.0,Charge 6
2025-11-12T02:00:37Z,64.0,Charge 6
2025-11-12T02:00:39Z,65.0,Charge 6
2025-11-12T02:00:41Z,66.0,Charge 6
2025-11-12T02:00:43Z,67.0,Charge 6
2025-11-12T02:00:45Z,68.0,Charge 6
2025-11-12T02:00:47Z,69.0,Charge 6
2025-11-12T02:00:49Z,68.0,Charge 6
2025-11-12T02:00:52Z,68.0,Charge 6
2025-11-12T02:00:55Z,68.0,Charge 6
2025-11-12T02:00:57Z,67.0,Charge 6
2025-11-12T02:01:00Z,67.0,Charge 6
2025-11-12T02:01:02Z,66.0,Charge 6
2025-11-12T02:01:04Z,66.0,Charge 6
2025-11-12T02:01:06Z,68.0,Charge 6
2025-11-12T02:01:08Z,70.0,Charge 6
2025-11-12T02:01:10Z,69.0,Charge 6
2025-11-12T02:01:12Z,67.0,Charge 6
2025-11-12T02:01:15Z,67.0,Charge 6
2025-11-12T02:01:16Z,66.0,Charge 6
2025-11-12T02:01:19Z,66.0,Charge 6
2025-11-12T02:01:20Z,65.0,Charge 6
2025-11-12T02:01:22Z,64.0,Charge 6
2025-11-12T02:01:25Z,62.0,Charge 6
2025-11-12T02:01:27Z,63.0,Charge 6
2025-11-12T02:01:29Z,67.0,Charge 6
2025-11-12T02:01:31Z,64.0,Charge 6
2025-11-12T02:01:33Z,65.0,Charge 6
2025-11-12T02:01:35Z,68.0,Charge 6
2025-11-12T02:01:37Z,66.0,Charge 6
2025-11-12T02:01:40Z,66.0,Charge 6
2025-11-12T02:01:43Z,66.0,Charge 6
2025-11-12T02:01:46Z,66.0,Charge 6
2025-11-12T02:01:47Z,65.0,Charge 6
2025-11-12T02:01:50Z,65.0,Charge 6
2025-11-12T02:01:52Z,64.0,Charge 6
2025-11-12T02:01:55Z,64.0,Charge 6
2025-11-12T02:01:58Z,64.0,Charge 6
2025-11-12T02:02:01Z,64.0,Charge 6
2025-11-12T02:02:04Z,65.0,Charge 6
2025-11-12T02:02:06Z,64.0,Charge 6
2025-11-12T02:02:08Z,64.0,Charge 6
2025-11-12T02:02:11Z,64.0,Charge 6
2025-11-12T02:02:12Z,65.0,Charge 6
2025-11-12T02:02:13Z,65.0,Charge 6
2025-11-12T02:02:16Z,65.0,Charge 6
2025-11-12T02:02:19Z,65.0,Charge 6
2025-11-12T02:02:21Z,66.0,Charge 6
2025-11-12T02:02:23Z,67.0,Charge 6
2025-11-12T02:02:25Z,66.0,Charge 6
2025-11-12T02:02:28Z,66.0,Charge 6
2025-11-12T02:02:31Z,66.0,Charge 6
2025-11-12T02:02:33Z,66.0,Charge 6
2025-11-12T02:02:36Z,66.0,Charge 6
2025-11-12T02:02:37Z,67.0,Charge 6
2025-11-12T02:02:38Z,66.0,Charge 6
2025-11-12T02:02:40Z,65.0,Charge 6
2025-11-12T02:02:42Z,64.0,Charge 6
2025-11-12T02:02:44Z,63.0,Charge 6
2025-11-12T02:02:46Z,62.0,Charge 6
2025-11-12T02:02:48Z,61.0,Charge 6
2025-11-12T02:02:50Z,60.0,Charge 6
2025-11-12T02:02:53Z,60.0,Charge 6
2025-11-12T02:02:56Z,60.0,Charge 6
2025-11-12T02:02:58Z,61.0,Charge 6
2025-11-12T02:03:00Z,62.0,Charge 6
2025-11-12T02:03:03Z,62.0,Charge 6
2025-11-12T02:03:05Z,63.0,Charge 6
2025-11-12T02:03:07Z,64.0,Charge 6
2025-11-12T02:03:10Z,64.0,Charge 6
2025-11-12T02:03:11Z,69.0,Charge 6
2025-11-12T02:03:13Z,72.0,Charge 6
2025-11-12T02:03:15Z,73.0,Charge 6
2025-11-12T02:03:18Z,73.0,Charge 6
2025-11-12T02:03:21Z,72.0,Charge 6
2025-11-12T02:03:24Z,72.0,Charge 6
2025-11-12T02:03:26Z,73.0,Charge 6
2025-11-12T02:03:28Z,71.0,Charge 6
2025-11-12T02:03:30Z,68.0,Charge 6
2025-11-12T02:03:32Z,68.0,Charge 6
2025-11-12T02:03:34Z,69.0,Charge 6
2025-11-12T02:03:36Z,67.0,Charge 6
2025-11-12T02:03:39Z,67.0,Charge 6
2025-11-12T02:03:42Z,68.0,Charge 6
2025-11-12T02:03:44Z,70.0,Charge 6
2025-11-12T02:03:47Z,70.0,Charge 6
2025-11-12T02:03:49Z,68.0,Charge 6
2025-11-12T02:03:51Z,67.0,Charge 6
2025-11-12T02:03:53Z,66.0,Charge 6
2025-11-12T02:03:55Z,65.0,Charge 6
2025-11-12T02:03:58Z,65.0,Charge 6
2025-11-12T02:04:01Z,64.0,Charge 6
2025-11-12T02:04:04Z,64.0,Charge 6
2025-11-12T02:04:07Z,64.0,Charge 6
2025-11-12T02:04:09Z,64.0,Charge 6
2025-11-12T02:04:12Z,64.0,Charge 6
2025-11-12T02:04:14Z,65.0,Charge 6
2025-11-12T02:04:16Z,66.0,Charge 6
2025-11-12T02:04:19Z,66.0,Charge 6
2025-11-12T02:04:22Z,65.0,Charge 6
2025-11-12T02:04:24Z,64.0,Charge 6
2025-11-12T02:04:27Z,64.0,Charge 6
2025-11-12T02:04:28Z,63.0,Charge 6
2025-11-12T02:04:30Z,62.0,Charge 6
2025-11-12T02:04:33Z,62.0,Charge 6
2025-11-12T02:04:36Z,62.0,Charge 6
2025-11-12T02:04:39Z,62.0,Charge 6
2025-11-12T02:04:41Z,62.0,Charge 6
2025-11-12T02:04:44Z,62.0,Charge 6
2025-11-12T02:04:45Z,63.0,Charge 6
2025-11-12T02:04:47Z,64.0,Charge 6
2025-11-12T02:04:50Z,64.0,Charge 6
2025-11-12T02:04:51Z,65.0,Charge 6
2025-11-12T02:04:53Z,70.0,Charge 6
2025-11-12T02:04:55Z,72.0,Charge 6
2025-11-12T02:04:57Z,73.0,Charge 6
2025-11-12T02:04:59Z,74.0,Charge 6
2025-11-12T02:05:01Z,72.0,Charge 6
2025-11-12T02:05:02Z,71.0,Charge 6
2025-11-12T02:05:05Z,71.0,Charge 6
2025-11-12T02:05:06Z,70.0,Charge 6
2025-11-12T02:05:08Z,69.0,Charge 6
2025-11-12T02:05:10Z,68.0,Charge 6
2025-11-12T02:05:12Z,67.0,Charge 6
2025-11-12T02:05:15Z,67.0,Charge 6
2025-11-12T02:05:16Z,68.0,Charge 6
2025-11-12T02:05:19Z,68.0,Charge 6
2025-11-12T02:05:20Z,69.0,Charge 6
2025-11-12T02:05:23Z,69.0,Charge 6
2025-11-12T02:05:25Z,70.0,Charge 6
2025-11-12T02:05:27Z,71.0,Charge 6
2025-11-12T02:05:29Z,72.0,Charge 6
2025-11-12T02:05:32Z,72.0,Charge 6
2025-11-12T02:05:33Z,71.0,Charge 6
2025-11-12T02:05:35Z,70.0,Charge 6
2025-11-12T02:05:37Z,69.0,Charge 6
2025-11-12T02:05:39Z,68.0,Charge 6
2025-11-12T02:05:41Z,66.0,Charge 6
2025-11-12T02:05:44Z,66.0,Charge 6
2025-11-12T02:05:47Z,66.0,Charge 6
2025-11-12T02:05:49Z,65.0,Charge 6
2025-11-12T02:05:50Z,65.0,Charge 6
2025-11-12T02:05:53Z,65.0,Charge 6
2025-11-12T02:05:54Z,66.0,Charge 6
2025-11-12T02:05:56Z,67.0,Charge 6
2025-11-12T02:05:58Z,66.0,Charge 6
2025-11-12T02:06:00Z,67.0,Charge 6
2025-11-12T02:06:02Z,68.0,Charge 6
2025-11-12T02:06:04Z,68.0,Charge 6
2025-11-12T02:06:06Z,69.0,Charge 6
2025-11-12T02:06:09Z,69.0,Charge 6
2025-11-12T02:06:12Z,68.0,Charge 6
2025-11-12T02:06:15Z,68.0,Charge 6
2025-11-12T02:06:17Z,69.0,Charge 6
2025-11-12T02:06:19Z,70.0,Charge 6
2025-11-12T02:06:22Z,70.0,Charge 6
2025-11-12T02:06:23Z,68.0,Charge 6
2025-11-12T02:06:25Z,67.0,Charge 6
2025-11-12T02:06:28Z,67.0,Charge 6
2025-11-12T02:06:31Z,67.0,Charge 6
2025-11-12T02:06:33Z,69.0,Charge 6
2025-11-12T02:06:35Z,67.0,Charge 6
2025-11-12T02:06:38Z,67.0,Charge 6
2025-11-12T02:06:40Z,66.0,Charge 6
2025-11-12T02:06:43Z,66.0,Charge 6
2025-11-12T02:06:46Z,66.0,Charge 6
2025-11-12T02:06:49Z,66.0,Charge 6
2025-11-12T02:06:52Z,67.0,Charge 6
2025-11-12T02:06:54Z,68.0,Charge 6
2025-11-12T02:06:56Z,69.0,Charge 6
2025-11-12T02:06:58Z,72.0,Charge 6
2025-11-12T02:07:00Z,74.0,Charge 6
2025-11-12T02:07:01Z,75.0,Charge 6
2025-11-12T02:07:04Z,75.0,Charge 6
2025-11-12T02:07:05Z,76.0,Charge 6
2025-11-12T02:07:07Z,75.0,Charge 6
2025-11-12T02:07:09Z,73.0,Charge 6
2025-11-12T02:07:11Z,72.0,Charge 6
2025-11-12T02:07:13Z,70.0,Charge 6
2025-11-12T02:07:16Z,70.0,Charge 6
2025-11-12T02:07:19Z,70.0,Charge 6
2025-11-12T02:07:21Z,69.0,Charge 6
2025-11-12T02:07:23Z,70.0,Charge 6
2025-11-12T02:07:26Z,70.0,Charge 6
2025-11-12T02:07:28Z,71.0,Charge 6
2025-11-12T02:07:30Z,72.0,Charge 6
2025-11-12T02:07:32Z,71.0,Charge 6
2025-11-12T02:07:34Z,70.0,Charge 6
2025-11-12T02:07:36Z,69.0,Charge 6
2025-11-12T02:07:38Z,68.0,Charge 6
2025-11-12T02:07:40Z,66.0,Charge 6
2025-11-12T02:07:42Z,65.0,Charge 6
2025-11-12T02:07:45Z,65.0,Charge 6
2025-11-12T02:07:48Z,64.0,Charge 6
2025-11-12T02:07:51Z,64.0,Charge 6
2025-11-12T02:07:53Z,65.0,Charge 6
2025-11-12T02:07:55Z,64.0,Charge 6
2025-11-12T02:07:57Z,63.0,Charge 6
2025-11-12T02:08:00Z,63.0,Charge 6
2025-11-12T02:08:03Z,65.0,Charge 6
2025-11-12T02:08:05Z,64.0,Charge 6
2025-11-12T02:08:07Z,63.0,Charge 6
2025-11-12T02:08:09Z,63.0,Charge 6
2025-11-12T02:08:11Z,64.0,Charge 6
2025-11-12T02:08:14Z,64.0,Charge 6
2025-11-12T02:08:17Z,64.0,Charge 6
2025-11-12T02:08:18Z,64.0,Charge 6
2025-11-12T02:08:21Z,64.0,Charge 6
2025-11-12T02:08:22Z,65.0,Charge 6
2025-11-12T02:08:24Z,66.0,Charge 6
2025-11-12T02:08:27Z,66.0,Charge 6
2025-11-12T02:08:30Z,65.0,Charge 6
2025-11-12T02:08:32Z,66.0,Charge 6
2025-11-12T02:08:34Z,68.0,Charge 6
2025-11-12T02:08:36Z,69.0,Charge 6
2025-11-12T02:08:37Z,71.0,Charge 6
2025-11-12T02:08:40Z,71.0,Charge 6
2025-11-12T02:08:41Z,69.0,Charge 6
2025-11-12T02:08:43Z,70.0,Charge 6
2025-11-12T02:08:45Z,71.0,Charge 6
2025-11-12T02:08:47Z,74.0,Charge 6
2025-11-12T02:08:49Z,77.0,Charge 6
2025-11-12T02:08:51Z,75.0,Charge 6
2025-11-12T02:08:53Z,74.0,Charge 6
2025-11-12T02:08:55Z,71.0,Charge 6
2025-11-12T02:08:57Z,68.0,Charge 6
2025-11-12T02:08:59Z,67.0,Charge 6
2025-11-12T02:09:02Z,66.0,Charge 6
2025-11-12T02:09:05Z,66.0,Charge 6
2025-11-12T02:09:06Z,66.0,Charge 6
2025-11-12T02:09:08Z,67.0,Charge 6
2025-11-12T02:09:10Z,66.0,Charge 6
2025-11-12T02:09:13Z,66.0,Charge 6
2025-11-12T02:09:14Z,65.0,Charge 6
2025-11-12T02:09:16Z,64.0,Charge 6
2025-11-12T02:09:19Z,64.0,Charge 6
2025-11-12T02:09:22Z,64.0,Charge 6
2025-11-12T02:09:25Z,64.0,Charge 6
2025-11-12T02:09:27Z,64.0,Charge 6
2025-11-12T02:09:29Z,66.0,Charge 6
2025-11-12T02:09:31Z,67.0,Charge 6
2025-11-12T02:09:34Z,67.0,Charge 6
2025-11-12T02:09:37Z,67.0,Charge 6
2025-11-12T02:09:40Z,67.0,Charge 6
2025-11-12T02:09:41Z,68.0,Charge 6
2025-11-12T02:09:44Z,68.0,Charge 6
2025-11-12T02:09:45Z,70.0,Charge 6
2025-11-12T02:09:47Z,69.0,Charge 6
2025-11-12T02:09:48Z,71.0,Charge 6
2025-11-12T02:09:50Z,74.0,Charge 6
2025-11-12T02:09:52Z,76.0,Charge 6
2025-11-12T02:09:55Z,76.0,Charge 6
2025-11-12T02:09:56Z,74.0,Charge 6
2025-11-12T02:09:58Z,72.0,Charge 6
2025-11-12T02:10:00Z,71.0,Charge 6
2025-11-12T02:10:02Z,72.0,Charge 6
2025-11-12T02:10:04Z,69.0,Charge 6
2025-11-12T02:10:07Z,69.0,Charge 6
2025-11-12T02:10:10Z,68.0,Charge 6
2025-11-12T02:10:12Z,67.0,Charge 6
2025-11-12T02:10:15Z,67.0,Charge 6
2025-11-12T02:10:17Z,66.0,Charge 6
2025-11-12T02:10:19Z,67.0,Charge 6
2025-11-12T02:10:21Z,69.0,Charge 6
2025-11-12T02:10:23Z,68.0,Charge 6
2025-11-12T02:10:25Z,66.0,Charge 6
2025-11-12T02:10:27Z,65.0,Charge 6
2025-11-12T02:10:29Z,64.0,Charge 6
2025-11-12T02:10:32Z,64.0,Charge 6
2025-11-12T02:10:33Z,65.0,Charge 6
2025-11-12T02:10:36Z,64.0,Charge 6
2025-11-12T02:10:38Z,65.0,Charge 6
2025-11-12T02:10:41Z,65.0,Charge 6
2025-11-12T02:10:44Z,65.0,Charge 6
2025-11-12T02:10:47Z,65.0,Charge 6
2025-11-12T02:10:48Z,64.0,Charge 6
2025-11-12T02:10:51Z,64.0,Charge 6
2025-11-12T02:10:52Z,65.0,Charge 6
2025-11-12T02:10:54Z,64.0,Charge 6
2025-11-12T02:10:56Z,63.0,Charge 6
2025-11-12T02:10:58Z,64.0,Charge 6
2025-11-12T02:11:00Z,62.0,Charge 6
2025-11-12T02:11:01Z,61.0,Charge 6
2025-11-12T02:11:03Z,61.0,Charge 6
2025-11-12T02:11:06Z,61.0,Charge 6
2025-11-12T02:11:07Z,60.0,Charge 6
2025-11-12T02:11:10Z,60.0,Charge 6
2025-11-12T02:11:13Z,60.0,Charge 6
2025-11-12T02:11:16Z,60.0,Charge 6
2025-11-12T02:11:17Z,60.0,Charge 6
2025-11-12T02:11:19Z,61.0,Charge 6
2025-11-12T02:11:21Z,62.0,Charge 6
2025-11-12T02:11:24Z,62.0,Charge 6
2025-11-12T02:11:26Z,63.0,Charge 6
2025-11-12T02:11:28Z,64.0,Charge 6
2025-11-12T02:11:30Z,65.0,Charge 6
2025-11-12T02:11:33Z,65.0,Charge 6
2025-11-12T02:11:36Z,64.0,Charge 6
2025-11-12T02:11:38Z,63.0,Charge 6
2025-11-12T02:11:41Z,63.0,Charge 6
2025-11-12T02:11:42Z,64.0,Charge 6
2025-11-12T02:11:45Z,64.0,Charge 6
2025-11-12T02:11:48Z,65.0,Charge 6
2025-11-12T02:11:49Z,65.0,Charge 6
2025-11-12T02:11:51Z,66.0,Charge 6
2025-11-12T02:11:54Z,66.0,Charge 6
2025-11-12T02:11:55Z,66.0,Charge 6
2025-11-12T02:11:58Z,66.0,Charge 6
2025-11-12T02:11:59Z,67.0,Charge 6
2025-11-12T02:12:02Z,67.0,Charge 6
2025-11-12T02:12:03Z,67.0,Charge 6
2025-11-12T02:12:06Z,67.0,Charge 6
2025-11-12T02:12:09Z,66.0,Charge 6
2025-11-12T02:12:11Z,65.0,Charge 6
2025-11-12T02:12:12Z,64.0,Charge 6
2025-11-12T02:12:14Z,63.0,Charge 6
2025-11-12T02:12:17Z,63.0,Charge 6
2025-11-12T02:12:18Z,62.0,Charge 6
2025-11-12T02:12:20Z,62.0,Charge 6
2025-11-12T02:12:23Z,62.0,Charge 6
2025-11-12T02:12:26Z,62.0,Charge 6
2025-11-12T02:12:29Z,62.0,Charge 6
2025-11-12T02:12:32Z,62.0,Charge 6
2025-11-12T02:12:34Z,62.0,Charge 6
2025-11-12T02:12:36Z,63.0,Charge 6
2025-11-12T02:12:37Z,62.0,Charge 6
2025-11-12T02:12:39Z,62.0,Charge 6
2025-11-12T02:12:42Z,62.0,Charge 6
2025-11-12T02:12:43Z,61.0,Charge 6
2025-11-12T02:12:45Z,62.0,Charge 6
2025-11-12T02:12:47Z,63.0,Charge 6
2025-11-12T02:12:49Z,65.0,Charge 6
2025-11-12T02:12:51Z,66.0,Charge 6
2025-11-12T02:12:53Z,63.0,Charge 6
2025-11-12T02:12:55Z,62.0,Charge 6
2025-11-12T02:12:57Z,61.0,Charge 6
2025-11-12T02:12:59Z,60.0,Charge 6
2025-11-12T02:13:00Z,60.0,Charge 6
2025-11-12T02:13:03Z,60.0,Charge 6
2025-11-12T02:13:04Z,61.0,Charge 6
2025-11-12T02:13:06Z,62.0,Charge 6
2025-11-12T02:13:09Z,62.0,Charge 6
2025-11-12T02:13:12Z,62.0,Charge 6
2025-11-12T02:13:14Z,62.0,Charge 6
2025-11-12T02:13:17Z,62.0,Charge 6
2025-11-12T02:13:20Z,62.0,Charge 6
2025-11-12T02:13:23Z,62.0,Charge 6
2025-11-12T02:13:25Z,62.0,Charge 6
2025-11-12T02:13:27Z,61.0,Charge 6
2025-11-12T02:13:29Z,60.0,Charge 6
2025-11-12T02:13:32Z,60.0,Charge 6
2025-11-12T02:13:33Z,61.0,Charge 6
2025-11-12T02:13:36Z,61.0,Charge 6
2025-11-12T02:13:37Z,60.0,Charge 6
2025-11-12T02:13:39Z,61.0,Charge 6
2025-11-12T02:13:42Z,61.0,Charge 6
2025-11-12T02:13:45Z,60.0,Charge 6
2025-11-12T02:13:48Z,60.0,Charge 6
2025-11-12T02:13:51Z,60.0,Charge 6
2025-11-12T02:13:52Z,62.0,Charge 6
2025-11-12T02:13:54Z,64.0,Charge 6
2025-11-12T02:13:57Z,64.0,Charge 6
2025-11-12T02:13:58Z,63.0,Charge 6
2025-11-12T02:14:01Z,63.0,Charge 6
2025-11-12T02:14:02Z,65.0,Charge 6
2025-11-12T02:14:04Z,66.0,Charge 6
2025-11-12T02:14:06Z,67.0,Charge 6
2025-11-12T02:14:08Z,66.0,Charge 6
2025-11-12T02:14:10Z,68.0,Charge 6
2025-11-12T02:14:12Z,71.0,Charge 6
2025-11-12T02:14:13Z,73.0,Charge 6
2025-11-12T02:14:16Z,73.0,Charge 6
2025-11-12T02:14:19Z,69.0,Charge 6
2025-11-12T02:14:21Z,68.0,Charge 6
2025-11-12T02:14:24Z,68.0,Charge 6
2025-11-12T02:14:25Z,69.0,Charge 6
2025-11-12T02:14:27Z,76.0,Charge 6
2025-11-12T02:14:29Z,81.0,Charge 6
2025-11-12T02:14:31Z,82.0,Charge 6
2025-11-12T02:14:33Z,85.0,Charge 6
2025-11-12T02:14:35Z,72.0,Charge 6
2025-11-12T02:14:36Z,66.0,Charge 6
2025-11-12T02:14:38Z,64.0,Charge 6
2025-11-12T02:14:40Z,62.0,Charge 6
2025-11-12T02:14:42Z,61.0,Charge 6
2025-11-12T02:14:45Z,61.0,Charge 6
2025-11-12T02:14:46Z,60.0,Charge 6
2025-11-12T02:14:49Z,60.0,Charge 6
2025-11-12T02:14:52Z,60.0,Charge 6
2025-11-12T02:14:54Z,59.0,Charge 6
2025-11-12T02:14:56Z,59.0,Charge 6
2025-11-12T02:14:58Z,60.0,Charge 6
2025-11-12T02:15:01Z,60.0,Charge 6
2025-11-12T02:15:04Z,60.0,Charge 6
2025-11-12T02:15:05Z,61.0,Charge 6
2025-11-12T02:15:07Z,62.0,Charge 6
2025-11-12T02:15:09Z,63.0,Charge 6
2025-11-12T02:15:11Z,63.0,Charge 6
2025-11-12T02:15:13Z,64.0,Charge 6
2025-11-12T02:15:15Z,65.0,Charge 6
2025-11-12T02:15:18Z,65.0,Charge 6
2025-11-12T02:15:19Z,66.0,Charge 6
2025-11-12T02:15:21Z,64.0,Charge 6
2025-11-12T02:15:24Z,64.0,Charge 6
2025-11-12T02:15:26Z,63.0,Charge 6
2025-11-12T02:15:28Z,63.0,Charge 6
2025-11-12T02:15:31Z,63.0,Charge 6
2025-11-12T02:15:32Z,62.0,Charge 6
2025-11-12T02:15:35Z,62.0,Charge 6
2025-11-12T02:15:38Z,62.0,Charge 6
2025-11-12T02:15:41Z,62.0,Charge 6
2025-11-12T02:15:44Z,62.0,Charge 6
2025-11-12T02:15:47Z,62.0,Charge 6
2025-11-12T02:15:50Z,62.0,Charge 6
2025-11-12T02:15:51Z,64.0,Charge 6
2025-11-12T02:15:54Z,64.0,Charge 6
2025-11-12T02:15:55Z,63.0,Charge 6
2025-11-12T02:15:57Z,63.0,Charge 6
2025-11-12T02:15:59Z,62.0,Charge 6
2025-11-12T02:16:02Z,62.0,Charge 6
2025-11-12T02:16:05Z,63.0,Charge 6
2025-11-12T02:16:07Z,64.0,Charge 6
2025-11-12T02:16:09Z,65.0,Charge 6
2025-11-12T02:16:12Z,65.0,Charge 6
2025-11-12T02:16:14Z,66.0,Charge 6
2025-11-12T02:16:16Z,65.0,Charge 6
2025-11-12T02:16:18Z,64.0,Charge 6
2025-11-12T02:16:21Z,64.0,Charge 6
2025-11-12T02:16:24Z,63.0,Charge 6
2025-11-12T02:16:27Z,63.0,Charge 6
2025-11-12T02:16:28Z,64.0,Charge 6
2025-11-12T02:16:31Z,64.0,Charge 6
2025-11-12T02:16:32Z,63.0,Charge 6
2025-11-12T02:16:35Z,63.0,Charge 6
2025-11-12T02:16:37Z,64.0,Charge 6
2025-11-12T02:16:40Z,64.0,Charge 6
2025-11-12T02:16:41Z,64.0,Charge 6
2025-11-12T02:16:43Z,65.0,Charge 6
2025-11-12T02:16:45Z,64.0,Charge 6
2025-11-12T02:16:47Z,66.0,Charge 6
2025-11-12T02:16:50Z,66.0,Charge 6
2025-11-12T02:16:53Z,65.0,Charge 6
2025-11-12T02:16:56Z,65.0,Charge 6
2025-11-12T02:16:59Z,65.0,Charge 6
2025-11-12T02:17:00Z,66.0,Charge 6
2025-11-12T02:17:03Z,66.0,Charge 6
2025-11-12T02:17:06Z,67.0,Charge 6
2025-11-12T02:17:09Z,67.0,Charge 6
2025-11-12T02:17:10Z,66.0,Charge 6
2025-11-12T02:17:13Z,66.0,Charge 6
2025-11-12T02:17:16Z,66.0,Charge 6
2025-11-12T02:17:18Z,67.0,Charge 6
2025-11-12T02:17:21Z,67.0,Charge 6
2025-11-12T02:17:24Z,67.0,Charge 6
2025-11-12T02:17:25Z,66.0,Charge 6
2025-11-12T02:17:28Z,66.0,Charge 6
2025-11-12T02:17:31Z,66.0,Charge 6
2025-11-12T02:17:34Z,66.0,Charge 6
2025-11-12T02:17:35Z,66.0,Charge 6
2025-11-12T02:17:37Z,66.0,Charge 6
2025-11-12T02:17:40Z,66.0,Charge 6
2025-11-12T02:17:43Z,67.0,Charge 6
2025-11-12T02:17:46Z,67.0,Charge 6
2025-11-12T02:17:48Z,69.0,Charge 6
2025-11-12T02:17:51Z,69.0,Charge 6
2025-11-12T02:17:52Z,70.0,Charge 6
2025-11-12T02:17:54Z,69.0,Charge 6
2025-11-12T02:17:56Z,68.0,Charge 6
2025-11-12T02:17:58Z,67.0,Charge 6
2025-11-12T02:18:01Z,67.0,Charge 6
2025-11-12T02:18:02Z,70.0,Charge 6
2025-11-12T02:18:04Z,70.0,Charge 6
2025-11-12T02:18:06Z,68.0,Charge 6
2025-11-12T02:18:08Z,66.0,Charge 6
2025-11-12T02:18:11Z,66.0,Charge 6
2025-11-12T02:18:12Z,65.0,Charge 6
2025-11-12T02:18:13Z,64.0,Charge 6
2025-11-12T02:18:16Z,64.0,Charge 6
2025-11-12T02:18:19Z,63.0,Charge 6
2025-11-12T02:18:22Z,63.0,Charge 6
2025-11-12T02:18:23Z,62.0,Charge 6
2025-11-12T02:18:25Z,62.0,Charge 6
2025-11-12T02:18:28Z,62.0,Charge 6
2025-11-12T02:18:29Z,61.0,Charge 6
2025-11-12T02:18:31Z,60.0,Charge 6
2025-11-12T02:18:34Z,60.0,Charge 6
2025-11-12T02:18:37Z,60.0,Charge 6
2025-11-12T02:18:40Z,60.0,Charge 6
2025-11-12T02:18:43Z,60.0,Charge 6
2025-11-12T02:18:46Z,60.0,Charge 6
2025-11-12T02:18:48Z,61.0,Charge 6
2025-11-12T02:18:50Z,62.0,Charge 6
2025-11-12T02:18:52Z,63.0,Charge 6
2025-11-12T02:18:55Z,63.0,Charge 6
2025-11-12T02:18:58Z,62.0,Charge 6
2025-11-12T02:19:01Z,62.0,Charge 6
2025-11-12T02:19:04Z,62.0,Charge 6
2025-11-12T02:19:07Z,62.0,Charge 6
2025-11-12T02:19:09Z,62.0,Charge 6
2025-11-12T02:19:12Z,62.0,Charge 6
2025-11-12T02:19:15Z,62.0,Charge 6
2025-11-12T02:19:18Z,62.0,Charge 6
2025-11-12T02:19:21Z,62.0,Charge 6
2025-11-12T02:19:24Z,62.0,Charge 6
2025-11-12T02:19:27Z,62.0,Charge 6
2025-11-12T02:19:30Z,63.0,Charge 6
2025-11-12T02:19:32Z,64.0,Charge 6
2025-11-12T02:19:34Z,65.0,Charge 6
2025-11-12T02:19:36Z,64.0,Charge 6
2025-11-12T02:19:38Z,63.0,Charge 6
2025-11-12T02:19:40Z,64.0,Charge 6
2025-11-12T02:19:42Z,66.0,Charge 6
2025-11-12T02:19:45Z,66.0,Charge 6
2025-11-12T02:19:48Z,66.0,Charge 6
2025-11-12T02:19:49Z,65.0,Charge 6
2025-11-12T02:19:51Z,64.0,Charge 6
2025-11-12T02:19:54Z,64.0,Charge 6
2025-11-12T02:19:57Z,64.0,Charge 6
2025-11-12T02:20:00Z,64.0,Charge 6
2025-11-12T02:20:01Z,63.0,Charge 6
2025-11-12T02:20:03Z,62.0,Charge 6
2025-11-12T02:20:05Z,62.0,Charge 6
2025-11-12T02:20:07Z,61.0,Charge 6
2025-11-12T02:20:10Z,61.0,Charge 6
2025-11-12T02:20:13Z,61.0,Charge 6
2025-11-12T02:20:14Z,61.0,Charge 6
2025-11-12T02:20:17Z,61.0,Charge 6
2025-11-12T02:20:20Z,60.0,Charge 6
2025-11-12T02:20:22Z,62.0,Charge 6
2025-11-12T02:20:25Z,62.0,Charge 6
2025-11-12T02:20:28Z,62.0,Charge 6
2025-11-12T02:20:31Z,62.0,Charge 6
2025-11-12T02:20:34Z,62.0,Charge 6
2025-11-12T02:20:37Z,62.0,Charge 6
2025-11-12T02:20:39Z,61.0,Charge 6
2025-11-12T02:20:42Z,61.0,Charge 6
2025-11-12T02:20:45Z,62.0,Charge 6
2025-11-12T02:20:47Z,61.0,Charge 6
2025-11-12T02:20:50Z,61.0,Charge 6
2025-11-12T02:20:53Z,62.0,Charge 6
2025-11-12T02:20:56Z,62.0,Charge 6
2025-11-12T02:20:59Z,61.0,Charge 6
2025-11-12T02:21:02Z,61.0,Charge 6
2025-11-12T02:21:05Z,61.0,Charge 6
2025-11-12T02:21:06Z,62.0,Charge 6
2025-11-12T02:21:09Z,62.0,Charge 6
2025-11-12T02:21:12Z,62.0,Charge 6
2025-11-12T02:21:15Z,62.0,Charge 6
2025-11-12T02:21:18Z,62.0,Charge 6
2025-11-12T02:21:21Z,62.0,Charge 6
2025-11-12T02:21:22Z,61.0,Charge 6
2025-11-12T02:21:25Z,61.0,Charge 6
2025-11-12T02:21:27Z,61.0,Charge 6
2025-11-12T02:21:30Z,61.0,Charge 6
2025-11-12T02:21:31Z,60.0,Charge 6
2025-11-12T02:21:34Z,60.0,Charge 6
2025-11-12T02:21:35Z,61.0,Charge 6
2025-11-12T02:21:37Z,60.0,Charge 6
2025-11-12T02:21:40Z,60.0,Charge 6
2025-11-12T02:21:41Z,62.0,Charge 6
2025-11-12T02:21:44Z,62.0,Charge 6
2025-11-12T02:21:47Z,62.0,Charge 6
2025-11-12T02:21:48Z,61.0,Charge 6
2025-11-12T02:21:50Z,60.0,Charge 6
2025-11-12T02:21:53Z,60.0,Charge 6
2025-11-12T02:21:56Z,61.0,Charge 6
2025-11-12T02:21:59Z,61.0,Charge 6
2025-11-12T02:22:00Z,62.0,Charge 6
2025-11-12T02:22:02Z,63.0,Charge 6
2025-11-12T02:22:04Z,64.0,Charge 6
2025-11-12T02:22:06Z,65.0,Charge 6
2025-11-12T02:22:08Z,65.0,Charge 6
2025-11-12T02:22:11Z,65.0,Charge 6
2025-11-12T02:22:13Z,64.0,Charge 6
2025-11-12T02:22:16Z,64.0,Charge 6
2025-11-12T02:22:17Z,62.0,Charge 6
2025-11-12T02:22:20Z,62.0,Charge 6
2025-11-12T02:22:21Z,62.0,Charge 6
2025-11-12T02:22:23Z,62.0,Charge 6
2025-11-12T02:22:25Z,62.0,Charge 6
2025-11-12T02:22:27Z,61.0,Charge 6
2025-11-12T02:22:30Z,61.0,Charge 6
2025-11-12T02:22:31Z,62.0,Charge 6
2025-11-12T02:22:34Z,62.0,Charge 6
2025-11-12T02:22:36Z,64.0,Charge 6
2025-11-12T02:22:39Z,64.0,Charge 6
2025-11-12T02:22:40Z,63.0,Charge 6
2025-11-12T02:22:42Z,62.0,Charge 6
2025-11-12T02:22:45Z,62.0,Charge 6
2025-11-12T02:22:46Z,63.0,Charge 6
2025-11-12T02:22:48Z,66.0,Charge 6
2025-11-12T02:22:51Z,66.0,Charge 6
2025-11-12T02:22:52Z,65.0,Charge 6
2025-11-12T02:22:54Z,64.0,Charge 6
2025-11-12T02:22:56Z,66.0,Charge 6
2025-11-12T02:22:58Z,72.0,Charge 6
2025-11-12T02:23:01Z,75.0,Charge 6
2025-11-12T02:23:03Z,75.0,Charge 6
2025-11-12T02:23:05Z,73.0,Charge 6
2025-11-12T02:23:07Z,71.0,Charge 6
2025-11-12T02:23:09Z,70.0,Charge 6
2025-11-12T02:23:11Z,67.0,Charge 6
2025-11-12T02:23:13Z,66.0,Charge 6
2025-11-12T02:23:16Z,66.0,Charge 6
2025-11-12T02:23:19Z,65.0,Charge 6
2025-11-12T02:23:22Z,65.0,Charge 6
2025-11-12T02:23:23Z,64.0,Charge 6
2025-11-12T02:23:24Z,65.0,Charge 6
2025-11-12T02:23:26Z,66.0,Charge 6
2025-11-12T02:23:28Z,68.0,Charge 6
2025-11-12T02:23:30Z,69.0,Charge 6
2025-11-12T02:23:32Z,68.0,Charge 6
2025-11-12T02:23:34Z,67.0,Charge 6
2025-11-12T02:23:36Z,72.0,Charge 6
2025-11-12T02:23:38Z,74.0,Charge 6
2025-11-12T02:23:40Z,72.0,Charge 6
2025-11-12T02:23:41Z,70.0,Charge 6
2025-11-12T02:23:44Z,70.0,Charge 6
2025-11-12T02:23:45Z,69.0,Charge 6
2025-11-12T02:23:48Z,69.0,Charge 6
2025-11-12T02:23:49Z,68.0,Charge 6
2025-11-12T02:23:51Z,67.0,Charge 6
2025-11-12T02:23:53Z,66.0,Charge 6
2025-11-12T02:23:55Z,64.0,Charge 6
2025-11-12T02:23:58Z,64.0,Charge 6
2025-11-12T02:24:01Z,64.0,Charge 6
2025-11-12T02:24:03Z,65.0,Charge 6
2025-11-12T02:24:05Z,66.0,Charge 6
2025-11-12T02:24:08Z,67.0,Charge 6
2025-11-12T02:24:11Z,67.0,Charge 6
2025-11-12T02:24:12Z,68.0,Charge 6
2025-11-12T02:24:14Z,67.0,Charge 6
2025-11-12T02:24:16Z,66.0,Charge 6
2025-11-12T02:24:18Z,66.0,Charge 6
2025-11-12T02:24:21Z,66.0,Charge 6
2025-11-12T02:24:22Z,65.0,Charge 6
2025-11-12T02:24:25Z,65.0,Charge 6
2025-11-12T02:24:26Z,64.0,Charge 6
2025-11-12T02:24:29Z,64.0,Charge 6
2025-11-12T02:24:31Z,65.0,Charge 6
2025-11-12T02:24:34Z,65.0,Charge 6
2025-11-12T02:24:37Z,66.0,Charge 6
2025-11-12T02:24:39Z,65.0,Charge 6
2025-11-12T02:24:41Z,66.0,Charge 6
2025-11-12T02:24:43Z,67.0,Charge 6
2025-11-12T02:24:45Z,69.0,Charge 6
2025-11-12T02:24:47Z,71.0,Charge 6
2025-11-12T02:24:50Z,71.0,Charge 6
2025-11-12T02:24:51Z,71.0,Charge 6
2025-11-12T02:24:53Z,71.0,Charge 6
2025-11-12T02:24:56Z,71.0,Charge 6
2025-11-12T02:24:59Z,71.0,Charge 6
2025-11-12T02:25:00Z,68.0,Charge 6
2025-11-12T02:25:02Z,66.0,Charge 6
2025-11-12T02:25:04Z,65.0,Charge 6
2025-11-12T02:25:07Z,65.0,Charge 6
2025-11-12T02:25:08Z,64.0,Charge 6
2025-11-12T02:25:11Z,64.0,Charge 6
2025-11-12T02:25:14Z,64.0,Charge 6
2025-11-12T02:25:17Z,64.0,Charge 6
2025-11-12T02:25:19Z,66.0,Charge 6
2025-11-12T02:25:22Z,66.0,Charge 6
2025-11-12T02:25:25Z,66.0,Charge 6
2025-11-12T02:25:28Z,66.0,Charge 6
2025-11-12T02:25:31Z,66.0,Charge 6
2025-11-12T02:25:34Z,66.0,Charge 6
2025-11-12T02:25:37Z,66.0,Charge 6
2025-11-12T02:25:39Z,67.0,Charge 6
2025-11-12T02:25:41Z,69.0,Charge 6
2025-11-12T02:25:44Z,70.0,Charge 6
2025-11-12T02:25:46Z,71.0,Charge 6
2025-11-12T02:25:48Z,72.0,Charge 6
2025-11-12T02:25:51Z,72.0,Charge 6
2025-11-12T02:25:54Z,70.0,Charge 6
2025-11-12T02:25:56Z,70.0,Charge 6
2025-11-12T02:25:59Z,70.0,Charge 6
2025-11-12T02:26:02Z,70.0,Charge 6
2025-11-12T02:26:04Z,69.0,Charge 6
2025-11-12T02:26:05Z,68.0,Charge 6
2025-11-12T02:26:08Z,68.0,Charge 6
2025-11-12T02:26:11Z,67.0,Charge 6
2025-11-12T02:26:13Z,66.0,Charge 6
2025-11-12T02:26:16Z,66.0,Charge 6
2025-11-12T02:26:19Z,66.0,Charge 6
2025-11-12T02:26:21Z,67.0,Charge 6
2025-11-12T02:26:23Z,68.0,Charge 6
2025-11-12T02:26:25Z,69.0,Charge 6
2025-11-12T02:26:27Z,69.0,Charge 6
2025-11-12T02:26:30Z,70.0,Charge 6
2025-11-12T02:26:32Z,71.0,Charge 6
2025-11-12T02:26:34Z,70.0,Charge 6
2025-11-12T02:26:36Z,70.0,Charge 6
2025-11-12T02:26:39Z,70.0,Charge 6
2025-11-12T02:26:42Z,70.0,Charge 6
2025-11-12T02:26:45Z,70.0,Charge 6
2025-11-12T02:26:46Z,69.0,Charge 6
2025-11-12T02:26:48Z,68.0,Charge 6
2025-11-12T02:26:51Z,68.0,Charge 6
2025-11-12T02:26:54Z,68.0,Charge 6
2025-11-12T02:26:57Z,68.0,Charge 6
2025-11-12T02:26:59Z,68.0,Charge 6
2025-11-12T02:27:01Z,72.0,Charge 6
2025-11-12T02:27:03Z,75.0,Charge 6
2025-11-12T02:27:05Z,76.0,Charge 6
2025-11-12T02:27:07Z,74.0,Charge 6
2025-11-12T02:27:09Z,69.0,Charge 6
2025-11-12T02:27:12Z,69.0,Charge 6
2025-11-12T02:27:13Z,70.0,Charge 6
2025-11-12T02:27:16Z,70.0,Charge 6
2025-11-12T02:27:19Z,70.0,Charge 6
2025-11-12T02:27:20Z,69.0,Charge 6
2025-11-12T02:27:22Z,68.0,Charge 6
2025-11-12T02:27:25Z,68.0,Charge 6
2025-11-12T02:27:28Z,67.0,Charge 6
2025-11-12T02:27:30Z,67.0,Charge 6
2025-11-12T02:27:32Z,66.0,Charge 6
2025-11-12T02:27:35Z,66.0,Charge 6
2025-11-12T02:27:36Z,67.0,Charge 6
2025-11-12T02:27:39Z,67.0,Charge 6
2025-11-12T02:27:40Z,68.0,Charge 6
2025-11-12T02:27:43Z,68.0,Charge 6
2025-11-12T02:27:46Z,68.0,Charge 6
2025-11-12T02:27:49Z,68.0,Charge 6
2025-11-12T02:27:52Z,68.0,Charge 6
2025-11-12T02:27:53Z,69.0,Charge 6
2025-11-12T02:27:55Z,70.0,Charge 6
2025-11-12T02:27:58Z,70.0,Charge 6
2025-11-12T02:28:01Z,70.0,Charge 6
2025-11-12T02:28:04Z,70.0,Charge 6
2025-11-12T02:28:05Z,72.0,Charge 6
2025-11-12T02:28:08Z,73.0,Charge 6
2025-11-12T02:28:10Z,74.0,Charge 6
2025-11-12T02:28:12Z,76.0,Charge 6
2025-11-12T02:28:14Z,76.0,Charge 6
2025-11-12T02:28:17Z,76.0,Charge 6
2025-11-12T02:28:20Z,75.0,Charge 6
2025-11-12T02:28:22Z,74.0,Charge 6
2025-11-12T02:28:24Z,72.0,Charge 6
2025-11-12T02:28:27Z,72.0,Charge 6
2025-11-12T02:28:28Z,70.0,Charge 6
2025-11-12T02:28:29Z,69.0,Charge 6
2025-11-12T02:28:31Z,68.0,Charge 6
2025-11-12T02:28:34Z,68.0,Charge 6
2025-11-12T02:28:35Z,66.0,Charge 6
2025-11-12T02:28:37Z,66.0,Charge 6
2025-11-12T02:28:40Z,66.0,Charge 6
2025-11-12T02:28:41Z,67.0,Charge 6
2025-11-12T02:28:44Z,67.0,Charge 6
2025-11-12T02:28:45Z,66.0,Charge 6
2025-11-12T02:28:47Z,65.0,Charge 6
2025-11-12T02:28:49Z,64.0,Charge 6
2025-11-12T02:28:52Z,64.0,Charge 6
2025-11-12T02:28:54Z,64.0,Charge 6
2025-11-12T02:28:56Z,63.0,Charge 6
2025-11-12T02:28:58Z,62.0,Charge 6
2025-11-12T02:29:00Z,63.0,Charge 6
2025-11-12T02:29:03Z,63.0,Charge 6
2025-11-12T02:29:04Z,64.0,Charge 6
2025-11-12T02:29:06Z,64.0,Charge 6
2025-11-12T02:29:08Z,65.0,Charge 6
2025-11-12T02:29:10Z,66.0,Charge 6
2025-11-12T02:29:13Z,66.0,Charge 6
2025-11-12T02:29:14Z,66.0,Charge 6
2025-11-12T02:29:17Z,66.0,Charge 6
2025-11-12T02:29:19Z,67.0,Charge 6
2025-11-12T02:29:21Z,68.0,Charge 6
2025-11-12T02:29:24Z,68.0,Charge 6
2025-11-12T02:29:25Z,68.0,Charge 6
2025-11-12T02:29:27Z,69.0,Charge 6
2025-11-12T02:29:29Z,70.0,Charge 6
2025-11-12T02:29:32Z,70.0,Charge 6
2025-11-12T02:29:33Z,69.0,Charge 6
2025-11-12T02:29:35Z,68.0,Charge 6
2025-11-12T02:29:38Z,68.0,Charge 6
2025-11-12T02:29:41Z,68.0,Charge 6
2025-11-12T02:29:42Z,67.0,Charge 6
2025-11-12T02:29:44Z,66.0,Charge 6
2025-11-12T02:29:47Z,66.0,Charge 6
2025-11-12T02:29:50Z,66.0,Charge 6
2025-11-12T02:29:53Z,66.0,Charge 6
2025-11-12T02:29:56Z,66.0,Charge 6
2025-11-12T02:29:59Z,66.0,Charge 6
2025-11-12T02:30:00Z,68.0,Charge 6
2025-11-12T02:30:03Z,68.0,Charge 6
2025-11-12T02:30:04Z,69.0,Charge 6
2025-11-12T02:30:07Z,69.0,Charge 6
2025-11-12T02:30:09Z,70.0,Charge 6
2025-11-12T02:30:12Z,70.0,Charge 6
2025-11-12T02:30:15Z,69.0,Charge 6
2025-11-12T02:30:17Z,68.0,Charge 6
2025-11-12T02:30:20Z,68.0,Charge 6
2025-11-12T02:30:21Z,67.0,Charge 6
2025-11-12T02:30:24Z,67.0,Charge 6
2025-11-12T02:30:25Z,66.0,Charge 6
2025-11-12T02:30:28Z,66.0,Charge 6
2025-11-12T02:30:29Z,67.0,Charge 6
2025-11-12T02:30:30Z,68.0,Charge 6
2025-11-12T02:30:32Z,69.0,Charge 6
2025-11-12T02:30:34Z,70.0,Charge 6
2025-11-12T02:30:37Z,70.0,Charge 6
2025-11-12T02:30:38Z,69.0,Charge 6
2025-11-12T02:30:40Z,68.0,Charge 6
2025-11-12T02:30:42Z,66.0,Charge 6
2025-11-12T02:30:44Z,64.0,Charge 6
2025-11-12T02:30:47Z,64.0,Charge 6
2025-11-12T02:30:48Z,63.0,Charge 6
2025-11-12T02:30:50Z,62.0,Charge 6
2025-11-12T02:30:53Z,62.0,Charge 6
2025-11-12T02:30:56Z,62.0,Charge 6
2025-11-12T02:30:59Z,63.0,Charge 6
2025-11-12T02:31:01Z,64.0,Charge 6
2025-11-12T02:31:04Z,64.0,Charge 6
2025-11-12T02:31:05Z,66.0,Charge 6
2025-11-12T02:31:07Z,67.0,Charge 6
2025-11-12T02:31:10Z,67.0,Charge 6
2025-11-12T02:31:11Z,66.0,Charge 6
2025-11-12T02:31:14Z,66.0,Charge 6
2025-11-12T02:31:17Z,66.0,Charge 6
2025-11-12T02:31:20Z,65.0,Charge 6
2025-11-12T02:31:23Z,65.0,Charge 6
2025-11-12T02:31:26Z,65.0,Charge 6
2025-11-12T02:31:29Z,65.0,Charge 6
2025-11-12T02:31:30Z,64.0,Charge 6
2025-11-12T02:31:32Z,65.0,Charge 6
2025-11-12T02:31:35Z,65.0,Charge 6
2025-11-12T02:31:36Z,65.0,Charge 6
2025-11-12T02:31:38Z,64.0,Charge 6
2025-11-12T02:31:40Z,65.0,Charge 6
2025-11-12T02:31:41Z,67.0,Charge 6
2025-11-12T02:31:43Z,69.0,Charge 6
2025-11-12T02:31:45Z,72.0,Charge 6
2025-11-12T02:31:47Z,74.0,Charge 6
2025-11-12T02:31:49Z,76.0,Charge 6
2025-11-12T02:31:51Z,80.0,Charge 6
2025-11-12T02:31:53Z,84.0,Charge 6
2025-11-12T02:31:55Z,87.0,Charge 6
2025-11-12T02:31:57Z,90.0,Charge 6
2025-11-12T02:31:59Z,89.0,Charge 6
2025-11-12T02:32:01Z,83.0,Charge 6
2025-11-12T02:32:03Z,78.0,Charge 6
2025-11-12T02:32:05Z,75.0,Charge 6
2025-11-12T02:32:08Z,76.0,Charge 6
2025-11-12T02:32:10Z,78.0,Charge 6
2025-11-12T02:32:12Z,74.0,Charge 6
2025-11-12T02:32:14Z,70.0,Charge 6
2025-11-12T02:32:16Z,69.0,Charge 6
2025-11-12T02:32:18Z,68.0,Charge 6
2025-11-12T02:32:20Z,69.0,Charge 6
2025-11-12T02:32:22Z,66.0,Charge 6
2025-11-12T02:32:24Z,66.0,Charge 6
2025-11-12T02:32:26Z,67.0,Charge 6
2025-11-12T02:32:28Z,66.0,Charge 6
2025-11-12T02:32:31Z,67.0,Charge 6
2025-11-12T02:32:33Z,66.0,Charge 6
2025-11-12T02:32:36Z,66.0,Charge 6
2025-11-12T02:32:37Z,65.0,Charge 6
2025-11-12T02:32:40Z,65.0,Charge 6
2025-11-12T02:32:41Z,64.0,Charge 6
2025-11-12T02:32:44Z,64.0,Charge 6
2025-11-12T02:32:45Z,63.0,Charge 6
2025-11-12T02:32:48Z,63.0,Charge 6
2025-11-12T02:32:49Z,64.0,Charge 6
2025-11-12T02:32:52Z,64.0,Charge 6
2025-11-12T02:32:53Z,66.0,Charge 6
2025-11-12T02:32:56Z,67.0,Charge 6
2025-11-12T02:32:59Z,67.0,Charge 6
2025-11-12T02:33:00Z,68.0,Charge 6
2025-11-12T02:33:02Z,77.0,Charge 6
2025-11-12T02:33:04Z,85.0,Charge 6
2025-11-12T02:33:06Z,86.0,Charge 6
2025-11-12T02:33:08Z,85.0,Charge 6
2025-11-12T02:33:10Z,81.0,Charge 6
2025-11-12T02:33:12Z,76.0,Charge 6
2025-11-12T02:33:14Z,73.0,Charge 6
2025-11-12T02:33:16Z,72.0,Charge 6
2025-11-12T02:33:17Z,71.0,Charge 6
2025-11-12T02:33:19Z,70.0,Charge 6
2025-11-12T02:33:21Z,69.0,Charge 6
2025-11-12T02:33:23Z,68.0,Charge 6
2025-11-12T02:33:26Z,68.0,Charge 6
2025-11-12T02:33:29Z,70.0,Charge 6
2025-11-12T02:33:31Z,71.0,Charge 6
2025-11-12T02:33:34Z,71.0,Charge 6
2025-11-12T02:33:35Z,72.0,Charge 6
2025-11-12T02:33:37Z,73.0,Charge 6
2025-11-12T02:33:39Z,72.0,Charge 6
2025-11-12T02:33:42Z,73.0,Charge 6
2025-11-12T02:33:44Z,74.0,Charge 6
2025-11-12T02:33:46Z,73.0,Charge 6
2025-11-12T02:33:48Z,72.0,Charge 6
2025-11-12T02:33:51Z,72.0,Charge 6
2025-11-12T02:33:52Z,75.0,Charge 6
2025-11-12T02:33:54Z,77.0,Charge 6
2025-11-12T02:33:57Z,77.0,Charge 6
2025-11-12T02:33:58Z,76.0,Charge 6
2025-11-12T02:34:00Z,75.0,Charge 6
2025-11-12T02:34:03Z,75.0,Charge 6
2025-11-12T02:34:05Z,76.0,Charge 6
2025-11-12T02:34:07Z,75.0,Charge 6
2025-11-12T02:34:09Z,73.0,Charge 6
2025-11-12T02:34:11Z,70.0,Charge 6
2025-11-12T02:34:13Z,69.0,Charge 6
2025-11-12T02:34:15Z,67.0,Charge 6
2025-11-12T02:34:17Z,65.0,Charge 6
2025-11-12T02:34:19Z,63.0,Charge 6
2025-11-12T02:34:21Z,62.0,Charge 6
2025-11-12T02:34:23Z,61.0,Charge 6
2025-11-12T02:34:25Z,62.0,Charge 6
2025-11-12T02:34:27Z,63.0,Charge 6
2025-11-12T02:34:30Z,63.0,Charge 6
2025-11-12T02:34:33Z,63.0,Charge 6
2025-11-12T02:34:34Z,60.0,Charge 6
2025-11-12T02:34:37Z,60.0,Charge 6
2025-11-12T02:34:38Z,59.0,Charge 6
2025-11-12T02:34:40Z,58.0,Charge 6
2025-11-12T02:34:43Z,58.0,Charge 6
2025-11-12T02:34:44Z,58.0,Charge 6
2025-11-12T02:34:47Z,58.0,Charge 6
2025-11-12T02:34:50Z,57.0,Charge 6
2025-11-12T02:34:52Z,58.0,Charge 6
2025-11-12T02:34:55Z,58.0,Charge 6
2025-11-12T02:34:57Z,58.0,Charge 6
2025-11-12T02:34:59Z,60.0,Charge 6
2025-11-12T02:35:02Z,60.0,Charge 6
2025-11-12T02:35:05Z,59.0,Charge 6
2025-11-12T02:35:07Z,58.0,Charge 6
2025-11-12T02:35:10Z,58.0,Charge 6
2025-11-12T02:35:13Z,58.0,Charge 6
2025-11-12T02:35:15Z,58.0,Charge 6
2025-11-12T02:35:18Z,58.0,Charge 6
2025-11-12T02:35:21Z,58.0,Charge 6
2025-11-12T02:35:24Z,58.0,Charge 6
2025-11-12T02:35:26Z,58.0,Charge 6
2025-11-12T02:35:28Z,57.0,Charge 6
2025-11-12T02:35:31Z,57.0,Charge 6
2025-11-12T02:35:34Z,58.0,Charge 6
2025-11-12T02:35:37Z,58.0,Charge 6
2025-11-12T02:35:38Z,57.0,Charge 6
2025-11-12T02:35:41Z,58.0,Charge 6
2025-11-12T02:35:43Z,60.0,Charge 6
2025-11-12T02:35:45Z,63.0,Charge 6
2025-11-12T02:35:47Z,61.0,Charge 6
2025-11-12T02:35:50Z,61.0,Charge 6
2025-11-12T02:35:53Z,61.0,Charge 6
2025-11-12T02:35:55Z,60.0,Charge 6
2025-11-12T02:35:58Z,60.0,Charge 6
2025-11-12T02:36:01Z,60.0,Charge 6
2025-11-12T02:36:04Z,60.0,Charge 6
2025-11-12T02:36:05Z,59.0,Charge 6
2025-11-12T02:36:08Z,59.0,Charge 6
2025-11-12T02:36:10Z,60.0,Charge 6
2025-11-12T02:36:13Z,60.0,Charge 6
2025-11-12T02:36:16Z,59.0,Charge 6
2025-11-12T02:36:19Z,59.0,Charge 6
2025-11-12T02:36:22Z,60.0,Charge 6
2025-11-12T02:36:24Z,61.0,Charge 6
2025-11-12T02:36:26Z,60.0,Charge 6
2025-11-12T02:36:28Z,59.0,Charge 6
2025-11-12T02:36:29Z,60.0,Charge 6
2025-11-12T02:36:31Z,59.0,Charge 6
2025-11-12T02:36:33Z,58.0,Charge 6
2025-11-12T02:36:36Z,58.0,Charge 6
2025-11-12T02:36:37Z,59.0,Charge 6
2025-11-12T02:36:40Z,59.0,Charge 6
2025-11-12T02:36:43Z,59.0,Charge 6
2025-11-12T02:36:45Z,60.0,Charge 6
2025-11-12T02:36:48Z,60.0,Charge 6
2025-11-12T02:36:49Z,60.0,Charge 6
2025-11-12T02:36:51Z,59.0,Charge 6
2025-11-12T02:36:53Z,58.0,Charge 6
2025-11-12T02:36:54Z,59.0,Charge 6
2025-11-12T02:36:56Z,60.0,Charge 6
2025-11-12T02:36:58Z,61.0,Charge 6
2025-11-12T02:37:00Z,60.0,Charge 6
2025-11-12T02:37:03Z,60.0,Charge 6
2025-11-12T02:37:06Z,61.0,Charge 6
2025-11-12T02:37:09Z,61.0,Charge 6
2025-11-12T02:37:10Z,60.0,Charge 6
2025-11-12T02:37:13Z,60.0,Charge 6
2025-11-12T02:37:16Z,60.0,Charge 6
2025-11-12T02:37:17Z,60.0,Charge 6
2025-11-12T02:37:20Z,60.0,Charge 6
2025-11-12T02:37:21Z,60.0,Charge 6
2025-11-12T02:37:23Z,61.0,Charge 6
2025-11-12T02:37:25Z,62.0,Charge 6
2025-11-12T02:37:27Z,61.0,Charge 6
2025-11-12T02:37:30Z,61.0,Charge 6
2025-11-12T02:37:33Z,61.0,Charge 6
2025-11-12T02:37:36Z,61.0,Charge 6
2025-11-12T02:37:39Z,60.0,Charge 6
2025-11-12T02:37:41Z,60.0,Charge 6
2025-11-12T02:37:44Z,60.0,Charge 6
2025-11-12T02:37:47Z,60.0,Charge 6
2025-11-12T02:37:50Z,59.0,Charge 6
2025-11-12T02:37:52Z,58.0,Charge 6
2025-11-12T02:37:54Z,59.0,Charge 6
2025-11-12T02:37:56Z,59.0,Charge 6
2025-11-12T02:37:58Z,59.0,Charge 6
2025-11-12T02:38:00Z,60.0,Charge 6
2025-11-12T02:38:02Z,61.0,Charge 6
2025-11-12T02:38:04Z,63.0,Charge 6
2025-11-12T02:38:05Z,66.0,Charge 6
2025-11-12T02:38:07Z,70.0,Charge 6
2025-11-12T02:38:10Z,70.0,Charge 6
2025-11-12T02:38:11Z,73.0,Charge 6
2025-11-12T02:38:13Z,77.0,Charge 6
2025-11-12T02:38:15Z,79.0,Charge 6
2025-11-12T02:38:17Z,80.0,Charge 6
2025-11-12T02:38:19Z,79.0,Charge 6
2025-11-12T02:38:21Z,76.0,Charge 6
2025-11-12T02:38:23Z,73.0,Charge 6
2025-11-12T02:38:25Z,71.0,Charge 6
2025-11-12T02:38:27Z,69.0,Charge 6
2025-11-12T02:38:29Z,67.0,Charge 6
2025-11-12T02:38:30Z,65.0,Charge 6
2025-11-12T02:38:32Z,64.0,Charge 6
2025-11-12T02:38:34Z,63.0,Charge 6
2025-11-12T02:38:36Z,62.0,Charge 6
2025-11-12T02:38:38Z,63.0,Charge 6
2025-11-12T02:38:41Z,63.0,Charge 6
2025-11-12T02:38:42Z,63.0,Charge 6
2025-11-12T02:38:44Z,62.0,Charge 6
2025-11-12T02:38:46Z,63.0,Charge 6
2025-11-12T02:38:48Z,66.0,Charge 6
2025-11-12T02:38:50Z,68.0,Charge 6
2025-11-12T02:38:53Z,70.0,Charge 6
2025-11-12T02:38:55Z,65.0,Charge 6
2025-11-12T02:38:57Z,64.0,Charge 6
2025-11-12T02:38:59Z,68.0,Charge 6
2025-11-12T02:39:01Z,69.0,Charge 6
2025-11-12T02:39:03Z,71.0,Charge 6
2025-11-12T02:39:05Z,70.0,Charge 6
2025-11-12T02:39:07Z,68.0,Charge 6
2025-11-12T02:39:09Z,67.0,Charge 6
2025-11-12T02:39:12Z,67.0,Charge 6
2025-11-12T02:39:13Z,66.0,Charge 6
2025-11-12T02:39:15Z,67.0,Charge 6
2025-11-12T02:39:16Z,69.0,Charge 6
2025-11-12T02:39:19Z,69.0,Charge 6
2025-11-12T02:39:20Z,71.0,Charge 6
2025-11-12T02:39:22Z,70.0,Charge 6
2025-11-12T02:39:24Z,69.0,Charge 6
2025-11-12T02:39:26Z,67.0,Charge 6
2025-11-12T02:39:28Z,66.0,Charge 6
2025-11-12T02:39:31Z,66.0,Charge 6
2025-11-12T02:39:32Z,65.0,Charge 6
2025-11-12T02:39:34Z,65.0,Charge 6
2025-11-12T02:39:37Z,65.0,Charge 6
2025-11-12T02:39:38Z,64.0,Charge 6
2025-11-12T02:39:41Z,64.0,Charge 6
2025-11-12T02:39:44Z,64.0,Charge 6
2025-11-12T02:39:45Z,63.0,Charge 6
2025-11-12T02:39:47Z,62.0,Charge 6
2025-11-12T02:39:49Z,61.0,Charge 6
2025-11-12T02:39:52Z,61.0,Charge 6
2025-11-12T02:39:53Z,62.0,Charge 6
2025-11-12T02:39:55Z,64.0,Charge 6
2025-11-12T02:39:57Z,66.0,Charge 6
2025-11-12T02:40:00Z,66.0,Charge 6
2025-11-12T02:40:03Z,66.0,Charge 6
2025-11-12T02:40:06Z,65.0,Charge 6
2025-11-12T02:40:09Z,65.0,Charge 6
2025-11-12T02:40:10Z,66.0,Charge 6
2025-11-12T02:40:12Z,66.0,Charge 6
2025-11-12T02:40:14Z,65.0,Charge 6
2025-11-12T02:40:17Z,65.0,Charge 6
2025-11-12T02:40:18Z,64.0,Charge 6
2025-11-12T02:40:20Z,63.0,Charge 6
2025-11-12T02:40:22Z,62.0,Charge 6
2025-11-12T02:40:25Z,62.0,Charge 6
2025-11-12T02:40:26Z,62.0,Charge 6
2025-11-12T02:40:28Z,63.0,Charge 6
2025-11-12T02:40:29Z,64.0,Charge 6
2025-11-12T02:40:32Z,64.0,Charge 6
2025-11-12T02:40:35Z,62.0,Charge 6
2025-11-12T02:40:38Z,62.0,Charge 6
2025-11-12T02:40:39Z,62.0,Charge 6
2025-11-12T02:40:41Z,63.0,Charge 6
2025-11-12T02:40:43Z,64.0,Charge 6
2025-11-12T02:40:45Z,65.0,Charge 6
2025-11-12T02:40:47Z,64.0,Charge 6
2025-11-12T02:40:50Z,64.0,Charge 6
2025-11-12T02:40:51Z,63.0,Charge 6
2025-11-12T02:40:52Z,62.0,Charge 6
2025-11-12T02:40:54Z,62.0,Charge 6
2025-11-12T02:40:56Z,63.0,Charge 6
2025-11-12T02:40:59Z,63.0,Charge 6
2025-11-12T02:41:02Z,62.0,Charge 6
2025-11-12T02:41:05Z,62.0,Charge 6
2025-11-12T02:41:06Z,62.0,Charge 6
2025-11-12T02:41:08Z,62.0,Charge 6
2025-11-12T02:41:11Z,62.0,Charge 6
2025-11-12T02:41:14Z,62.0,Charge 6
2025-11-12T02:41:17Z,62.0,Charge 6
2025-11-12T02:41:19Z,63.0,Charge 6
2025-11-12T02:41:21Z,62.0,Charge 6
2025-11-12T02:41:24Z,62.0,Charge 6
2025-11-12T02:41:27Z,62.0,Charge 6
2025-11-12T02:41:30Z,62.0,Charge 6
2025-11-12T02:41:33Z,62.0,Charge 6
2025-11-12T02:41:35Z,63.0,Charge 6
2025-11-12T02:41:38Z,63.0,Charge 6
2025-11-12T02:41:41Z,63.0,Charge 6
2025-11-12T02:41:44Z,64.0,Charge 6
2025-11-12T02:41:46Z,65.0,Charge 6
2025-11-12T02:41:48Z,66.0,Charge 6
2025-11-12T02:41:50Z,65.0,Charge 6
2025-11-12T02:41:52Z,64.0,Charge 6
2025-11-12T02:41:54Z,64.0,Charge 6
2025-11-12T02:41:56Z,63.0,Charge 6
2025-11-12T02:41:58Z,62.0,Charge 6
2025-11-12T02:42:01Z,62.0,Charge 6
2025-11-12T02:42:02Z,62.0,Charge 6
2025-11-12T02:42:05Z,62.0,Charge 6
2025-11-12T02:42:08Z,62.0,Charge 6
2025-11-12T02:42:11Z,62.0,Charge 6
2025-11-12T02:42:14Z,62.0,Charge 6
2025-11-12T02:42:15Z,62.0,Charge 6
2025-11-12T02:42:18Z,62.0,Charge 6
2025-11-12T02:42:19Z,61.0,Charge 6
2025-11-12T02:42:21Z,60.0,Charge 6
2025-11-12T02:42:24Z,60.0,Charge 6
2025-11-12T02:42:27Z,60.0,Charge 6
2025-11-12T02:42:30Z,61.0,Charge 6
2025-11-12T02:42:32Z,62.0,Charge 6
2025-11-12T02:42:34Z,61.0,Charge 6
2025-11-12T02:42:36Z,62.0,Charge 6
2025-11-12T02:42:38Z,63.0,Charge 6
2025-11-12T02:42:40Z,64.0,Charge 6
2025-11-12T02:42:42Z,65.0,Charge 6
2025-11-12T02:42:44Z,66.0,Charge 6
2025-11-12T02:42:47Z,66.0,Charge 6
2025-11-12T02:42:48Z,65.0,Charge 6
2025-11-12T02:42:50Z,64.0,Charge 6
2025-11-12T02:42:52Z,65.0,Charge 6
2025-11-12T02:42:53Z,64.0,Charge 6
2025-11-12T02:42:55Z,63.0,Charge 6
2025-11-12T02:42:57Z,62.0,Charge 6
2025-11-12T02:43:00Z,62.0,Charge 6
2025-11-12T02:43:01Z,62.0,Charge 6
2025-11-12T02:43:04Z,62.0,Charge 6
2025-11-12T02:43:07Z,61.0,Charge 6
2025-11-12T02:43:09Z,62.0,Charge 6
2025-11-12T02:43:11Z,63.0,Charge 6
2025-11-12T02:43:13Z,63.0,Charge 6
2025-11-12T02:43:15Z,63.0,Charge 6
2025-11-12T02:43:16Z,62.0,Charge 6
2025-11-12T02:43:19Z,62.0,Charge 6
2025-11-12T02:43:22Z,62.0,Charge 6
2025-11-12T02:43:24Z,63.0,Charge 6
2025-11-12T02:43:26Z,66.0,Charge 6
2025-11-12T02:43:29Z,66.0,Charge 6
2025-11-12T02:43:32Z,67.0,Charge 6
2025-11-12T02:43:34Z,66.0,Charge 6
2025-11-12T02:43:36Z,65.0,Charge 6
2025-11-12T02:43:38Z,64.0,Charge 6
2025-11-12T02:43:41Z,63.0,Charge 6
2025-11-12T02:43:44Z,63.0,Charge 6
2025-11-12T02:43:47Z,62.0,Charge 6
2025-11-12T02:43:50Z,62.0,Charge 6
2025-11-12T02:43:53Z,62.0,Charge 6
2025-11-12T02:43:55Z,62.0,Charge 6
2025-11-12T02:43:57Z,64.0,Charge 6
2025-11-12T02:43:59Z,65.0,Charge 6
2025-11-12T02:44:01Z,64.0,Charge 6
2025-11-12T02:44:03Z,63.0,Charge 6
2025-11-12T02:44:04Z,64.0,Charge 6
2025-11-12T02:44:07Z,64.0,Charge 6
2025-11-12T02:44:10Z,65.0,Charge 6
2025-11-12T02:44:12Z,67.0,Charge 6
2025-11-12T02:44:15Z,67.0,Charge 6
2025-11-12T02:44:16Z,65.0,Charge 6
2025-11-12T02:44:18Z,64.0,Charge 6
2025-11-12T02:44:21Z,64.0,Charge 6
2025-11-12T02:44:22Z,63.0,Charge 6
2025-11-12T02:44:24Z,63.0,Charge 6
2025-11-12T02:44:26Z,62.0,Charge 6
2025-11-12T02:44:29Z,62.0,Charge 6
2025-11-12T02:44:31Z,61.0,Charge 6
2025-11-12T02:44:33Z,60.0,Charge 6
2025-11-12T02:44:36Z,60.0,Charge 6
2025-11-12T02:44:37Z,61.0,Charge 6
2025-11-12T02:44:39Z,63.0,Charge 6
2025-11-12T02:44:41Z,62.0,Charge 6
2025-11-12T02:44:44Z,62.0,Charge 6
2025-11-12T02:44:45Z,64.0,Charge 6
2025-11-12T02:44:47Z,66.0,Charge 6
2025-11-12T02:44:49Z,67.0,Charge 6
2025-11-12T02:44:52Z,66.0,Charge 6
2025-11-12T02:44:55Z,66.0,Charge 6
2025-11-12T02:44:56Z,66.0,Charge 6
2025-11-12T02:44:59Z,66.0,Charge 6
2025-11-12T02:45:02Z,66.0,Charge 6
2025-11-12T02:45:04Z,65.0,Charge 6
2025-11-12T02:45:06Z,64.0,Charge 6
2025-11-12T02:45:08Z,65.0,Charge 6
2025-11-12T02:45:10Z,66.0,Charge 6
2025-11-12T02:45:12Z,67.0,Charge 6
2025-11-12T02:45:14Z,66.0,Charge 6
2025-11-12T02:45:17Z,67.0,Charge 6
2025-11-12T02:45:19Z,68.0,Charge 6
2025-11-12T02:45:21Z,69.0,Charge 6
2025-11-12T02:45:23Z,68.0,Charge 6
2025-11-12T02:45:25Z,67.0,Charge 6
2025-11-12T02:45:28Z,67.0,Charge 6
2025-11-12T02:45:29Z,66.0,Charge 6
2025-11-12T02:45:31Z,67.0,Charge 6
2025-11-12T02:45:33Z,66.0,Charge 6
2025-11-12T02:45:35Z,65.0,Charge 6
2025-11-12T02:45:37Z,66.0,Charge 6
2025-11-12T02:45:39Z,69.0,Charge 6
2025-11-12T02:45:40Z,68.0,Charge 6
2025-11-12T02:45:43Z,68.0,Charge 6
2025-11-12T02:45:44Z,69.0,Charge 6
2025-11-12T02:45:46Z,70.0,Charge 6
2025-11-12T02:45:49Z,70.0,Charge 6
2025-11-12T02:45:52Z,70.0,Charge 6
2025-11-12T02:45:55Z,70.0,Charge 6
2025-11-12T02:45:58Z,70.0,Charge 6
2025-11-12T02:46:01Z,70.0,Charge 6
2025-11-12T02:46:02Z,69.0,Charge 6
2025-11-12T02:46:05Z,68.0,Charge 6
2025-11-12T02:46:08Z,68.0,Charge 6
2025-11-12T02:46:09Z,67.0,Charge 6
2025-11-12T02:46:12Z,67.0,Charge 6
2025-11-12T02:46:13Z,66.0,Charge 6
2025-11-12T02:46:16Z,66.0,Charge 6
2025-11-12T02:46:17Z,67.0,Charge 6
2025-11-12T02:46:19Z,68.0,Charge 6
2025-11-12T02:46:21Z,69.0,Charge 6
2025-11-12T02:46:23Z,70.0,Charge 6
2025-11-12T02:46:26Z,70.0,Charge 6
2025-11-12T02:46:27Z,71.0,Charge 6
2025-11-12T02:46:28Z,72.0,Charge 6
2025-11-12T02:46:30Z,73.0,Charge 6
2025-11-12T02:46:32Z,72.0,Charge 6
2025-11-12T02:46:34Z,74.0,Charge 6
2025-11-12T02:46:36Z,73.0,Charge 6
2025-11-12T02:46:38Z,72.0,Charge 6
2025-11-12T02:46:40Z,71.0,Charge 6
2025-11-12T02:46:42Z,70.0,Charge 6
2025-11-12T02:46:44Z,68.0,Charge 6
2025-11-12T02:46:46Z,66.0,Charge 6
2025-11-12T02:46:49Z,66.0,Charge 6
2025-11-12T02:46:52Z,65.0,Charge 6
2025-11-12T02:46:55Z,64.0,Charge 6
2025-11-12T02:46:57Z,63.0,Charge 6
2025-11-12T02:47:00Z,63.0,Charge 6
2025-11-12T02:47:01Z,63.0,Charge 6
2025-11-12T02:47:04Z,63.0,Charge 6
2025-11-12T02:47:05Z,65.0,Charge 6
2025-11-12T02:47:07Z,70.0,Charge 6
2025-11-12T02:47:09Z,70.0,Charge 6
2025-11-12T02:47:11Z,71.0,Charge 6
2025-11-12T02:47:13Z,73.0,Charge 6
2025-11-12T02:47:15Z,72.0,Charge 6
2025-11-12T02:47:16Z,71.0,Charge 6
2025-11-12T02:47:18Z,70.0,Charge 6
2025-11-12T02:47:20Z,68.0,Charge 6
2025-11-12T02:47:22Z,68.0,Charge 6
2025-11-12T02:47:24Z,68.0,Charge 6
2025-11-12T02:47:27Z,68.0,Charge 6
2025-11-12T02:47:28Z,73.0,Charge 6
2025-11-12T02:47:30Z,72.0,Charge 6
2025-11-12T02:47:32Z,70.0,Charge 6
2025-11-12T02:47:34Z,69.0,Charge 6
2025-11-12T02:47:36Z,70.0,Charge 6
2025-11-12T02:47:39Z,70.0,Charge 6
2025-11-12T02:47:40Z,69.0,Charge 6
2025-11-12T02:47:43Z,69.0,Charge 6
2025-11-12T02:47:45Z,70.0,Charge 6
2025-11-12T02:47:48Z,70.0,Charge 6
2025-11-12T02:47:51Z,70.0,Charge 6
2025-11-12T02:47:54Z,70.0,Charge 6
2025-11-12T02:47:57Z,69.0,Charge 6
2025-11-12T02:47:59Z,70.0,Charge 6
2025-11-12T02:48:02Z,70.0,Charge 6
2025-11-12T02:48:04Z,69.0,Charge 6
2025-11-12T02:48:06Z,68.0,Charge 6
2025-11-12T02:48:08Z,68.0,Charge 6
2025-11-12T02:48:11Z,68.0,Charge 6
2025-11-12T02:48:14Z,69.0,Charge 6
2025-11-12T02:48:16Z,70.0,Charge 6
2025-11-12T02:48:18Z,71.0,Charge 6
2025-11-12T02:48:20Z,73.0,Charge 6
2025-11-12T02:48:22Z,77.0,Charge 6
2025-11-12T02:48:24Z,70.0,Charge 6
2025-11-12T02:48:26Z,68.0,Charge 6
2025-11-12T02:48:29Z,68.0,Charge 6
2025-11-12T02:48:31Z,67.0,Charge 6
2025-11-12T02:48:34Z,67.0,Charge 6
2025-11-12T02:48:37Z,67.0,Charge 6
2025-11-12T02:48:40Z,67.0,Charge 6
2025-11-12T02:48:41Z,68.0,Charge 6
2025-11-12T02:48:43Z,69.0,Charge 6
2025-11-12T02:48:45Z,68.0,Charge 6
2025-11-12T02:48:47Z,69.0,Charge 6
2025-11-12T02:48:50Z,69.0,Charge 6
2025-11-12T02:48:52Z,68.0,Charge 6
2025-11-12T02:48:55Z,68.0,Charge 6
2025-11-12T02:48:56Z,71.0,Charge 6
2025-11-12T02:48:58Z,74.0,Charge 6
2025-11-12T02:49:01Z,74.0,Charge 6
2025-11-12T02:49:02Z,75.0,Charge 6
2025-11-12T02:49:04Z,74.0,Charge 6
2025-11-12T02:49:06Z,73.0,Charge 6
2025-11-12T02:49:08Z,71.0,Charge 6
2025-11-12T02:49:10Z,72.0,Charge 6
2025-11-12T02:49:12Z,71.0,Charge 6
2025-11-12T02:49:15Z,71.0,Charge 6
2025-11-12T02:49:16Z,70.0,Charge 6
2025-11-12T02:49:17Z,70.0,Charge 6
2025-11-12T02:49:19Z,69.0,Charge 6
2025-11-12T02:49:21Z,69.0,Charge 6
2025-11-12T02:49:24Z,69.0,Charge 6
2025-11-12T02:49:25Z,70.0,Charge 6
2025-11-12T02:49:27Z,72.0,Charge 6
2025-11-12T02:49:29Z,73.0,Charge 6
2025-11-12T02:49:31Z,76.0,Charge 6
2025-11-12T02:49:33Z,80.0,Charge 6
2025-11-12T02:49:35Z,82.0,Charge 6
2025-11-12T02:49:37Z,83.0,Charge 6
2025-11-12T02:49:39Z,82.0,Charge 6
2025-11-12T02:49:40Z,80.0,Charge 6
2025-11-12T02:49:42Z,79.0,Charge 6
2025-11-12T02:49:44Z,77.0,Charge 6
2025-11-12T02:49:46Z,75.0,Charge 6
2025-11-12T02:49:48Z,75.0,Charge 6
2025-11-12T02:49:50Z,76.0,Charge 6
2025-11-12T02:49:52Z,77.0,Charge 6
2025-11-12T02:49:55Z,77.0,Charge 6
2025-11-12T02:49:56Z,73.0,Charge 6
2025-11-12T02:49:58Z,71.0,Charge 6
2025-11-12T02:50:00Z,70.0,Charge 6
2025-11-12T02:50:02Z,69.0,Charge 6
2025-11-12T02:50:04Z,68.0,Charge 6
2025-11-12T02:50:07Z,68.0,Charge 6
2025-11-12T02:50:09Z,69.0,Charge 6
2025-11-12T02:50:11Z,68.0,Charge 6
2025-11-12T02:50:13Z,66.0,Charge 6
2025-11-12T02:50:16Z,66.0,Charge 6
2025-11-12T02:50:19Z,66.0,Charge 6
2025-11-12T02:50:22Z,66.0,Charge 6
2025-11-12T02:50:25Z,71.0,Charge 6
2025-11-12T02:50:27Z,73.0,Charge 6
2025-11-12T02:50:28Z,71.0,Charge 6
2025-11-12T02:50:30Z,69.0,Charge 6
2025-11-12T02:50:32Z,68.0,Charge 6
2025-11-12T02:50:34Z,66.0,Charge 6
2025-11-12T02:50:36Z,65.0,Charge 6
2025-11-12T02:50:38Z,64.0,Charge 6
2025-11-12T02:50:41Z,64.0,Charge 6
2025-11-12T02:50:42Z,66.0,Charge 6
2025-11-12T02:50:44Z,68.0,Charge 6
2025-11-12T02:50:46Z,69.0,Charge 6
2025-11-12T02:50:48Z,70.0,Charge 6
2025-11-12T02:50:51Z,70.0,Charge 6
2025-11-12T02:50:52Z,71.0,Charge 6
2025-11-12T02:50:53Z,72.0,Charge 6
2025-11-12T02:50:56Z,72.0,Charge 6
2025-11-12T02:50:57Z,73.0,Charge 6
2025-11-12T02:50:59Z,72.0,Charge 6
2025-11-12T02:51:01Z,70.0,Charge 6
2025-11-12T02:51:04Z,70.0,Charge 6
2025-11-12T02:51:05Z,68.0,Charge 6
2025-11-12T02:51:07Z,67.0,Charge 6
2025-11-12T02:51:10Z,67.0,Charge 6
2025-11-12T02:51:11Z,66.0,Charge 6
2025-11-12T02:51:13Z,65.0,Charge 6
2025-11-12T02:51:15Z,64.0,Charge 6
2025-11-12T02:51:16Z,63.0,Charge 6
2025-11-12T02:51:18Z,62.0,Charge 6
2025-11-12T02:51:21Z,62.0,Charge 6
2025-11-12T02:51:24Z,62.0,Charge 6
2025-11-12T02:51:26Z,63.0,Charge 6
2025-11-12T02:51:29Z,63.0,Charge 6
2025-11-12T02:51:30Z,66.0,Charge 6
2025-11-12T02:51:32Z,68.0,Charge 6
2025-11-12T02:51:34Z,69.0,Charge 6
2025-11-12T02:51:37Z,69.0,Charge 6
2025-11-12T02:51:38Z,70.0,Charge 6
2025-11-12T02:51:40Z,71.0,Charge 6
2025-11-12T02:51:41Z,72.0,Charge 6
2025-11-12T02:51:43Z,73.0,Charge 6
2025-11-12T02:51:45Z,76.0,Charge 6
2025-11-12T02:51:47Z,78.0,Charge 6
2025-11-12T02:51:50Z,78.0,Charge 6
2025-11-12T02:51:51Z,74.0,Charge 6
2025-11-12T02:51:53Z,72.0,Charge 6
2025-11-12T02:51:55Z,73.0,Charge 6
2025-11-12T02:51:57Z,74.0,Charge 6
2025-11-12T02:51:59Z,73.0,Charge 6
2025-11-12T02:52:01Z,75.0,Charge 6
2025-11-12T02:52:03Z,76.0,Charge 6
2025-11-12T02:52:06Z,74.0,Charge 6
2025-11-12T02:52:08Z,71.0,Charge 6
2025-11-12T02:52:10Z,69.0,Charge 6
2025-11-12T02:52:12Z,68.0,Charge 6
2025-11-12T02:52:14Z,70.0,Charge 6
2025-11-12T02:52:16Z,71.0,Charge 6
2025-11-12T02:52:18Z,71.0,Charge 6
2025-11-12T02:52:21Z,71.0,Charge 6
2025-11-12T02:52:22Z,70.0,Charge 6
2025-11-12T02:52:24Z,71.0,Charge 6
2025-11-12T02:52:26Z,72.0,Charge 6
2025-11-12T02:52:28Z,73.0,Charge 6
2025-11-12T02:52:29Z,74.0,Charge 6
2025-11-12T02:52:31Z,75.0,Charge 6
2025-11-12T02:52:34Z,75.0,Charge 6
2025-11-12T02:52:37Z,74.0,Charge 6
2025-11-12T02:52:39Z,75.0,Charge 6
2025-11-12T02:52:42Z,75.0,Charge 6
2025-11-12T02:52:43Z,74.0,Charge 6
2025-11-12T02:52:45Z,72.0,Charge 6
2025-11-12T02:52:47Z,71.0,Charge 6
2025-11-12T02:52:50Z,71.0,Charge 6
2025-11-12T02:52:51Z,70.0,Charge 6
2025-11-12T02:52:52Z,69.0,Charge 6
2025-11-12T02:52:54Z,68.0,Charge 6
2025-11-12T02:52:56Z,68.0,Charge 6
2025-11-12T02:52:58Z,71.0,Charge 6
2025-11-12T02:53:00Z,72.0,Charge 6
2025-11-12T02:53:02Z,71.0,Charge 6
2025-11-12T02:53:04Z,70.0,Charge 6
2025-11-12T02:53:06Z,69.0,Charge 6
2025-11-12T02:53:08Z,68.0,Charge 6
2025-11-12T02:53:10Z,69.0,Charge 6
2025-11-12T02:53:13Z,69.0,Charge 6
2025-11-12T02:53:14Z,68.0,Charge 6
2025-11-12T02:53:16Z,67.0,Charge 6
2025-11-12T02:53:17Z,66.0,Charge 6
2025-11-12T02:53:20Z,66.0,Charge 6
2025-11-12T02:53:21Z,67.0,Charge 6
2025-11-12T02:53:24Z,67.0,Charge 6
2025-11-12T02:53:25Z,66.0,Charge 6
2025-11-12T02:53:28Z,66.0,Charge 6
2025-11-12T02:53:29Z,65.0,Charge 6
2025-11-12T02:53:31Z,64.0,Charge 6
2025-11-12T02:53:34Z,64.0,Charge 6
2025-11-12T02:53:35Z,65.0,Charge 6
2025-11-12T02:53:37Z,66.0,Charge 6
2025-11-12T02:53:39Z,66.0,Charge 6
2025-11-12T02:53:40Z,65.0,Charge 6
2025-11-12T02:53:43Z,65.0,Charge 6
2025-11-12T02:53:46Z,65.0,Charge 6
2025-11-12T02:53:48Z,66.0,Charge 6
2025-11-12T02:53:50Z,65.0,Charge 6
2025-11-12T02:53:53Z,65.0,Charge 6
2025-11-12T02:53:54Z,64.0,Charge 6
2025-11-12T02:53:57Z,64.0,Charge 6
2025-11-12T02:54:00Z,64.0,Charge 6
2025-11-12T02:54:03Z,64.0,Charge 6
2025-11-12T02:54:05Z,65.0,Charge 6
2025-11-12T02:54:08Z,65.0,Charge 6
2025-11-12T02:54:09Z,66.0,Charge 6
2025-11-12T02:54:12Z,66.0,Charge 6
2025-11-12T02:54:13Z,68.0,Charge 6
2025-11-12T02:54:15Z,69.0,Charge 6
2025-11-12T02:54:17Z,68.0,Charge 6
2025-11-12T02:54:20Z,68.0,Charge 6
2025-11-12T02:54:23Z,68.0,Charge 6
2025-11-12T02:54:26Z,68.0,Charge 6
2025-11-12T02:54:27Z,67.0,Charge 6
2025-11-12T02:54:28Z,66.0,Charge 6
2025-11-12T02:54:31Z,66.0,Charge 6
2025-11-12T02:54:34Z,65.0,Charge 6
2025-11-12T02:54:36Z,66.0,Charge 6
2025-11-12T02:54:38Z,68.0,Charge 6
2025-11-12T02:54:40Z,68.0,Charge 6
2025-11-12T02:54:43Z,68.0,Charge 6
2025-11-12T02:54:46Z,68.0,Charge 6
2025-11-12T02:54:48Z,68.0,Charge 6
2025-11-12T02:54:50Z,66.0,Charge 6
2025-11-12T02:54:53Z,66.0,Charge 6
2025-11-12T02:54:56Z,66.0,Charge 6
2025-11-12T02:54:59Z,66.0,Charge 6
2025-11-12T02:55:02Z,66.0,Charge 6
2025-11-12T02:55:05Z,66.0,Charge 6
2025-11-12T02:55:08Z,66.0,Charge 6
2025-11-12T02:55:09Z,65.0,Charge 6
2025-11-12T02:55:11Z,64.0,Charge 6
2025-11-12T02:55:14Z,64.0,Charge 6
2025-11-12T02:55:17Z,64.0,Charge 6
2025-11-12T02:55:20Z,64.0,Charge 6
2025-11-12T02:55:23Z,64.0,Charge 6
2025-11-12T02:55:26Z,64.0,Charge 6
2025-11-12T02:55:28Z,65.0,Charge 6
2025-11-12T02:55:30Z,66.0,Charge 6
2025-11-12T02:55:32Z,66.0,Charge 6
2025-11-12T02:55:34Z,67.0,Charge 6
2025-11-12T02:55:36Z,70.0,Charge 6
2025-11-12T02:55:38Z,71.0,Charge 6
2025-11-12T02:55:39Z,72.0,Charge 6
2025-11-12T02:55:41Z,74.0,Charge 6
2025-11-12T02:55:43Z,76.0,Charge 6
2025-11-12T02:55:45Z,77.0,Charge 6
2025-11-12T02:55:47Z,79.0,Charge 6
2025-11-12T02:55:49Z,78.0,Charge 6
2025-11-12T02:55:51Z,75.0,Charge 6
2025-11-12T02:55:53Z,74.0,Charge 6
2025-11-12T02:55:55Z,72.0,Charge 6
2025-11-12T02:55:57Z,69.0,Charge 6
2025-11-12T02:55:59Z,67.0,Charge 6
2025-11-12T02:56:01Z,66.0,Charge 6
2025-11-12T02:56:04Z,65.0,Charge 6
2025-11-12T02:56:06Z,66.0,Charge 6
2025-11-12T02:56:08Z,65.0,Charge 6
2025-11-12T02:56:10Z,64.0,Charge 6
2025-11-12T02:56:12Z,64.0,Charge 6
2025-11-12T02:56:14Z,65.0,Charge 6
2025-11-12T02:56:16Z,66.0,Charge 6
2025-11-12T02:56:18Z,69.0,Charge 6
2025-11-12T02:56:20Z,68.0,Charge 6
2025-11-12T02:56:22Z,67.0,Charge 6
2025-11-12T02:56:24Z,68.0,Charge 6
2025-11-12T02:56:26Z,67.0,Charge 6
2025-11-12T02:56:27Z,66.0,Charge 6
2025-11-12T02:56:29Z,65.0,Charge 6
2025-11-12T02:56:31Z,64.0,Charge 6
2025-11-12T02:56:34Z,64.0,Charge 6
2025-11-12T02:56:37Z,64.0,Charge 6
2025-11-12T02:56:40Z,64.0,Charge 6
2025-11-12T02:56:41Z,64.0,Charge 6
2025-11-12T02:56:44Z,64.0,Charge 6
2025-11-12T02:56:45Z,64.0,Charge 6
2025-11-12T02:56:48Z,64.0,Charge 6
2025-11-12T02:56:51Z,64.0,Charge 6
2025-11-12T02:56:54Z,64.0,Charge 6
2025-11-12T02:56:56Z,64.0,Charge 6
2025-11-12T02:56:59Z,64.0,Charge 6
2025-11-12T02:57:02Z,64.0,Charge 6
2025-11-12T02:57:04Z,64.0,Charge 6
2025-11-12T02:57:07Z,64.0,Charge 6
2025-11-12T02:57:08Z,64.0,Charge 6
2025-11-12T02:57:11Z,64.0,Charge 6
2025-11-12T02:57:14Z,64.0,Charge 6
2025-11-12T02:57:17Z,64.0,Charge 6
2025-11-12T02:57:20Z,64.0,Charge 6
2025-11-12T02:57:23Z,64.0,Charge 6
2025-11-12T02:57:25Z,64.0,Charge 6
2025-11-12T02:57:27Z,65.0,Charge 6
2025-11-12T02:57:29Z,66.0,Charge 6
2025-11-12T02:57:31Z,68.0,Charge 6
2025-11-12T02:57:33Z,69.0,Charge 6
2025-11-12T02:57:36Z,69.0,Charge 6
2025-11-12T02:57:37Z,69.0,Charge 6
2025-11-12T02:57:39Z,70.0,Charge 6
2025-11-12T02:57:40Z,69.0,Charge 6
2025-11-12T02:57:42Z,68.0,Charge 6
2025-11-12T02:57:44Z,68.0,Charge 6
2025-11-12T02:57:46Z,66.0,Charge 6
2025-11-12T02:57:48Z,65.0,Charge 6
2025-11-12T02:57:50Z,64.0,Charge 6
2025-11-12T02:57:53Z,64.0,Charge 6
2025-11-12T02:57:56Z,63.0,Charge 6
2025-11-12T02:57:59Z,63.0,Charge 6
2025-11-12T02:58:00Z,63.0,Charge 6
2025-11-12T02:58:02Z,64.0,Charge 6
2025-11-12T02:58:05Z,64.0,Charge 6
2025-11-12T02:58:07Z,65.0,Charge 6
2025-11-12T02:58:10Z,65.0,Charge 6
2025-11-12T02:58:13Z,64.0,Charge 6
2025-11-12T02:58:16Z,64.0,Charge 6
2025-11-12T02:58:17Z,63.0,Charge 6
2025-11-12T02:58:20Z,63.0,Charge 6
2025-11-12T02:58:21Z,62.0,Charge 6
2025-11-12T02:58:24Z,62.0,Charge 6
2025-11-12T02:58:27Z,63.0,Charge 6
2025-11-12T02:58:28Z,66.0,Charge 6
2025-11-12T02:58:30Z,67.0,Charge 6
2025-11-12T02:58:32Z,68.0,Charge 6
2025-11-12T02:58:34Z,70.0,Charge 6
2025-11-12T02:58:36Z,73.0,Charge 6
2025-11-12T02:58:38Z,80.0,Charge 6
2025-11-12T02:58:40Z,82.0,Charge 6
2025-11-12T02:58:42Z,84.0,Charge 6
2025-11-12T02:58:44Z,83.0,Charge 6
2025-11-12T02:58:46Z,85.0,Charge 6
2025-11-12T02:58:49Z,85.0,Charge 6
2025-11-12T02:58:51Z,84.0,Charge 6
2025-11-12T02:58:53Z,79.0,Charge 6
2025-11-12T02:58:55Z,77.0,Charge 6
2025-11-12T02:58:58Z,77.0,Charge 6
2025-11-12T02:58:59Z,78.0,Charge 6
2025-11-12T02:59:01Z,77.0,Charge 6
2025-11-12T02:59:03Z,76.0,Charge 6
2025-11-12T02:59:05Z,73.0,Charge 6
2025-11-12T02:59:07Z,70.0,Charge 6
2025-11-12T02:59:09Z,68.0,Charge 6
2025-11-12T02:59:12Z,68.0,Charge 6
2025-11-12T02:59:13Z,67.0,Charge 6
2025-11-12T02:59:15Z,65.0,Charge 6
2025-11-12T02:59:16Z,64.0,Charge 6
2025-11-12T02:59:18Z,63.0,Charge 6
2025-11-12T02:59:21Z,63.0,Charge 6
2025-11-12T02:59:22Z,62.0,Charge 6
2025-11-12T02:59:24Z,62.0,Charge 6
2025-11-12T02:59:27Z,62.0,Charge 6
2025-11-12T02:59:28Z,64.0,Charge 6
2025-11-12T02:59:31Z,64.0,Charge 6
2025-11-12T02:59:32Z,65.0,Charge 6
2025-11-12T02:59:34Z,64.0,Charge 6
2025-11-12T02:59:37Z,64.0,Charge 6
2025-11-12T02:59:38Z,65.0,Charge 6
2025-11-12T02:59:39Z,66.0,Charge 6
2025-11-12T02:59:41Z,67.0,Charge 6
2025-11-12T02:59:43Z,68.0,Charge 6
2025-11-12T02:59:46Z,68.0,Charge 6
2025-11-12T02:59:49Z,68.0,Charge 6
2025-11-12T02:59:52Z,68.0,Charge 6
2025-11-12T02:59:53Z,67.0,Charge 6
2025-11-12T02:59:55Z,66.0,Charge 6
2025-11-12T02:59:57Z,66.0,Charge 6
2025-11-12T02:59:59Z,65.0,Charge 6
2025-11-12T03:00:01Z,64.0,Charge 6
2025-11-12T03:00:03Z,62.0,Charge 6
2025-11-12T03:00:06Z,62.0,Charge 6
2025-11-12T03:00:09Z,62.0,Charge 6
2025-11-12T03:00:10Z,63.0,Charge 6
2025-11-12T03:00:13Z,63.0,Charge 6
2025-11-12T03:00:14Z,64.0,Charge 6
2025-11-12T03:00:16Z,63.0,Charge 6
2025-11-12T03:00:18Z,64.0,Charge 6
2025-11-12T03:00:21Z,64.0,Charge 6
2025-11-12T03:00:22Z,63.0,Charge 6
2025-11-12T03:00:24Z,62.0,Charge 6
2025-11-12T03:00:27Z,62.0,Charge 6
2025-11-12T03:00:30Z,62.0,Charge 6
2025-11-12T03:00:31Z,61.0,Charge 6
2025-11-12T03:00:33Z,62.0,Charge 6
2025-11-12T03:00:35Z,62.0,Charge 6
2025-11-12T03:00:37Z,63.0,Charge 6
2025-11-12T03:00:39Z,64.0,Charge 6
2025-11-12T03:00:42Z,64.0,Charge 6
2025-11-12T03:00:45Z,64.0,Charge 6
2025-11-12T03:00:48Z,64.0,Charge 6
2025-11-12T03:00:49Z,65.0,Charge 6
2025-11-12T03:00:52Z,64.0,Charge 6
2025-11-12T03:00:55Z,64.0,Charge 6
2025-11-12T03:00:56Z,65.0,Charge 6
2025-11-12T03:00:59Z,65.0,Charge 6
2025-11-12T03:01:00Z,64.0,Charge 6
2025-11-12T03:01:03Z,64.0,Charge 6
2025-11-12T03:01:04Z,65.0,Charge 6
2025-11-12T03:01:07Z,65.0,Charge 6
2025-11-12T03:01:10Z,64.0,Charge 6
2025-11-12T03:01:13Z,64.0,Charge 6
2025-11-12T03:01:16Z,64.0,Charge 6
2025-11-12T03:01:19Z,64.0,Charge 6
2025-11-12T03:01:22Z,64.0,Charge 6
2025-11-12T03:01:25Z,64.0,Charge 6
2025-11-12T03:01:28Z,64.0,Charge 6
2025-11-12T03:01:31Z,64.0,Charge 6
2025-11-12T03:01:34Z,64.0,Charge 6
2025-11-12T03:01:35Z,66.0,Charge 6
2025-11-12T03:01:38Z,66.0,Charge 6
2025-11-12T03:01:39Z,65.0,Charge 6
2025-11-12T03:01:40Z,64.0,Charge 6
2025-11-12T03:01:43Z,64.0,Charge 6
2025-11-12T03:01:46Z,64.0,Charge 6
2025-11-12T03:01:49Z,64.0,Charge 6
2025-11-12T03:01:52Z,64.0,Charge 6
2025-11-12T03:01:54Z,64.0,Charge 6
2025-11-12T03:01:57Z,64.0,Charge 6
2025-11-12T03:01:58Z,66.0,Charge 6
2025-11-12T03:02:00Z,67.0,Charge 6
2025-11-12T03:02:03Z,65.0,Charge 6
2025-11-12T03:02:05Z,64.0,Charge 6
2025-11-12T03:02:07Z,65.0,Charge 6
2025-11-12T03:02:10Z,65.0,Charge 6
2025-11-12T03:02:11Z,64.0,Charge 6
2025-11-12T03:02:14Z,64.0,Charge 6
2025-11-12T03:02:15Z,66.0,Charge 6
2025-11-12T03:02:17Z,68.0,Charge 6
2025-11-12T03:02:20Z,68.0,Charge 6
2025-11-12T03:02:21Z,68.0,Charge 6
2025-11-12T03:02:23Z,67.0,Charge 6
2025-11-12T03:02:26Z,67.0,Charge 6
2025-11-12T03:02:27Z,66.0,Charge 6
2025-11-12T03:02:30Z,66.0,Charge 6
2025-11-12T03:02:32Z,65.0,Charge 6
2025-11-12T03:02:35Z,65.0,Charge 6
2025-11-12T03:02:36Z,64.0,Charge 6
2025-11-12T03:02:39Z,64.0,Charge 6
2025-11-12T03:02:40Z,64.0,Charge 6
2025-11-12T03:02:43Z,64.0,Charge 6
2025-11-12T03:02:44Z,64.0,Charge 6
2025-11-12T03:02:46Z,65.0,Charge 6
2025-11-12T03:02:48Z,67.0,Charge 6
2025-11-12T03:02:50Z,66.0,Charge 6
2025-11-12T03:02:53Z,66.0,Charge 6
2025-11-12T03:02:56Z,66.0,Charge 6
2025-11-12T03:02:57Z,66.0,Charge 6
2025-11-12T03:03:00Z,66.0,Charge 6
2025-11-12T03:03:01Z,65.0,Charge 6
2025-11-12T03:03:03Z,64.0,Charge 6
2025-11-12T03:03:05Z,65.0,Charge 6
2025-11-12T03:03:07Z,65.0,Charge 6
2025-11-12T03:03:09Z,66.0,Charge 6
2025-11-12T03:03:11Z,67.0,Charge 6
2025-11-12T03:03:13Z,69.0,Charge 6
2025-11-12T03:03:15Z,71.0,Charge 6
2025-11-12T03:03:16Z,72.0,Charge 6
2025-11-12T03:03:18Z,70.0,Charge 6
2025-11-12T03:03:20Z,71.0,Charge 6
2025-11-12T03:03:22Z,73.0,Charge 6
2025-11-12T03:03:24Z,76.0,Charge 6
2025-11-12T03:03:27Z,76.0,Charge 6
2025-11-12T03:03:30Z,76.0,Charge 6
2025-11-12T03:03:32Z,83.0,Charge 6
2025-11-12T03:03:34Z,80.0,Charge 6
2025-11-12T03:03:36Z,75.0,Charge 6
2025-11-12T03:03:38Z,74.0,Charge 6
2025-11-12T03:03:39Z,71.0,Charge 6
2025-11-12T03:03:41Z,69.0,Charge 6
2025-11-12T03:03:44Z,69.0,Charge 6
2025-11-12T03:03:47Z,69.0,Charge 6
2025-11-12T03:03:50Z,69.0,Charge 6
2025-11-12T03:03:53Z,70.0,Charge 6
2025-11-12T03:03:55Z,72.0,Charge 6
2025-11-12T03:03:57Z,74.0,Charge 6
2025-11-12T03:03:59Z,75.0,Charge 6
2025-11-12T03:04:02Z,75.0,Charge 6
2025-11-12T03:04:03Z,76.0,Charge 6
2025-11-12T03:04:04Z,78.0,Charge 6
2025-11-12T03:04:06Z,76.0,Charge 6
2025-11-12T03:04:08Z,75.0,Charge 6
2025-11-12T03:04:10Z,76.0,Charge 6
2025-11-12T03:04:13Z,76.0,Charge 6
2025-11-12T03:04:16Z,76.0,Charge 6
2025-11-12T03:04:19Z,76.0,Charge 6
2025-11-12T03:04:20Z,77.0,Charge 6
2025-11-12T03:04:23Z,77.0,Charge 6
2025-11-12T03:04:24Z,73.0,Charge 6
2025-11-12T03:04:26Z,71.0,Charge 6
2025-11-12T03:04:27Z,70.0,Charge 6
2025-11-12T03:04:30Z,70.0,Charge 6
2025-11-12T03:04:31Z,72.0,Charge 6
2025-11-12T03:04:33Z,73.0,Charge 6
2025-11-12T03:04:35Z,74.0,Charge 6
2025-11-12T03:04:37Z,76.0,Charge 6
2025-11-12T03:04:39Z,77.0,Charge 6
2025-11-12T03:04:42Z,77.0,Charge 6
2025-11-12T03:04:45Z,78.0,Charge 6
2025-11-12T03:04:47Z,79.0,Charge 6
2025-11-12T03:04:49Z,78.0,Charge 6
2025-11-12T03:04:51Z,76.0,Charge 6
2025-11-12T03:04:52Z,72.0,Charge 6
2025-11-12T03:04:54Z,70.0,Charge 6
2025-11-12T03:04:57Z,70.0,Charge 6
2025-11-12T03:04:58Z,69.0,Charge 6
2025-11-12T03:05:00Z,68.0,Charge 6
2025-11-12T03:05:02Z,69.0,Charge 6
2025-11-12T03:05:04Z,68.0,Charge 6
2025-11-12T03:05:06Z,69.0,Charge 6
2025-11-12T03:05:08Z,68.0,Charge 6
2025-11-12T03:05:10Z,67.0,Charge 6
2025-11-12T03:05:12Z,66.0,Charge 6
2025-11-12T03:05:15Z,66.0,Charge 6
2025-11-12T03:05:18Z,66.0,Charge 6
2025-11-12T03:05:19Z,67.0,Charge 6
2025-11-12T03:05:22Z,67.0,Charge 6
2025-11-12T03:05:23Z,66.0,Charge 6
2025-11-12T03:05:26Z,66.0,Charge 6
2025-11-12T03:05:27Z,67.0,Charge 6
2025-11-12T03:05:29Z,69.0,Charge 6
2025-11-12T03:05:31Z,71.0,Charge 6
2025-11-12T03:05:33Z,72.0,Charge 6
2025-11-12T03:05:35Z,73.0,Charge 6
2025-11-12T03:05:37Z,71.0,Charge 6
2025-11-12T03:05:40Z,72.0,Charge 6
2025-11-12T03:05:43Z,72.0,Charge 6
2025-11-12T03:05:46Z,72.0,Charge 6
2025-11-12T03:05:48Z,70.0,Charge 6
2025-11-12T03:05:51Z,70.0,Charge 6
2025-11-12T03:05:52Z,70.0,Charge 6
2025-11-12T03:05:54Z,68.0,Charge 6
2025-11-12T03:05:56Z,66.0,Charge 6
2025-11-12T03:05:58Z,66.0,Charge 6
2025-11-12T03:06:01Z,66.0,Charge 6
2025-11-12T03:06:02Z,65.0,Charge 6
2025-11-12T03:06:03Z,64.0,Charge 6
2025-11-12T03:06:06Z,64.0,Charge 6
2025-11-12T03:06:09Z,64.0,Charge 6
2025-11-12T03:06:11Z,64.0,Charge 6
2025-11-12T03:06:13Z,66.0,Charge 6
2025-11-12T03:06:15Z,70.0,Charge 6
2025-11-12T03:06:17Z,72.0,Charge 6
2025-11-12T03:06:19Z,74.0,Charge 6
2025-11-12T03:06:22Z,74.0,Charge 6
2025-11-12T03:06:23Z,72.0,Charge 6
2025-11-12T03:06:26Z,72.0,Charge 6
2025-11-12T03:06:27Z,73.0,Charge 6
2025-11-12T03:06:30Z,72.0,Charge 6
2025-11-12T03:06:32Z,71.0,Charge 6
2025-11-12T03:06:34Z,70.0,Charge 6
2025-11-12T03:06:37Z,70.0,Charge 6
2025-11-12T03:06:38Z,71.0,Charge 6
2025-11-12T03:06:40Z,73.0,Charge 6
2025-11-12T03:06:43Z,73.0,Charge 6
2025-11-12T03:06:44Z,74.0,Charge 6
2025-11-12T03:06:46Z,73.0,Charge 6
2025-11-12T03:06:48Z,70.0,Charge 6
2025-11-12T03:06:50Z,71.0,Charge 6
2025-11-12T03:06:51Z,73.0,Charge 6
2025-11-12T03:06:53Z,76.0,Charge 6
2025-11-12T03:06:55Z,75.0,Charge 6
2025-11-12T03:06:57Z,73.0,Charge 6
2025-11-12T03:06:59Z,69.0,Charge 6
2025-11-12T03:07:01Z,68.0,Charge 6
2025-11-12T03:07:03Z,69.0,Charge 6
2025-11-12T03:07:06Z,69.0,Charge 6
2025-11-12T03:07:09Z,70.0,Charge 6
2025-11-12T03:07:12Z,70.0,Charge 6
2025-11-12T03:07:13Z,69.0,Charge 6
2025-11-12T03:07:15Z,70.0,Charge 6
2025-11-12T03:07:16Z,70.0,Charge 6
2025-11-12T03:07:19Z,70.0,Charge 6
2025-11-12T03:07:22Z,69.0,Charge 6
2025-11-12T03:07:24Z,68.0,Charge 6
2025-11-12T03:07:27Z,68.0,Charge 6
2025-11-12T03:07:30Z,66.0,Charge 6
2025-11-12T03:07:33Z,66.0,Charge 6
2025-11-12T03:07:36Z,66.0,Charge 6
2025-11-12T03:07:39Z,66.0,Charge 6
2025-11-12T03:07:41Z,65.0,Charge 6
2025-11-12T03:07:44Z,65.0,Charge 6
2025-11-12T03:07:47Z,65.0,Charge 6
2025-11-12T03:07:50Z,65.0,Charge 6
2025-11-12T03:07:51Z,64.0,Charge 6
2025-11-12T03:07:54Z,64.0,Charge 6
2025-11-12T03:07:55Z,63.0,Charge 6
2025-11-12T03:07:58Z,63.0,Charge 6
2025-11-12T03:08:01Z,64.0,Charge 6
2025-11-12T03:08:04Z,66.0,Charge 6
2025-11-12T03:08:06Z,68.0,Charge 6
2025-11-12T03:08:08Z,69.0,Charge 6
2025-11-12T03:08:10Z,69.0,Charge 6
2025-11-12T03:08:12Z,70.0,Charge 6
2025-11-12T03:08:15Z,70.0,Charge 6
2025-11-12T03:08:16Z,69.0,Charge 6
2025-11-12T03:08:19Z,69.0,Charge 6
2025-11-12T03:08:20Z,68.0,Charge 6
2025-11-12T03:08:22Z,68.0,Charge 6
2025-11-12T03:08:24Z,67.0,Charge 6
2025-11-12T03:08:26Z,66.0,Charge 6
2025-11-12T03:08:27Z,65.0,Charge 6
2025-11-12T03:08:29Z,64.0,Charge 6
2025-11-12T03:08:32Z,64.0,Charge 6
2025-11-12T03:08:35Z,64.0,Charge 6
2025-11-12T03:08:38Z,64.0,Charge 6
2025-11-12T03:08:41Z,64.0,Charge 6
2025-11-12T03:08:43Z,64.0,Charge 6
2025-11-12T03:08:46Z,64.0,Charge 6
2025-11-12T03:08:49Z,64.0,Charge 6
2025-11-12T03:08:52Z,64.0,Charge 6
2025-11-12T03:08:54Z,64.0,Charge 6
2025-11-12T03:08:57Z,64.0,Charge 6
2025-11-12T03:08:58Z,65.0,Charge 6
2025-11-12T03:09:00Z,67.0,Charge 6
2025-11-12T03:09:02Z,66.0,Charge 6
2025-11-12T03:09:05Z,66.0,Charge 6
2025-11-12T03:09:08Z,66.0,Charge 6
2025-11-12T03:09:11Z,66.0,Charge 6
2025-11-12T03:09:12Z,70.0,Charge 6
2025-11-12T03:09:14Z,71.0,Charge 6
2025-11-12T03:09:16Z,70.0,Charge 6
2025-11-12T03:09:18Z,69.0,Charge 6
2025-11-12T03:09:20Z,68.0,Charge 6
2025-11-12T03:09:21Z,67.0,Charge 6
2025-11-12T03:09:24Z,67.0,Charge 6
2025-11-12T03:09:25Z,66.0,Charge 6
2025-11-12T03:09:28Z,66.0,Charge 6
2025-11-12T03:09:29Z,66.0,Charge 6
2025-11-12T03:09:31Z,65.0,Charge 6
2025-11-12T03:09:33Z,64.0,Charge 6
2025-11-12T03:09:36Z,64.0,Charge 6
2025-11-12T03:09:39Z,64.0,Charge 6
2025-11-12T03:09:41Z,64.0,Charge 6
2025-11-12T03:09:44Z,64.0,Charge 6
2025-11-12T03:09:46Z,63.0,Charge 6
2025-11-12T03:09:49Z,63.0,Charge 6
2025-11-12T03:09:50Z,64.0,Charge 6
2025-11-12T03:09:52Z,66.0,Charge 6
2025-11-12T03:09:54Z,67.0,Charge 6
2025-11-12T03:09:56Z,66.0,Charge 6
2025-11-12T03:09:58Z,67.0,Charge 6
2025-11-12T03:10:00Z,68.0,Charge 6
2025-11-12T03:10:02Z,67.0,Charge 6
2025-11-12T03:10:04Z,66.0,Charge 6
2025-11-12T03:10:06Z,65.0,Charge 6
2025-11-12T03:10:08Z,64.0,Charge 6
2025-11-12T03:10:09Z,64.0,Charge 6
2025-11-12T03:10:11Z,65.0,Charge 6
2025-11-12T03:10:13Z,67.0,Charge 6
2025-11-12T03:10:15Z,68.0,Charge 6
2025-11-12T03:10:17Z,69.0,Charge 6
2025-11-12T03:10:19Z,70.0,Charge 6
2025-11-12T03:10:21Z,71.0,Charge 6
2025-11-12T03:10:23Z,73.0,Charge 6
2025-11-12T03:10:25Z,74.0,Charge 6
2025-11-12T03:10:28Z,74.0,Charge 6
2025-11-12T03:10:29Z,75.0,Charge 6
2025-11-12T03:10:31Z,74.0,Charge 6
2025-11-12T03:10:32Z,73.0,Charge 6
2025-11-12T03:10:34Z,72.0,Charge 6
2025-11-12T03:10:36Z,73.0,Charge 6
2025-11-12T03:10:38Z,72.0,Charge 6
2025-11-12T03:10:40Z,70.0,Charge 6
2025-11-12T03:10:42Z,69.0,Charge 6
2025-11-12T03:10:44Z,67.0,Charge 6
2025-11-12T03:10:46Z,66.0,Charge 6
2025-11-12T03:10:48Z,66.0,Charge 6
2025-11-12T03:10:50Z,65.0,Charge 6
2025-11-12T03:10:53Z,65.0,Charge 6
2025-11-12T03:10:54Z,64.0,Charge 6
2025-11-12T03:10:56Z,65.0,Charge 6
2025-11-12T03:10:59Z,66.0,Charge 6
2025-11-12T03:11:01Z,69.0,Charge 6
2025-11-12T03:11:03Z,71.0,Charge 6
2025-11-12T03:11:05Z,72.0,Charge 6
2025-11-12T03:11:07Z,73.0,Charge 6
2025-11-12T03:11:09Z,76.0,Charge 6
2025-11-12T03:11:11Z,77.0,Charge 6
2025-11-12T03:11:13Z,78.0,Charge 6
2025-11-12T03:11:16Z,78.0,Charge 6
2025-11-12T03:11:17Z,77.0,Charge 6
2025-11-12T03:11:19Z,77.0,Charge 6
2025-11-12T03:11:22Z,79.0,Charge 6
2025-11-12T03:11:24Z,80.0,Charge 6
2025-11-12T03:11:26Z,76.0,Charge 6
2025-11-12T03:11:28Z,75.0,Charge 6
2025-11-12T03:11:30Z,73.0,Charge 6
2025-11-12T03:11:33Z,73.0,Charge 6
2025-11-12T03:11:34Z,74.0,Charge 6
2025-11-12T03:11:36Z,77.0,Charge 6
2025-11-12T03:11:38Z,79.0,Charge 6
2025-11-12T03:11:40Z,81.0,Charge 6
2025-11-12T03:11:42Z,82.0,Charge 6
2025-11-12T03:11:45Z,81.0,Charge 6
2025-11-12T03:11:47Z,82.0,Charge 6
2025-11-12T03:11:49Z,83.0,Charge 6
2025-11-12T03:11:51Z,81.0,Charge 6
2025-11-12T03:11:53Z,80.0,Charge 6
2025-11-12T03:11:55Z,77.0,Charge 6
2025-11-12T03:11:58Z,77.0,Charge 6
2025-11-12T03:11:59Z,80.0,Charge 6
2025-11-12T03:12:01Z,82.0,Charge 6
2025-11-12T03:12:03Z,83.0,Charge 6
2025-11-12T03:12:05Z,87.0,Charge 6
2025-11-12T03:12:07Z,94.0,Charge 6
2025-11-12T03:12:08Z,95.0,Charge 6
2025-11-12T03:12:10Z,93.0,Charge 6
2025-11-12T03:12:12Z,90.0,Charge 6
2025-11-12T03:12:14Z,89.0,Charge 6
2025-11-12T03:12:17Z,89.0,Charge 6
2025-11-12T03:12:18Z,90.0,Charge 6
2025-11-12T03:12:20Z,88.0,Charge 6
2025-11-12T03:12:22Z,83.0,Charge 6
2025-11-12T03:12:25Z,83.0,Charge 6
2025-11-12T03:12:26Z,82.0,Charge 6
2025-11-12T03:12:28Z,81.0,Charge 6
2025-11-12T03:12:30Z,79.0,Charge 6
2025-11-12T03:12:32Z,77.0,Charge 6
2025-11-12T03:12:33Z,77.0,Charge 6
2025-11-12T03:12:35Z,78.0,Charge 6
2025-11-12T03:12:37Z,79.0,Charge 6
2025-11-12T03:12:40Z,79.0,Charge 6
2025-11-12T03:12:41Z,80.0,Charge 6
2025-11-12T03:12:43Z,81.0,Charge 6
2025-11-12T03:12:45Z,84.0,Charge 6
2025-11-12T03:12:47Z,82.0,Charge 6
2025-11-12T03:12:49Z,78.0,Charge 6
2025-11-12T03:12:51Z,76.0,Charge 6
2025-11-12T03:12:54Z,76.0,Charge 6
2025-11-12T03:12:57Z,76.0,Charge 6
2025-11-12T03:13:00Z,77.0,Charge 6
2025-11-12T03:13:02Z,78.0,Charge 6
2025-11-12T03:13:05Z,78.0,Charge 6
2025-11-12T03:13:06Z,77.0,Charge 6
2025-11-12T03:13:09Z,77.0,Charge 6
2025-11-12T03:13:10Z,77.0,Charge 6
2025-11-12T03:13:13Z,77.0,Charge 6
2025-11-12T03:13:14Z,78.0,Charge 6
2025-11-12T03:13:16Z,80.0,Charge 6
2025-11-12T03:13:18Z,81.0,Charge 6
2025-11-12T03:13:20Z,82.0,Charge 6
2025-11-12T03:13:23Z,80.0,Charge 6
2025-11-12T03:13:25Z,78.0,Charge 6
2025-11-12T03:13:28Z,78.0,Charge 6
2025-11-12T03:13:31Z,76.0,Charge 6
2025-11-12T03:13:33Z,77.0,Charge 6
2025-11-12T03:13:35Z,80.0,Charge 6
2025-11-12T03:13:37Z,83.0,Charge 6
2025-11-12T03:13:39Z,85.0,Charge 6
2025-11-12T03:13:41Z,86.0,Charge 6
2025-11-12T03:13:43Z,84.0,Charge 6
2025-11-12T03:13:44Z,83.0,Charge 6
2025-11-12T03:13:47Z,83.0,Charge 6
2025-11-12T03:13:48Z,82.0,Charge 6
2025-11-12T03:13:51Z,82.0,Charge 6
2025-11-12T03:13:52Z,80.0,Charge 6
2025-11-12T03:13:54Z,77.0,Charge 6
2025-11-12T03:13:57Z,77.0,Charge 6
2025-11-12T03:13:58Z,80.0,Charge 6
2025-11-12T03:14:00Z,84.0,Charge 6
2025-11-12T03:14:02Z,85.0,Charge 6
2025-11-12T03:14:04Z,84.0,Charge 6
2025-11-12T03:14:06Z,82.0,Charge 6
2025-11-12T03:14:09Z,82.0,Charge 6
2025-11-12T03:14:12Z,82.0,Charge 6
2025-11-12T03:14:15Z,81.0,Charge 6
2025-11-12T03:14:17Z,77.0,Charge 6
2025-11-12T03:14:20Z,77.0,Charge 6
2025-11-12T03:14:23Z,78.0,Charge 6
2025-11-12T03:14:25Z,80.0,Charge 6
2025-11-12T03:14:28Z,80.0,Charge 6
2025-11-12T03:14:29Z,81.0,Charge 6
2025-11-12T03:14:32Z,83.0,Charge 6
2025-11-12T03:14:34Z,89.0,Charge 6
2025-11-12T03:14:36Z,91.0,Charge 6
2025-11-12T03:14:38Z,92.0,Charge 6
2025-11-12T03:14:41Z,92.0,Charge 6
2025-11-12T03:14:44Z,91.0,Charge 6
2025-11-12T03:14:46Z,92.0,Charge 6
2025-11-12T03:14:48Z,95.0,Charge 6
2025-11-12T03:14:50Z,94.0,Charge 6
2025-11-12T03:14:53Z,94.0,Charge 6
2025-11-12T03:14:54Z,92.0,Charge 6
2025-11-12T03:14:56Z,89.0,Charge 6
2025-11-12T03:14:57Z,87.0,Charge 6
2025-11-12T03:14:59Z,86.0,Charge 6
2025-11-12T03:15:01Z,85.0,Charge 6
2025-11-12T03:15:03Z,83.0,Charge 6
2025-11-12T03:15:05Z,80.0,Charge 6
2025-11-12T03:15:07Z,79.0,Charge 6
2025-11-12T03:15:09Z,80.0,Charge 6
2025-11-12T03:15:12Z,80.0,Charge 6
2025-11-12T03:15:13Z,79.0,Charge 6
2025-11-12T03:15:15Z,77.0,Charge 6
2025-11-12T03:15:17Z,74.0,Charge 6
2025-11-12T03:15:19Z,73.0,Charge 6
2025-11-12T03:15:22Z,74.0,Charge 6
2025-11-12T03:15:24Z,75.0,Charge 6
2025-11-12T03:15:26Z,77.0,Charge 6
2025-11-12T03:15:28Z,76.0,Charge 6
2025-11-12T03:15:30Z,75.0,Charge 6
2025-11-12T03:15:32Z,74.0,Charge 6
2025-11-12T03:15:34Z,73.0,Charge 6
2025-11-12T03:15:36Z,69.0,Charge 6
2025-11-12T03:15:38Z,68.0,Charge 6
2025-11-12T03:15:40Z,66.0,Charge 6
2025-11-12T03:15:42Z,65.0,Charge 6
2025-11-12T03:15:45Z,65.0,Charge 6
2025-11-12T03:15:47Z,64.0,Charge 6
2025-11-12T03:15:49Z,65.0,Charge 6
2025-11-12T03:15:52Z,65.0,Charge 6
2025-11-12T03:15:53Z,66.0,Charge 6
2025-11-12T03:15:56Z,66.0,Charge 6
2025-11-12T03:15:57Z,65.0,Charge 6
2025-11-12T03:15:59Z,64.0,Charge 6
2025-11-12T03:16:02Z,64.0,Charge 6
2025-11-12T03:16:03Z,64.0,Charge 6
2025-11-12T03:16:06Z,64.0,Charge 6
2025-11-12T03:16:08Z,64.0,Charge 6
2025-11-12T03:16:11Z,64.0,Charge 6
2025-11-12T03:16:12Z,64.0,Charge 6
2025-11-12T03:16:14Z,63.0,Charge 6
2025-11-12T03:16:17Z,63.0,Charge 6
2025-11-12T03:16:18Z,62.0,Charge 6
2025-11-12T03:16:20Z,63.0,Charge 6
2025-11-12T03:16:22Z,64.0,Charge 6
2025-11-12T03:16:24Z,65.0,Charge 6
2025-11-12T03:16:26Z,67.0,Charge 6
2025-11-12T03:16:29Z,67.0,Charge 6
2025-11-12T03:16:30Z,68.0,Charge 6
2025-11-12T03:16:32Z,69.0,Charge 6
2025-11-12T03:16:33Z,70.0,Charge 6
2025-11-12T03:16:35Z,71.0,Charge 6
2025-11-12T03:16:38Z,71.0,Charge 6
2025-11-12T03:16:41Z,69.0,Charge 6
2025-11-12T03:16:43Z,68.0,Charge 6
2025-11-12T03:16:45Z,66.0,Charge 6
2025-11-12T03:16:48Z,66.0,Charge 6
2025-11-12T03:16:51Z,64.0,Charge 6
2025-11-12T03:16:53Z,64.0,Charge 6
2025-11-12T03:16:55Z,64.0,Charge 6
2025-11-12T03:16:56Z,63.0,Charge 6
2025-11-12T03:16:59Z,63.0,Charge 6
2025-11-12T03:17:00Z,62.0,Charge 6
2025-11-12T03:17:02Z,62.0,Charge 6
2025-11-12T03:17:04Z,63.0,Charge 6
2025-11-12T03:17:06Z,63.0,Charge 6
2025-11-12T03:17:08Z,64.0,Charge 6
2025-11-12T03:17:10Z,66.0,Charge 6
2025-11-12T03:17:12Z,68.0,Charge 6
2025-11-12T03:17:15Z,68.0,Charge 6
2025-11-12T03:17:18Z,68.0,Charge 6
2025-11-12T03:17:21Z,68.0,Charge 6
2025-11-12T03:17:23Z,69.0,Charge 6
2025-11-12T03:17:25Z,70.0,Charge 6
2025-11-12T03:17:28Z,70.0,Charge 6
2025-11-12T03:17:29Z,69.0,Charge 6
2025-11-12T03:17:31Z,66.0,Charge 6
2025-11-12T03:17:33Z,66.0,Charge 6
2025-11-12T03:17:35Z,65.0,Charge 6
2025-11-12T03:17:38Z,65.0,Charge 6
2025-11-12T03:17:39Z,64.0,Charge 6
2025-11-12T03:17:42Z,64.0,Charge 6
2025-11-12T03:17:43Z,65.0,Charge 6
2025-11-12T03:17:46Z,66.0,Charge 6
2025-11-12T03:17:49Z,66.0,Charge 6
2025-11-12T03:17:50Z,67.0,Charge 6
2025-11-12T03:17:53Z,67.0,Charge 6
2025-11-12T03:17:54Z,66.0,Charge 6
2025-11-12T03:17:56Z,65.0,Charge 6
2025-11-12T03:17:58Z,64.0,Charge 6
2025-11-12T03:18:00Z,63.0,Charge 6
2025-11-12T03:18:02Z,64.0,Charge 6
2025-11-12T03:18:05Z,64.0,Charge 6
2025-11-12T03:18:06Z,65.0,Charge 6
2025-11-12T03:18:08Z,67.0,Charge 6
2025-11-12T03:18:11Z,71.0,Charge 6
2025-11-12T03:18:13Z,72.0,Charge 6
2025-11-12T03:18:15Z,77.0,Charge 6
2025-11-12T03:18:17Z,81.0,Charge 6
2025-11-12T03:18:19Z,82.0,Charge 6
2025-11-12T03:18:21Z,83.0,Charge 6
2025-11-12T03:18:23Z,81.0,Charge 6
2025-11-12T03:18:25Z,79.0,Charge 6
2025-11-12T03:18:27Z,76.0,Charge 6
2025-11-12T03:18:29Z,74.0,Charge 6
2025-11-12T03:18:31Z,72.0,Charge 6
2025-11-12T03:18:32Z,69.0,Charge 6
2025-11-12T03:18:34Z,67.0,Charge 6
2025-11-12T03:18:36Z,66.0,Charge 6
2025-11-12T03:18:39Z,66.0,Charge 6
2025-11-12T03:18:40Z,65.0,Charge 6
2025-11-12T03:18:42Z,64.0,Charge 6
2025-11-12T03:18:44Z,65.0,Charge 6
2025-11-12T03:18:47Z,65.0,Charge 6
2025-11-12T03:18:48Z,67.0,Charge 6
2025-11-12T03:18:50Z,68.0,Charge 6
2025-11-12T03:18:52Z,70.0,Charge 6
2025-11-12T03:18:54Z,71.0,Charge 6
2025-11-12T03:18:56Z,72.0,Charge 6
2025-11-12T03:18:57Z,71.0,Charge 6
2025-11-12T03:19:00Z,71.0,Charge 6
2025-11-12T03:19:01Z,70.0,Charge 6
2025-11-12T03:19:03Z,69.0,Charge 6
2025-11-12T03:19:05Z,68.0,Charge 6
2025-11-12T03:19:07Z,69.0,Charge 6
2025-11-12T03:19:09Z,70.0,Charge 6
2025-11-12T03:19:11Z,69.0,Charge 6
2025-11-12T03:19:13Z,68.0,Charge 6
2025-11-12T03:19:15Z,67.0,Charge 6
2025-11-12T03:19:18Z,67.0,Charge 6
2025-11-12T03:19:19Z,66.0,Charge 6
2025-11-12T03:19:22Z,66.0,Charge 6
2025-11-12T03:19:24Z,65.0,Charge 6
2025-11-12T03:19:26Z,64.0,Charge 6
2025-11-12T03:19:28Z,65.0,Charge 6
2025-11-12T03:19:30Z,66.0,Charge 6
2025-11-12T03:19:32Z,67.0,Charge 6
2025-11-12T03:19:34Z,69.0,Charge 6
2025-11-12T03:19:36Z,68.0,Charge 6
2025-11-12T03:19:38Z,67.0,Charge 6
2025-11-12T03:19:40Z,67.0,Charge 6
2025-11-12T03:19:43Z,67.0,Charge 6
2025-11-12T03:19:44Z,66.0,Charge 6
2025-11-12T03:19:45Z,66.0,Charge 6
2025-11-12T03:19:48Z,66.0,Charge 6
2025-11-12T03:19:49Z,65.0,Charge 6
2025-11-12T03:19:52Z,65.0,Charge 6
2025-11-12T03:19:53Z,64.0,Charge 6
2025-11-12T03:19:56Z,64.0,Charge 6
2025-11-12T03:19:59Z,64.0,Charge 6
2025-11-12T03:20:01Z,65.0,Charge 6
2025-11-12T03:20:04Z,65.0,Charge 6
2025-11-12T03:20:05Z,66.0,Charge 6
2025-11-12T03:20:08Z,66.0,Charge 6
2025-11-12T03:20:10Z,66.0,Charge 6
2025-11-12T03:20:12Z,67.0,Charge 6
2025-11-12T03:20:14Z,69.0,Charge 6
2025-11-12T03:20:16Z,70.0,Charge 6
2025-11-12T03:20:18Z,72.0,Charge 6
2025-11-12T03:20:20Z,74.0,Charge 6
2025-11-12T03:20:23Z,74.0,Charge 6
2025-11-12T03:20:26Z,73.0,Charge 6
2025-11-12T03:20:28Z,71.0,Charge 6
2025-11-12T03:20:31Z,71.0,Charge 6
2025-11-12T03:20:32Z,70.0,Charge 6
2025-11-12T03:20:35Z,71.0,Charge 6
2025-11-12T03:20:37Z,69.0,Charge 6
2025-11-12T03:20:39Z,67.0,Charge 6
2025-11-12T03:20:41Z,66.0,Charge 6
2025-11-12T03:20:44Z,66.0,Charge 6
2025-11-12T03:20:45Z,66.0,Charge 6
2025-11-12T03:20:47Z,65.0,Charge 6
2025-11-12T03:20:50Z,65.0,Charge 6
2025-11-12T03:20:51Z,66.0,Charge 6
2025-11-12T03:20:54Z,66.0,Charge 6
2025-11-12T03:20:56Z,66.0,Charge 6
2025-11-12T03:20:59Z,66.0,Charge 6
2025-11-12T03:21:02Z,66.0,Charge 6
2025-11-12T03:21:04Z,68.0,Charge 6
2025-11-12T03:21:06Z,67.0,Charge 6
2025-11-12T03:21:09Z,67.0,Charge 6
2025-11-12T03:21:10Z,66.0,Charge 6
2025-11-12T03:21:12Z,66.0,Charge 6
2025-11-12T03:21:14Z,66.0,Charge 6
2025-11-12T03:21:16Z,67.0,Charge 6
2025-11-12T03:21:18Z,66.0,Charge 6
2025-11-12T03:21:21Z,66.0,Charge 6
2025-11-12T03:21:24Z,66.0,Charge 6
2025-11-12T03:21:27Z,66.0,Charge 6
2025-11-12T03:21:30Z,66.0,Charge 6
2025-11-12T03:21:33Z,66.0,Charge 6
2025-11-12T03:21:35Z,67.0,Charge 6
2025-11-12T03:21:37Z,68.0,Charge 6
2025-11-12T03:21:39Z,71.0,Charge 6
2025-11-12T03:21:41Z,72.0,Charge 6
2025-11-12T03:21:43Z,73.0,Charge 6
2025-11-12T03:21:44Z,74.0,Charge 6
2025-11-12T03:21:46Z,72.0,Charge 6
2025-11-12T03:21:48Z,73.0,Charge 6
2025-11-12T03:21:51Z,73.0,Charge 6
2025-11-12T03:21:52Z,72.0,Charge 6
2025-11-12T03:21:54Z,72.0,Charge 6
2025-11-12T03:21:56Z,71.0,Charge 6
2025-11-12T03:21:58Z,70.0,Charge 6
2025-11-12T03:22:00Z,69.0,Charge 6
2025-11-12T03:22:02Z,69.0,Charge 6
2025-11-12T03:22:04Z,68.0,Charge 6
2025-11-12T03:22:06Z,68.0,Charge 6
2025-11-12T03:22:08Z,67.0,Charge 6
2025-11-12T03:22:09Z,66.0,Charge 6
2025-11-12T03:22:12Z,66.0,Charge 6
2025-11-12T03:22:15Z,66.0,Charge 6
2025-11-12T03:22:18Z,66.0,Charge 6
2025-11-12T03:22:21Z,66.0,Charge 6
2025-11-12T03:22:23Z,68.0,Charge 6
2025-11-12T03:22:26Z,68.0,Charge 6
2025-11-12T03:22:29Z,67.0,Charge 6
2025-11-12T03:22:31Z,66.0,Charge 6
2025-11-12T03:22:34Z,64.0,Charge 6
2025-11-12T03:22:37Z,64.0,Charge 6
2025-11-12T03:22:40Z,64.0,Charge 6
2025-11-12T03:22:42Z,66.0,Charge 6
2025-11-12T03:22:44Z,67.0,Charge 6
2025-11-12T03:22:46Z,68.0,Charge 6
2025-11-12T03:22:48Z,69.0,Charge 6
2025-11-12T03:22:50Z,68.0,Charge 6
2025-11-12T03:22:52Z,67.0,Charge 6
2025-11-12T03:22:54Z,66.0,Charge 6
2025-11-12T03:22:56Z,65.0,Charge 6
2025-11-12T03:22:57Z,67.0,Charge 6
2025-11-12T03:22:59Z,67.0,Charge 6
2025-11-12T03:23:01Z,67.0,Charge 6
2025-11-12T03:23:03Z,68.0,Charge 6
2025-11-12T03:23:05Z,69.0,Charge 6
2025-11-12T03:23:08Z,69.0,Charge 6
2025-11-12T03:23:11Z,68.0,Charge 6
2025-11-12T03:23:14Z,68.0,Charge 6
2025-11-12T03:23:17Z,67.0,Charge 6
2025-11-12T03:23:20Z,66.0,Charge 6
2025-11-12T03:23:23Z,66.0,Charge 6
2025-11-12T03:23:26Z,66.0,Charge 6
2025-11-12T03:23:29Z,66.0,Charge 6
2025-11-12T03:23:32Z,66.0,Charge 6
2025-11-12T03:23:35Z,66.0,Charge 6
2025-11-12T03:23:38Z,66.0,Charge 6
2025-11-12T03:23:41Z,66.0,Charge 6
2025-11-12T03:23:44Z,65.0,Charge 6
2025-11-12T03:23:45Z,64.0,Charge 6
2025-11-12T03:23:48Z,64.0,Charge 6
2025-11-12T03:23:51Z,65.0,Charge 6
2025-11-12T03:23:53Z,66.0,Charge 6
2025-11-12T03:23:55Z,68.0,Charge 6
2025-11-12T03:23:57Z,67.0,Charge 6
2025-11-12T03:24:00Z,67.0,Charge 6
2025-11-12T03:24:01Z,68.0,Charge 6
2025-11-12T03:24:04Z,68.0,Charge 6
2025-11-12T03:24:05Z,67.0,Charge 6
2025-11-12T03:24:07Z,67.0,Charge 6
2025-11-12T03:24:09Z,66.0,Charge 6
2025-11-12T03:24:12Z,66.0,Charge 6
2025-11-12T03:24:15Z,66.0,Charge 6
2025-11-12T03:24:16Z,66.0,Charge 6
2025-11-12T03:24:18Z,65.0,Charge 6
2025-11-12T03:24:20Z,64.0,Charge 6
2025-11-12T03:24:23Z,64.0,Charge 6
2025-11-12T03:24:24Z,63.0,Charge 6
2025-11-12T03:24:26Z,64.0,Charge 6
2025-11-12T03:24:29Z,64.0,Charge 6
2025-11-12T03:24:30Z,65.0,Charge 6
2025-11-12T03:24:32Z,66.0,Charge 6
2025-11-12T03:24:34Z,67.0,Charge 6
2025-11-12T03:24:36Z,67.0,Charge 6
2025-11-12T03:24:39Z,66.0,Charge 6
2025-11-12T03:24:41Z,67.0,Charge 6
2025-11-12T03:24:43Z,68.0,Charge 6
2025-11-12T03:24:45Z,69.0,Charge 6
2025-11-12T03:24:48Z,69.0,Charge 6
2025-11-12T03:24:49Z,67.0,Charge 6
2025-11-12T03:24:51Z,67.0,Charge 6
2025-11-12T03:24:53Z,66.0,Charge 6
2025-11-12T03:24:56Z,66.0,Charge 6
2025-11-12T03:24:57Z,68.0,Charge 6
2025-11-12T03:24:59Z,69.0,Charge 6
2025-11-12T03:25:00Z,70.0,Charge 6
2025-11-12T03:25:03Z,70.0,Charge 6
2025-11-12T03:25:04Z,71.0,Charge 6
2025-11-12T03:25:07Z,71.0,Charge 6
2025-11-12T03:25:08Z,72.0,Charge 6
2025-11-12T03:25:11Z,72.0,Charge 6
2025-11-12T03:25:12Z,71.0,Charge 6
2025-11-12T03:25:14Z,70.0,Charge 6
2025-11-12T03:25:16Z,68.0,Charge 6
2025-11-12T03:25:18Z,68.0,Charge 6
2025-11-12T03:25:21Z,68.0,Charge 6
2025-11-12T03:25:24Z,68.0,Charge 6
2025-11-12T03:25:25Z,69.0,Charge 6
2025-11-12T03:25:27Z,70.0,Charge 6
2025-11-12T03:25:30Z,70.0,Charge 6
2025-11-12T03:25:33Z,68.0,Charge 6
2025-11-12T03:25:35Z,67.0,Charge 6
2025-11-12T03:25:37Z,65.0,Charge 6
2025-11-12T03:25:39Z,65.0,Charge 6
2025-11-12T03:25:41Z,64.0,Charge 6
2025-11-12T03:25:44Z,64.0,Charge 6
2025-11-12T03:25:45Z,65.0,Charge 6
2025-11-12T03:25:47Z,68.0,Charge 6
2025-11-12T03:25:48Z,69.0,Charge 6
2025-11-12T03:25:51Z,69.0,Charge 6
2025-11-12T03:25:52Z,70.0,Charge 6
2025-11-12T03:25:55Z,70.0,Charge 6
2025-11-12T03:25:58Z,70.0,Charge 6
2025-11-12T03:26:01Z,70.0,Charge 6
2025-11-12T03:26:04Z,68.0,Charge 6
2025-11-12T03:26:06Z,69.0,Charge 6
2025-11-12T03:26:08Z,72.0,Charge 6
2025-11-12T03:26:10Z,71.0,Charge 6
2025-11-12T03:26:12Z,72.0,Charge 6
2025-11-12T03:26:13Z,75.0,Charge 6
2025-11-12T03:26:15Z,78.0,Charge 6
2025-11-12T03:26:17Z,81.0,Charge 6
2025-11-12T03:26:19Z,82.0,Charge 6
2025-11-12T03:26:22Z,82.0,Charge 6
2025-11-12T03:26:23Z,79.0,Charge 6
2025-11-12T03:26:25Z,76.0,Charge 6
2025-11-12T03:26:27Z,74.0,Charge 6
2025-11-12T03:26:29Z,73.0,Charge 6
2025-11-12T03:26:31Z,72.0,Charge 6
2025-11-12T03:26:33Z,72.0,Charge 6
2025-11-12T03:26:36Z,73.0,Charge 6
2025-11-12T03:26:38Z,76.0,Charge 6
2025-11-12T03:26:41Z,76.0,Charge 6
2025-11-12T03:26:42Z,74.0,Charge 6
2025-11-12T03:26:44Z,72.0,Charge 6
2025-11-12T03:26:46Z,70.0,Charge 6
2025-11-12T03:26:48Z,70.0,Charge 6
2025-11-12T03:26:51Z,70.0,Charge 6
2025-11-12T03:26:52Z,71.0,Charge 6
2025-11-12T03:26:55Z,71.0,Charge 6
2025-11-12T03:26:56Z,69.0,Charge 6
2025-11-12T03:26:58Z,68.0,Charge 6
2025-11-12T03:27:00Z,68.0,Charge 6
2025-11-12T03:27:03Z,70.0,Charge 6
2025-11-12T03:27:05Z,71.0,Charge 6
2025-11-12T03:27:07Z,72.0,Charge 6
2025-11-12T03:27:09Z,71.0,Charge 6
2025-11-12T03:27:12Z,71.0,Charge 6
2025-11-12T03:27:15Z,71.0,Charge 6
2025-11-12T03:27:17Z,70.0,Charge 6
2025-11-12T03:27:20Z,70.0,Charge 6
2025-11-12T03:27:21Z,69.0,Charge 6
2025-11-12T03:27:23Z,68.0,Charge 6
2025-11-12T03:27:26Z,68.0,Charge 6
2025-11-12T03:27:29Z,68.0,Charge 6
2025-11-12T03:27:32Z,69.0,Charge 6
2025-11-12T03:27:34Z,73.0,Charge 6
2025-11-12T03:27:36Z,74.0,Charge 6
2025-11-12T03:27:38Z,76.0,Charge 6
2025-11-12T03:27:40Z,77.0,Charge 6
2025-11-12T03:27:42Z,76.0,Charge 6
2025-11-12T03:27:44Z,74.0,Charge 6
2025-11-12T03:27:46Z,73.0,Charge 6
2025-11-12T03:27:48Z,72.0,Charge 6
2025-11-12T03:27:49Z,73.0,Charge 6
2025-11-12T03:27:51Z,70.0,Charge 6
2025-11-12T03:27:54Z,70.0,Charge 6
2025-11-12T03:27:57Z,69.0,Charge 6
2025-11-12T03:27:59Z,71.0,Charge 6
2025-11-12T03:28:01Z,74.0,Charge 6
2025-11-12T03:28:04Z,74.0,Charge 6
2025-11-12T03:28:05Z,75.0,Charge 6
2025-11-12T03:28:08Z,75.0,Charge 6
2025-11-12T03:28:09Z,74.0,Charge 6
2025-11-12T03:28:11Z,76.0,Charge 6
2025-11-12T03:28:12Z,75.0,Charge 6
2025-11-12T03:28:14Z,72.0,Charge 6
2025-11-12T03:28:16Z,75.0,Charge 6
2025-11-12T03:28:18Z,77.0,Charge 6
2025-11-12T03:28:20Z,79.0,Charge 6
2025-11-12T03:28:22Z,77.0,Charge 6
2025-11-12T03:28:24Z,73.0,Charge 6
2025-11-12T03:28:26Z,71.0,Charge 6
2025-11-12T03:28:29Z,71.0,Charge 6
2025-11-12T03:28:32Z,71.0,Charge 6
2025-11-12T03:28:34Z,70.0,Charge 6
2025-11-12T03:28:36Z,69.0,Charge 6
2025-11-12T03:28:39Z,70.0,Charge 6
2025-11-12T03:28:41Z,70.0,Charge 6
2025-11-12T03:28:43Z,71.0,Charge 6
2025-11-12T03:28:45Z,72.0,Charge 6
2025-11-12T03:28:47Z,71.0,Charge 6
2025-11-12T03:28:50Z,71.0,Charge 6
2025-11-12T03:28:53Z,70.0,Charge 6
2025-11-12T03:28:56Z,70.0,Charge 6
2025-11-12T03:28:59Z,70.0,Charge 6
2025-11-12T03:29:02Z,69.0,Charge 6
2025-11-12T03:29:04Z,70.0,Charge 6
2025-11-12T03:29:07Z,70.0,Charge 6
2025-11-12T03:29:10Z,69.0,Charge 6
2025-11-12T03:29:12Z,70.0,Charge 6
2025-11-12T03:29:15Z,70.0,Charge 6
2025-11-12T03:29:16Z,71.0,Charge 6
2025-11-12T03:29:18Z,72.0,Charge 6
2025-11-12T03:29:21Z,72.0,Charge 6
2025-11-12T03:29:22Z,73.0,Charge 6
2025-11-12T03:29:24Z,74.0,Charge 6
2025-11-12T03:29:27Z,73.0,Charge 6
2025-11-12T03:29:30Z,73.0,Charge 6
2025-11-12T03:29:31Z,72.0,Charge 6
2025-11-12T03:29:34Z,72.0,Charge 6
2025-11-12T03:29:35Z,75.0,Charge 6
2025-11-12T03:29:38Z,75.0,Charge 6
2025-11-12T03:29:39Z,73.0,Charge 6
2025-11-12T03:29:41Z,71.0,Charge 6
2025-11-12T03:29:43Z,70.0,Charge 6
2025-11-12T03:29:45Z,71.0,Charge 6
2025-11-12T03:29:48Z,71.0,Charge 6
2025-11-12T03:29:51Z,71.0,Charge 6
2025-11-12T03:29:54Z,71.0,Charge 6
2025-11-12T03:29:57Z,71.0,Charge 6
2025-11-12T03:29:58Z,71.0,Charge 6
2025-11-12T03:30:01Z,71.0,Charge 6
2025-11-12T03:30:02Z,70.0,Charge 6
2025-11-12T03:30:05Z,70.0,Charge 6
2025-11-12T03:30:06Z,68.0,Charge 6
2025-11-12T03:30:09Z,68.0,Charge 6
2025-11-12T03:30:10Z,69.0,Charge 6
2025-11-12T03:30:12Z,68.0,Charge 6
2025-11-12T03:30:15Z,66.0,Charge 6
2025-11-12T03:30:18Z,66.0,Charge 6
2025-11-12T03:30:21Z,66.0,Charge 6
2025-11-12T03:30:23Z,67.0,Charge 6
2025-11-12T03:30:25Z,68.0,Charge 6
2025-11-12T03:30:27Z,69.0,Charge 6
2025-11-12T03:30:29Z,70.0,Charge 6
2025-11-12T03:30:32Z,70.0,Charge 6
2025-11-12T03:30:35Z,70.0,Charge 6
2025-11-12T03:30:38Z,70.0,Charge 6
2025-11-12T03:30:40Z,72.0,Charge 6
2025-11-12T03:30:43Z,72.0,Charge 6
2025-11-12T03:30:44Z,73.0,Charge 6
2025-11-12T03:30:46Z,74.0,Charge 6
2025-11-12T03:30:48Z,75.0,Charge 6
2025-11-12T03:30:50Z,76.0,Charge 6
2025-11-12T03:30:52Z,74.0,Charge 6
2025-11-12T03:30:55Z,74.0,Charge 6
2025-11-12T03:30:56Z,73.0,Charge 6
2025-11-12T03:30:58Z,72.0,Charge 6
2025-11-12T03:31:00Z,71.0,Charge 6
2025-11-12T03:31:01Z,70.0,Charge 6
2025-11-12T03:31:03Z,69.0,Charge 6
2025-11-12T03:31:05Z,68.0,Charge 6
2025-11-12T03:31:07Z,68.0,Charge 6
2025-11-12T03:31:09Z,67.0,Charge 6
2025-11-12T03:31:11Z,68.0,Charge 6
2025-11-12T03:31:14Z,68.0,Charge 6
2025-11-12T03:31:17Z,70.0,Charge 6
2025-11-12T03:31:19Z,71.0,Charge 6
2025-11-12T03:31:21Z,73.0,Charge 6
2025-11-12T03:31:23Z,75.0,Charge 6
2025-11-12T03:31:24Z,76.0,Charge 6
2025-11-12T03:31:26Z,78.0,Charge 6
2025-11-12T03:31:28Z,82.0,Charge 6
2025-11-12T03:31:31Z,82.0,Charge 6
2025-11-12T03:31:32Z,77.0,Charge 6
2025-11-12T03:31:34Z,75.0,Charge 6
2025-11-12T03:31:36Z,74.0,Charge 6
2025-11-12T03:31:38Z,72.0,Charge 6
2025-11-12T03:31:40Z,72.0,Charge 6
2025-11-12T03:31:42Z,73.0,Charge 6
2025-11-12T03:31:44Z,72.0,Charge 6
2025-11-12T03:31:47Z,72.0,Charge 6
2025-11-12T03:31:48Z,72.0,Charge 6
2025-11-12T03:31:49Z,72.0,Charge 6
2025-11-12T03:31:51Z,73.0,Charge 6
2025-11-12T03:31:53Z,74.0,Charge 6
2025-11-12T03:31:55Z,73.0,Charge 6
2025-11-12T03:31:57Z,72.0,Charge 6
2025-11-12T03:32:00Z,72.0,Charge 6
2025-11-12T03:32:01Z,72.0,Charge 6
2025-11-12T03:32:03Z,70.0,Charge 6
2025-11-12T03:32:05Z,69.0,Charge 6
2025-11-12T03:32:07Z,67.0,Charge 6
2025-11-12T03:32:09Z,66.0,Charge 6
2025-11-12T03:32:11Z,67.0,Charge 6
2025-11-12T03:32:12Z,66.0,Charge 6
2025-11-12T03:32:15Z,66.0,Charge 6
2025-11-12T03:32:18Z,66.0,Charge 6
2025-11-12T03:32:20Z,68.0,Charge 6
2025-11-12T03:32:23Z,68.0,Charge 6
2025-11-12T03:32:24Z,72.0,Charge 6
2025-11-12T03:32:27Z,72.0,Charge 6
2025-11-12T03:32:28Z,69.0,Charge 6
2025-11-12T03:32:31Z,69.0,Charge 6
2025-11-12T03:32:32Z,68.0,Charge 6
2025-11-12T03:32:34Z,68.0,Charge 6
2025-11-12T03:32:36Z,67.0,Charge 6
2025-11-12T03:32:37Z,68.0,Charge 6
2025-11-12T03:32:39Z,70.0,Charge 6
2025-11-12T03:32:41Z,71.0,Charge 6
2025-11-12T03:32:43Z,72.0,Charge 6
2025-11-12T03:32:45Z,73.0,Charge 6
2025-11-12T03:32:47Z,75.0,Charge 6
2025-11-12T03:32:49Z,81.0,Charge 6
2025-11-12T03:32:51Z,77.0,Charge 6
2025-11-12T03:32:53Z,73.0,Charge 6
2025-11-12T03:32:55Z,72.0,Charge 6
2025-11-12T03:32:57Z,71.0,Charge 6
2025-11-12T03:32:59Z,72.0,Charge 6
2025-11-12T03:33:02Z,71.0,Charge 6
2025-11-12T03:33:04Z,69.0,Charge 6
2025-11-12T03:33:06Z,70.0,Charge 6
2025-11-12T03:33:08Z,68.0,Charge 6
2025-11-12T03:33:11Z,68.0,Charge 6
2025-11-12T03:33:12Z,73.0,Charge 6
2025-11-12T03:33:14Z,70.0,Charge 6
2025-11-12T03:33:16Z,67.0,Charge 6
2025-11-12T03:33:19Z,67.0,Charge 6
2025-11-12T03:33:20Z,65.0,Charge 6
2025-11-12T03:33:22Z,67.0,Charge 6
2025-11-12T03:33:24Z,70.0,Charge 6
2025-11-12T03:33:25Z,68.0,Charge 6
2025-11-12T03:33:27Z,68.0,Charge 6
2025-11-12T03:33:30Z,68.0,Charge 6
2025-11-12T03:33:31Z,67.0,Charge 6
2025-11-12T03:33:34Z,67.0,Charge 6
2025-11-12T03:33:35Z,69.0,Charge 6
2025-11-12T03:33:38Z,69.0,Charge 6
2025-11-12T03:33:41Z,69.0,Charge 6
2025-11-12T03:33:44Z,69.0,Charge 6
2025-11-12T03:33:45Z,70.0,Charge 6
2025-11-12T03:33:48Z,70.0,Charge 6
2025-11-12T03:33:51Z,70.0,Charge 6
2025-11-12T03:33:54Z,72.0,Charge 6
2025-11-12T03:33:56Z,73.0,Charge 6
2025-11-12T03:33:58Z,75.0,Charge 6
2025-11-12T03:34:00Z,78.0,Charge 6
2025-11-12T03:34:02Z,81.0,Charge 6
2025-11-12T03:34:04Z,84.0,Charge 6
2025-11-12T03:34:06Z,88.0,Charge 6
2025-11-12T03:34:08Z,85.0,Charge 6
2025-11-12T03:34:10Z,77.0,Charge 6
2025-11-12T03:34:12Z,75.0,Charge 6
2025-11-12T03:34:15Z,74.0,Charge 6
2025-11-12T03:34:17Z,73.0,Charge 6
2025-11-12T03:34:19Z,71.0,Charge 6
2025-11-12T03:34:21Z,70.0,Charge 6
2025-11-12T03:34:24Z,70.0,Charge 6
2025-11-12T03:34:25Z,68.0,Charge 6
2025-11-12T03:34:27Z,68.0,Charge 6
2025-11-12T03:34:30Z,68.0,Charge 6
2025-11-12T03:34:31Z,69.0,Charge 6
2025-11-12T03:34:33Z,70.0,Charge 6
2025-11-12T03:34:36Z,70.0,Charge 6
2025-11-12T03:34:39Z,70.0,Charge 6
2025-11-12T03:34:42Z,71.0,Charge 6
2025-11-12T03:34:44Z,72.0,Charge 6
2025-11-12T03:34:47Z,72.0,Charge 6
2025-11-12T03:34:50Z,71.0,Charge 6
2025-11-12T03:34:53Z,71.0,Charge 6
2025-11-12T03:34:54Z,70.0,Charge 6
2025-11-12T03:34:57Z,70.0,Charge 6
2025-11-12T03:34:58Z,68.0,Charge 6
2025-11-12T03:35:01Z,68.0,Charge 6
2025-11-12T03:35:03Z,69.0,Charge 6
2025-11-12T03:35:06Z,69.0,Charge 6
2025-11-12T03:35:07Z,68.0,Charge 6
2025-11-12T03:35:09Z,68.0,Charge 6
2025-11-12T03:35:11Z,68.0,Charge 6
2025-11-12T03:35:14Z,68.0,Charge 6
2025-11-12T03:35:17Z,68.0,Charge 6
2025-11-12T03:35:19Z,68.0,Charge 6
2025-11-12T03:35:21Z,68.0,Charge 6
2025-11-12T03:35:23Z,69.0,Charge 6
2025-11-12T03:35:24Z,70.0,Charge 6
2025-11-12T03:35:26Z,72.0,Charge 6
2025-11-12T03:35:28Z,70.0,Charge 6
2025-11-12T03:35:31Z,70.0,Charge 6
2025-11-12T03:35:32Z,70.0,Charge 6
2025-11-12T03:35:34Z,69.0,Charge 6
2025-11-12T03:35:36Z,69.0,Charge 6
2025-11-12T03:35:39Z,69.0,Charge 6
2025-11-12T03:35:40Z,70.0,Charge 6
2025-11-12T03:35:42Z,70.0,Charge 6
2025-11-12T03:35:44Z,70.0,Charge 6
2025-11-12T03:35:46Z,70.0,Charge 6
2025-11-12T03:35:49Z,70.0,Charge 6
2025-11-12T03:35:52Z,70.0,Charge 6
2025-11-12T03:35:55Z,71.0,Charge 6
2025-11-12T03:35:58Z,71.0,Charge 6
2025-11-12T03:35:59Z,71.0,Charge 6
2025-11-12T03:36:02Z,71.0,Charge 6
2025-11-12T03:36:03Z,73.0,Charge 6
2025-11-12T03:36:05Z,75.0,Charge 6
2025-11-12T03:36:07Z,77.0,Charge 6
2025-11-12T03:36:09Z,80.0,Charge 6
2025-11-12T03:36:11Z,84.0,Charge 6
2025-11-12T03:36:12Z,85.0,Charge 6
2025-11-12T03:36:14Z,83.0,Charge 6
2025-11-12T03:36:16Z,84.0,Charge 6
2025-11-12T03:36:18Z,85.0,Charge 6
2025-11-12T03:36:20Z,86.0,Charge 6
2025-11-12T03:36:22Z,88.0,Charge 6
2025-11-12T03:36:24Z,88.0,Charge 6
2025-11-12T03:36:26Z,91.0,Charge 6
2025-11-12T03:36:28Z,92.0,Charge 6
2025-11-12T03:36:31Z,92.0,Charge 6
2025-11-12T03:36:32Z,87.0,Charge 6
2025-11-12T03:36:34Z,85.0,Charge 6
2025-11-12T03:36:36Z,83.0,Charge 6
2025-11-12T03:36:37Z,81.0,Charge 6
2025-11-12T03:36:39Z,80.0,Charge 6
2025-11-12T03:36:41Z,78.0,Charge 6
2025-11-12T03:36:43Z,76.0,Charge 6
2025-11-12T03:36:45Z,74.0,Charge 6
2025-11-12T03:36:47Z,73.0,Charge 6
2025-11-12T03:36:50Z,73.0,Charge 6
2025-11-12T03:36:51Z,74.0,Charge 6
2025-11-12T03:36:54Z,74.0,Charge 6
2025-11-12T03:36:57Z,76.0,Charge 6
2025-11-12T03:36:59Z,77.0,Charge 6
2025-11-12T03:37:02Z,74.0,Charge 6
2025-11-12T03:37:04Z,72.0,Charge 6
2025-11-12T03:37:06Z,70.0,Charge 6
2025-11-12T03:37:08Z,69.0,Charge 6
2025-11-12T03:37:10Z,70.0,Charge 6
2025-11-12T03:37:13Z,70.0,Charge 6
2025-11-12T03:37:16Z,70.0,Charge 6
2025-11-12T03:37:18Z,69.0,Charge 6
2025-11-12T03:37:20Z,68.0,Charge 6
2025-11-12T03:37:22Z,67.0,Charge 6
2025-11-12T03:37:24Z,66.0,Charge 6
2025-11-12T03:37:27Z,66.0,Charge 6
2025-11-12T03:37:29Z,67.0,Charge 6
2025-11-12T03:37:31Z,68.0,Charge 6
2025-11-12T03:37:33Z,69.0,Charge 6
2025-11-12T03:37:35Z,72.0,Charge 6
2025-11-12T03:37:37Z,74.0,Charge 6
2025-11-12T03:37:40Z,74.0,Charge 6
2025-11-12T03:37:41Z,75.0,Charge 6
2025-11-12T03:37:43Z,76.0,Charge 6
2025-11-12T03:37:45Z,77.0,Charge 6
2025-11-12T03:37:48Z,76.0,Charge 6
2025-11-12T03:37:50Z,76.0,Charge 6
2025-11-12T03:37:52Z,75.0,Charge 6
2025-11-12T03:37:54Z,76.0,Charge 6
2025-11-12T03:37:57Z,76.0,Charge 6
2025-11-12T03:37:58Z,74.0,Charge 6
2025-11-12T03:38:00Z,72.0,Charge 6
2025-11-12T03:38:03Z,72.0,Charge 6
2025-11-12T03:38:04Z,73.0,Charge 6
2025-11-12T03:38:07Z,73.0,Charge 6
2025-11-12T03:38:10Z,72.0,Charge 6
2025-11-12T03:38:12Z,73.0,Charge 6
2025-11-12T03:38:13Z,72.0,Charge 6
2025-11-12T03:38:15Z,73.0,Charge 6
2025-11-12T03:38:17Z,75.0,Charge 6
2025-11-12T03:38:19Z,74.0,Charge 6
2025-11-12T03:38:21Z,75.0,Charge 6
2025-11-12T03:38:24Z,75.0,Charge 6
2025-11-12T03:38:25Z,78.0,Charge 6
2025-11-12T03:38:28Z,78.0,Charge 6
2025-11-12T03:38:29Z,76.0,Charge 6
2025-11-12T03:38:31Z,74.0,Charge 6
2025-11-12T03:38:33Z,73.0,Charge 6
2025-11-12T03:38:35Z,72.0,Charge 6
2025-11-12T03:38:38Z,74.0,Charge 6
2025-11-12T03:38:40Z,75.0,Charge 6
2025-11-12T03:38:42Z,73.0,Charge 6
2025-11-12T03:38:44Z,72.0,Charge 6
2025-11-12T03:38:46Z,71.0,Charge 6
2025-11-12T03:38:48Z,70.0,Charge 6
2025-11-12T03:38:50Z,69.0,Charge 6
2025-11-12T03:38:53Z,69.0,Charge 6
2025-11-12T03:38:54Z,70.0,Charge 6
2025-11-12T03:38:57Z,70.0,Charge 6
2025-11-12T03:38:58Z,69.0,Charge 6
2025-11-12T03:39:00Z,68.0,Charge 6
2025-11-12T03:39:03Z,68.0,Charge 6
2025-11-12T03:39:06Z,68.0,Charge 6
2025-11-12T03:39:09Z,68.0,Charge 6
2025-11-12T03:39:12Z,68.0,Charge 6
2025-11-12T03:39:15Z,68.0,Charge 6
2025-11-12T03:39:18Z,68.0,Charge 6
2025-11-12T03:39:20Z,67.0,Charge 6
2025-11-12T03:39:22Z,68.0,Charge 6
2025-11-12T03:39:24Z,67.0,Charge 6
2025-11-12T03:39:26Z,68.0,Charge 6
2025-11-12T03:39:29Z,68.0,Charge 6
2025-11-12T03:39:30Z,68.0,Charge 6
2025-11-12T03:39:31Z,67.0,Charge 6
2025-11-12T03:39:34Z,67.0,Charge 6
2025-11-12T03:39:35Z,68.0,Charge 6
2025-11-12T03:39:38Z,68.0,Charge 6
2025-11-12T03:39:39Z,68.0,Charge 6
2025-11-12T03:39:42Z,68.0,Charge 6
2025-11-12T03:39:43Z,69.0,Charge 6
2025-11-12T03:39:45Z,70.0,Charge 6
2025-11-12T03:39:48Z,70.0,Charge 6
2025-11-12T03:39:49Z,69.0,Charge 6
2025-11-12T03:39:51Z,68.0,Charge 6
2025-11-12T03:39:54Z,69.0,Charge 6
2025-11-12T03:39:56Z,71.0,Charge 6
2025-11-12T03:39:58Z,75.0,Charge 6
2025-11-12T03:40:00Z,77.0,Charge 6
2025-11-12T03:40:02Z,79.0,Charge 6
2025-11-12T03:40:04Z,80.0,Charge 6
2025-11-12T03:40:06Z,79.0,Charge 6
2025-11-12T03:40:08Z,78.0,Charge 6
2025-11-12T03:40:10Z,76.0,Charge 6
2025-11-12T03:40:12Z,75.0,Charge 6
2025-11-12T03:40:14Z,74.0,Charge 6
2025-11-12T03:40:17Z,74.0,Charge 6
2025-11-12T03:40:18Z,73.0,Charge 6
2025-11-12T03:40:19Z,72.0,Charge 6
2025-11-12T03:40:22Z,72.0,Charge 6
2025-11-12T03:40:23Z,73.0,Charge 6
2025-11-12T03:40:26Z,73.0,Charge 6
2025-11-12T03:40:29Z,74.0,Charge 6
2025-11-12T03:40:31Z,75.0,Charge 6
2025-11-12T03:40:34Z,75.0,Charge 6
2025-11-12T03:40:35Z,74.0,Charge 6
2025-11-12T03:40:37Z,72.0,Charge 6
2025-11-12T03:40:40Z,72.0,Charge 6
2025-11-12T03:40:43Z,72.0,Charge 6
2025-11-12T03:40:44Z,73.0,Charge 6
2025-11-12T03:40:46Z,72.0,Charge 6
2025-11-12T03:40:49Z,72.0,Charge 6
2025-11-12T03:40:50Z,73.0,Charge 6
2025-11-12T03:40:52Z,72.0,Charge 6
2025-11-12T03:40:54Z,73.0,Charge 6
2025-11-12T03:40:56Z,74.0,Charge 6
2025-11-12T03:40:59Z,74.0,Charge 6
2025-11-12T03:41:00Z,75.0,Charge 6
2025-11-12T03:41:03Z,75.0,Charge 6
2025-11-12T03:41:04Z,77.0,Charge 6
2025-11-12T03:41:07Z,77.0,Charge 6
2025-11-12T03:41:09Z,76.0,Charge 6
2025-11-12T03:41:11Z,76.0,Charge 6
2025-11-12T03:41:14Z,76.0,Charge 6
2025-11-12T03:41:15Z,75.0,Charge 6
2025-11-12T03:41:18Z,75.0,Charge 6
2025-11-12T03:41:19Z,74.0,Charge 6
2025-11-12T03:41:22Z,74.0,Charge 6
2025-11-12T03:41:23Z,73.0,Charge 6
2025-11-12T03:41:26Z,73.0,Charge 6
2025-11-12T03:41:27Z,75.0,Charge 6
2025-11-12T03:41:30Z,73.0,Charge 6
2025-11-12T03:41:32Z,74.0,Charge 6
2025-11-12T03:41:34Z,76.0,Charge 6
2025-11-12T03:41:36Z,77.0,Charge 6
2025-11-12T03:41:38Z,78.0,Charge 6
2025-11-12T03:41:40Z,77.0,Charge 6
2025-11-12T03:41:42Z,78.0,Charge 6
2025-11-12T03:41:44Z,80.0,Charge 6
2025-11-12T03:41:46Z,79.0,Charge 6
2025-11-12T03:41:48Z,75.0,Charge 6
2025-11-12T03:41:51Z,75.0,Charge 6
2025-11-12T03:41:52Z,76.0,Charge 6
2025-11-12T03:41:54Z,74.0,Charge 6
2025-11-12T03:41:55Z,72.0,Charge 6
2025-11-12T03:41:58Z,72.0,Charge 6
2025-11-12T03:42:01Z,73.0,Charge 6
2025-11-12T03:42:03Z,76.0,Charge 6
2025-11-12T03:42:05Z,75.0,Charge 6
2025-11-12T03:42:07Z,74.0,Charge 6
2025-11-12T03:42:10Z,74.0,Charge 6
2025-11-12T03:42:13Z,75.0,Charge 6
2025-11-12T03:42:15Z,81.0,Charge 6
2025-11-12T03:42:18Z,79.0,Charge 6
2025-11-12T03:42:20Z,77.0,Charge 6
2025-11-12T03:42:22Z,74.0,Charge 6
2025-11-12T03:42:24Z,72.0,Charge 6
2025-11-12T03:42:26Z,70.0,Charge 6
2025-11-12T03:42:28Z,69.0,Charge 6
2025-11-12T03:42:30Z,68.0,Charge 6
2025-11-12T03:42:33Z,68.0,Charge 6
2025-11-12T03:42:36Z,68.0,Charge 6
2025-11-12T03:42:39Z,68.0,Charge 6
2025-11-12T03:42:40Z,69.0,Charge 6
2025-11-12T03:42:42Z,68.0,Charge 6
2025-11-12T03:42:45Z,68.0,Charge 6
2025-11-12T03:42:48Z,68.0,Charge 6
2025-11-12T03:42:49Z,69.0,Charge 6
2025-11-12T03:42:51Z,71.0,Charge 6
2025-11-12T03:42:53Z,74.0,Charge 6
2025-11-12T03:42:55Z,73.0,Charge 6
2025-11-12T03:42:57Z,72.0,Charge 6
2025-11-12T03:42:59Z,71.0,Charge 6
2025-11-12T03:43:01Z,69.0,Charge 6
2025-11-12T03:43:03Z,68.0,Charge 6
2025-11-12T03:43:05Z,67.0,Charge 6
2025-11-12T03:43:06Z,66.0,Charge 6
2025-11-12T03:43:09Z,66.0,Charge 6
2025-11-12T03:43:12Z,66.0,Charge 6
2025-11-12T03:43:15Z,66.0,Charge 6
2025-11-12T03:43:16Z,67.0,Charge 6
2025-11-12T03:43:18Z,68.0,Charge 6
2025-11-12T03:43:21Z,68.0,Charge 6
2025-11-12T03:43:22Z,70.0,Charge 6
2025-11-12T03:43:24Z,70.0,Charge 6
2025-11-12T03:43:27Z,70.0,Charge 6
2025-11-12T03:43:30Z,70.0,Charge 6
2025-11-12T03:43:33Z,71.0,Charge 6
2025-11-12T03:43:35Z,72.0,Charge 6
2025-11-12T03:43:37Z,74.0,Charge 6
2025-11-12T03:43:40Z,74.0,Charge 6
2025-11-12T03:43:41Z,76.0,Charge 6
2025-11-12T03:43:43Z,77.0,Charge 6
2025-11-12T03:43:45Z,78.0,Charge 6
2025-11-12T03:43:47Z,79.0,Charge 6
2025-11-12T03:43:49Z,78.0,Charge 6
2025-11-12T03:43:52Z,78.0,Charge 6
2025-11-12T03:43:55Z,78.0,Charge 6
2025-11-12T03:43:56Z,82.0,Charge 6
2025-11-12T03:43:58Z,81.0,Charge 6
2025-11-12T03:44:00Z,80.0,Charge 6
2025-11-12T03:44:02Z,77.0,Charge 6
2025-11-12T03:44:04Z,74.0,Charge 6
2025-11-12T03:44:06Z,74.0,Charge 6
2025-11-12T03:44:08Z,73.0,Charge 6
2025-11-12T03:44:10Z,71.0,Charge 6
2025-11-12T03:44:12Z,70.0,Charge 6
2025-11-12T03:44:15Z,70.0,Charge 6
2025-11-12T03:44:18Z,69.0,Charge 6
2025-11-12T03:44:19Z,68.0,Charge 6
2025-11-12T03:44:21Z,68.0,Charge 6
2025-11-12T03:44:23Z,70.0,Charge 6
2025-11-12T03:44:25Z,71.0,Charge 6
2025-11-12T03:44:27Z,72.0,Charge 6
2025-11-12T03:44:29Z,74.0,Charge 6
2025-11-12T03:44:31Z,75.0,Charge 6
2025-11-12T03:44:33Z,76.0,Charge 6
2025-11-12T03:44:36Z,76.0,Charge 6
2025-11-12T03:44:37Z,77.0,Charge 6
2025-11-12T03:44:40Z,77.0,Charge 6
2025-11-12T03:44:41Z,76.0,Charge 6
2025-11-12T03:44:44Z,76.0,Charge 6
2025-11-12T03:44:46Z,75.0,Charge 6
2025-11-12T03:44:48Z,73.0,Charge 6
2025-11-12T03:44:51Z,73.0,Charge 6
2025-11-12T03:44:54Z,74.0,Charge 6
2025-11-12T03:44:56Z,72.0,Charge 6
2025-11-12T03:44:58Z,70.0,Charge 6
2025-11-12T03:45:00Z,68.0,Charge 6
2025-11-12T03:45:02Z,67.0,Charge 6
2025-11-12T03:45:04Z,67.0,Charge 6
2025-11-12T03:45:06Z,66.0,Charge 6
2025-11-12T03:45:07Z,65.0,Charge 6
2025-11-12T03:45:09Z,66.0,Charge 6
2025-11-12T03:45:11Z,64.0,Charge 6
2025-11-12T03:45:14Z,64.0,Charge 6
2025-11-12T03:45:17Z,64.0,Charge 6
2025-11-12T03:45:19Z,64.0,Charge 6
2025-11-12T03:45:21Z,65.0,Charge 6
2025-11-12T03:45:24Z,65.0,Charge 6
2025-11-12T03:45:25Z,64.0,Charge 6
2025-11-12T03:45:27Z,65.0,Charge 6
2025-11-12T03:45:29Z,66.0,Charge 6
2025-11-12T03:45:30Z,66.0,Charge 6
2025-11-12T03:45:33Z,66.0,Charge 6
2025-11-12T03:45:36Z,66.0,Charge 6
2025-11-12T03:45:39Z,66.0,Charge 6
2025-11-12T03:45:40Z,67.0,Charge 6
2025-11-12T03:45:42Z,66.0,Charge 6
2025-11-12T03:45:44Z,68.0,Charge 6
2025-11-12T03:45:47Z,68.0,Charge 6
2025-11-12T03:45:48Z,68.0,Charge 6
2025-11-12T03:45:50Z,67.0,Charge 6
2025-11-12T03:45:52Z,66.0,Charge 6
2025-11-12T03:45:54Z,67.0,Charge 6
2025-11-12T03:45:55Z,68.0,Charge 6
2025-11-12T03:45:57Z,68.0,Charge 6
2025-11-12T03:45:59Z,68.0,Charge 6
2025-11-12T03:46:02Z,68.0,Charge 6
2025-11-12T03:46:05Z,70.0,Charge 6
2025-11-12T03:46:07Z,70.0,Charge 6
2025-11-12T03:46:10Z,70.0,Charge 6
2025-11-12T03:46:13Z,69.0,Charge 6
2025-11-12T03:46:16Z,69.0,Charge 6
2025-11-12T03:46:17Z,70.0,Charge 6
2025-11-12T03:46:18Z,71.0,Charge 6
2025-11-12T03:46:20Z,70.0,Charge 6
2025-11-12T03:46:22Z,72.0,Charge 6
2025-11-12T03:46:24Z,70.0,Charge 6
2025-11-12T03:46:26Z,69.0,Charge 6
2025-11-12T03:46:29Z,69.0,Charge 6
2025-11-12T03:46:32Z,68.0,Charge 6
2025-11-12T03:46:34Z,69.0,Charge 6
2025-11-12T03:46:37Z,69.0,Charge 6
2025-11-12T03:46:38Z,70.0,Charge 6
2025-11-12T03:46:40Z,72.0,Charge 6
2025-11-12T03:46:42Z,70.0,Charge 6
2025-11-12T03:46:43Z,69.0,Charge 6
2025-11-12T03:46:46Z,69.0,Charge 6
2025-11-12T03:46:49Z,70.0,Charge 6
2025-11-12T03:46:51Z,70.0,Charge 6
2025-11-12T03:46:53Z,70.0,Charge 6
2025-11-12T03:46:56Z,70.0,Charge 6
2025-11-12T03:46:57Z,71.0,Charge 6
2025-11-12T03:46:59Z,73.0,Charge 6
2025-11-12T03:47:01Z,76.0,Charge 6
2025-11-12T03:47:03Z,77.0,Charge 6
2025-11-12T03:47:05Z,73.0,Charge 6
2025-11-12T03:47:06Z,71.0,Charge 6
2025-11-12T03:47:09Z,71.0,Charge 6
2025-11-12T03:47:10Z,70.0,Charge 6
2025-11-12T03:47:12Z,72.0,Charge 6
2025-11-12T03:47:14Z,70.0,Charge 6
2025-11-12T03:47:16Z,69.0,Charge 6
2025-11-12T03:47:19Z,69.0,Charge 6
2025-11-12T03:47:20Z,68.0,Charge 6
2025-11-12T03:47:22Z,69.0,Charge 6
2025-11-12T03:47:25Z,69.0,Charge 6
2025-11-12T03:47:28Z,69.0,Charge 6
2025-11-12T03:47:30Z,70.0,Charge 6
2025-11-12T03:47:31Z,70.0,Charge 6
2025-11-12T03:47:33Z,71.0,Charge 6
2025-11-12T03:47:35Z,72.0,Charge 6
2025-11-12T03:47:37Z,73.0,Charge 6
2025-11-12T03:47:39Z,76.0,Charge 6
2025-11-12T03:47:41Z,78.0,Charge 6
2025-11-12T03:47:43Z,78.0,Charge 6
2025-11-12T03:47:45Z,77.0,Charge 6
2025-11-12T03:47:47Z,76.0,Charge 6
2025-11-12T03:47:49Z,76.0,Charge 6
2025-11-12T03:47:51Z,75.0,Charge 6
2025-11-12T03:47:53Z,74.0,Charge 6
2025-11-12T03:47:56Z,74.0,Charge 6
2025-11-12T03:47:58Z,73.0,Charge 6
2025-11-12T03:48:00Z,74.0,Charge 6
2025-11-12T03:48:03Z,74.0,Charge 6
2025-11-12T03:48:06Z,74.0,Charge 6
2025-11-12T03:48:08Z,75.0,Charge 6
2025-11-12T03:48:10Z,76.0,Charge 6
2025-11-12T03:48:12Z,77.0,Charge 6
2025-11-12T03:48:14Z,79.0,Charge 6
2025-11-12T03:48:16Z,80.0,Charge 6
2025-11-12T03:48:18Z,85.0,Charge 6
2025-11-12T03:48:19Z,86.0,Charge 6
2025-11-12T03:48:22Z,86.0,Charge 6
2025-11-12T03:48:23Z,88.0,Charge 6
2025-11-12T03:48:26Z,88.0,Charge 6
2025-11-12T03:48:27Z,85.0,Charge 6
2025-11-12T03:48:30Z,85.0,Charge 6
2025-11-12T03:48:33Z,85.0,Charge 6
2025-11-12T03:48:36Z,85.0,Charge 6
2025-11-12T03:48:37Z,81.0,Charge 6
2025-11-12T03:48:40Z,81.0,Charge 6
2025-11-12T03:48:41Z,80.0,Charge 6
2025-11-12T03:48:42Z,81.0,Charge 6
2025-11-12T03:48:44Z,82.0,Charge 6
2025-11-12T03:48:47Z,82.0,Charge 6
2025-11-12T03:48:48Z,83.0,Charge 6
2025-11-12T03:48:50Z,84.0,Charge 6
2025-11-12T03:48:52Z,85.0,Charge 6
2025-11-12T03:48:54Z,84.0,Charge 6
2025-11-12T03:48:56Z,85.0,Charge 6
2025-11-12T03:48:59Z,85.0,Charge 6
2025-11-12T03:49:00Z,86.0,Charge 6
2025-11-12T03:49:02Z,87.0,Charge 6
2025-11-12T03:49:05Z,87.0,Charge 6
2025-11-12T03:49:08Z,87.0,Charge 6
2025-11-12T03:49:09Z,85.0,Charge 6
2025-11-12T03:49:12Z,85.0,Charge 6
2025-11-12T03:49:13Z,85.0,Charge 6
2025-11-12T03:49:15Z,84.0,Charge 6
2025-11-12T03:49:17Z,84.0,Charge 6
2025-11-12T03:49:19Z,82.0,Charge 6
2025-11-12T03:49:21Z,81.0,Charge 6
2025-11-12T03:49:23Z,80.0,Charge 6
2025-11-12T03:49:25Z,79.0,Charge 6
2025-11-12T03:49:27Z,80.0,Charge 6
2025-11-12T03:49:29Z,82.0,Charge 6
2025-11-12T03:49:30Z,83.0,Charge 6
2025-11-12T03:49:32Z,89.0,Charge 6
2025-11-12T03:49:35Z,89.0,Charge 6
2025-11-12T03:49:36Z,88.0,Charge 6
2025-11-12T03:49:38Z,91.0,Charge 6
2025-11-12T03:49:40Z,83.0,Charge 6
2025-11-12T03:49:42Z,84.0,Charge 6
2025-11-12T03:49:44Z,86.0,Charge 6
2025-11-12T03:49:47Z,86.0,Charge 6
2025-11-12T03:49:48Z,87.0,Charge 6
2025-11-12T03:49:51Z,87.0,Charge 6
2025-11-12T03:49:52Z,89.0,Charge 6
2025-11-12T03:49:54Z,91.0,Charge 6
2025-11-12T03:49:57Z,90.0,Charge 6
2025-11-12T03:50:00Z,90.0,Charge 6
2025-11-12T03:50:03Z,90.0,Charge 6
2025-11-12T03:50:06Z,90.0,Charge 6
2025-11-12T03:50:07Z,89.0,Charge 6
2025-11-12T03:50:09Z,87.0,Charge 6
2025-11-12T03:50:11Z,84.0,Charge 6
2025-11-12T03:50:13Z,83.0,Charge 6
2025-11-12T03:50:15Z,82.0,Charge 6
2025-11-12T03:50:18Z,82.0,Charge 6
2025-11-12T03:50:20Z,81.0,Charge 6
2025-11-12T03:50:23Z,81.0,Charge 6
2025-11-12T03:50:24Z,82.0,Charge 6
2025-11-12T03:50:27Z,82.0,Charge 6
2025-11-12T03:50:30Z,82.0,Charge 6
2025-11-12T03:50:33Z,82.0,Charge 6
2025-11-12T03:50:34Z,83.0,Charge 6
2025-11-12T03:50:37Z,83.0,Charge 6
2025-11-12T03:50:38Z,84.0,Charge 6
2025-11-12T03:50:40Z,85.0,Charge 6
2025-11-12T03:50:43Z,84.0,Charge 6
2025-11-12T03:50:45Z,84.0,Charge 6
2025-11-12T03:50:47Z,85.0,Charge 6
2025-11-12T03:50:50Z,85.0,Charge 6
2025-11-12T03:50:51Z,86.0,Charge 6
2025-11-12T03:50:54Z,86.0,Charge 6
2025-11-12T03:50:57Z,87.0,Charge 6
2025-11-12T03:50:59Z,85.0,Charge 6
2025-11-12T03:51:01Z,84.0,Charge 6
2025-11-12T03:51:03Z,85.0,Charge 6
2025-11-12T03:51:06Z,86.0,Charge 6
2025-11-12T03:51:09Z,86.0,Charge 6
2025-11-12T03:51:10Z,87.0,Charge 6
2025-11-12T03:51:12Z,88.0,Charge 6
2025-11-12T03:51:14Z,87.0,Charge 6
2025-11-12T03:51:16Z,89.0,Charge 6
2025-11-12T03:51:18Z,90.0,Charge 6
2025-11-12T03:51:21Z,90.0,Charge 6
2025-11-12T03:51:24Z,90.0,Charge 6
2025-11-12T03:51:27Z,90.0,Charge 6
2025-11-12T03:51:30Z,90.0,Charge 6
2025-11-12T03:51:31Z,91.0,Charge 6
2025-11-12T03:51:33Z,92.0,Charge 6
2025-11-12T03:51:35Z,93.0,Charge 6
2025-11-12T03:51:37Z,91.0,Charge 6
2025-11-12T03:51:39Z,84.0,Charge 6
2025-11-12T03:51:41Z,79.0,Charge 6
2025-11-12T03:51:43Z,82.0,Charge 6
2025-11-12T03:51:45Z,83.0,Charge 6
2025-11-12T03:51:48Z,83.0,Charge 6
2025-11-12T03:51:51Z,83.0,Charge 6
2025-11-12T03:51:54Z,84.0,Charge 6
2025-11-12T03:51:56Z,85.0,Charge 6
2025-11-12T03:51:58Z,83.0,Charge 6
2025-11-12T03:52:00Z,84.0,Charge 6
2025-11-12T03:52:02Z,85.0,Charge 6
2025-11-12T03:52:04Z,84.0,Charge 6
2025-11-12T03:52:06Z,82.0,Charge 6
2025-11-12T03:52:08Z,83.0,Charge 6
2025-11-12T03:52:10Z,86.0,Charge 6
2025-11-12T03:52:12Z,88.0,Charge 6
2025-11-12T03:52:14Z,89.0,Charge 6
2025-11-12T03:52:16Z,88.0,Charge 6
2025-11-12T03:52:18Z,87.0,Charge 6
2025-11-12T03:52:21Z,87.0,Charge 6
2025-11-12T03:52:24Z,87.0,Charge 6
2025-11-12T03:52:27Z,85.0,Charge 6
2025-11-12T03:52:29Z,84.0,Charge 6
2025-11-12T03:52:31Z,85.0,Charge 6
2025-11-12T03:52:33Z,87.0,Charge 6
2025-11-12T03:52:35Z,90.0,Charge 6
2025-11-12T03:52:37Z,91.0,Charge 6
2025-11-12T03:52:39Z,90.0,Charge 6
2025-11-12T03:52:41Z,91.0,Charge 6
2025-11-12T03:52:42Z,90.0,Charge 6
2025-11-12T03:52:44Z,90.0,Charge 6
2025-11-12T03:52:46Z,89.0,Charge 6
2025-11-12T03:52:48Z,88.0,Charge 6
2025-11-12T03:52:50Z,87.0,Charge 6
2025-11-12T03:52:52Z,90.0,Charge 6
2025-11-12T03:52:54Z,93.0,Charge 6
2025-11-12T03:52:56Z,94.0,Charge 6
2025-11-12T03:52:58Z,93.0,Charge 6
2025-11-12T03:53:01Z,93.0,Charge 6
2025-11-12T03:53:02Z,92.0,Charge 6
2025-11-12T03:53:05Z,92.0,Charge 6
2025-11-12T03:53:06Z,96.0,Charge 6
2025-11-12T03:53:07Z,94.0,Charge 6
2025-11-12T03:53:09Z,89.0,Charge 6
2025-11-12T03:53:12Z,89.0,Charge 6
2025-11-12T03:53:13Z,83.0,Charge 6
2025-11-12T03:53:15Z,80.0,Charge 6
2025-11-12T03:53:17Z,77.0,Charge 6
2025-11-12T03:53:19Z,76.0,Charge 6
2025-11-12T03:53:22Z,76.0,Charge 6
2025-11-12T03:53:23Z,77.0,Charge 6
2025-11-12T03:53:25Z,79.0,Charge 6
2025-11-12T03:53:28Z,79.0,Charge 6
2025-11-12T03:53:29Z,83.0,Charge 6
2025-11-12T03:53:30Z,82.0,Charge 6
2025-11-12T03:53:32Z,81.0,Charge 6
2025-11-12T03:53:34Z,80.0,Charge 6
2025-11-12T03:53:36Z,80.0,Charge 6
2025-11-12T03:53:38Z,79.0,Charge 6
2025-11-12T03:53:41Z,79.0,Charge 6
2025-11-12T03:53:42Z,81.0,Charge 6
2025-11-12T03:53:44Z,82.0,Charge 6
2025-11-12T03:53:46Z,81.0,Charge 6
2025-11-12T03:53:48Z,82.0,Charge 6
2025-11-12T03:53:50Z,81.0,Charge 6
2025-11-12T03:53:52Z,82.0,Charge 6
2025-11-12T03:53:54Z,83.0,Charge 6
2025-11-12T03:53:55Z,82.0,Charge 6
2025-11-12T03:53:57Z,77.0,Charge 6
2025-11-12T03:53:59Z,78.0,Charge 6
2025-11-12T03:54:01Z,78.0,Charge 6
2025-11-12T03:54:04Z,78.0,Charge 6
2025-11-12T03:54:05Z,79.0,Charge 6
2025-11-12T03:54:07Z,78.0,Charge 6
2025-11-12T03:54:10Z,78.0,Charge 6
2025-11-12T03:54:11Z,77.0,Charge 6
2025-11-12T03:54:14Z,80.0,Charge 6
2025-11-12T03:54:16Z,83.0,Charge 6
2025-11-12T03:54:18Z,85.0,Charge 6
2025-11-12T03:54:21Z,85.0,Charge 6
2025-11-12T03:54:22Z,86.0,Charge 6
2025-11-12T03:54:25Z,86.0,Charge 6
2025-11-12T03:54:28Z,88.0,Charge 6
2025-11-12T03:54:31Z,88.0,Charge 6
2025-11-12T03:54:33Z,89.0,Charge 6
2025-11-12T03:54:35Z,89.0,Charge 6
2025-11-12T03:54:37Z,88.0,Charge 6
2025-11-12T03:54:39Z,85.0,Charge 6
2025-11-12T03:54:41Z,84.0,Charge 6
2025-11-12T03:54:44Z,84.0,Charge 6
2025-11-12T03:54:45Z,86.0,Charge 6
2025-11-12T03:54:47Z,85.0,Charge 6
2025-11-12T03:54:49Z,84.0,Charge 6
2025-11-12T03:54:52Z,84.0,Charge 6
2025-11-12T03:54:53Z,82.0,Charge 6
2025-11-12T03:54:54Z,81.0,Charge 6
2025-11-12T03:54:56Z,80.0,Charge 6
2025-11-12T03:54:58Z,79.0,Charge 6
2025-11-12T03:55:00Z,79.0,Charge 6
2025-11-12T03:55:03Z,79.0,Charge 6
2025-11-12T03:55:06Z,81.0,Charge 6
2025-11-12T03:55:08Z,82.0,Charge 6
2025-11-12T03:55:10Z,84.0,Charge 6
2025-11-12T03:55:12Z,83.0,Charge 6
2025-11-12T03:55:14Z,84.0,Charge 6
2025-11-12T03:55:16Z,82.0,Charge 6
2025-11-12T03:55:19Z,81.0,Charge 6
2025-11-12T03:55:22Z,81.0,Charge 6
2025-11-12T03:55:23Z,83.0,Charge 6
2025-11-12T03:55:25Z,84.0,Charge 6
2025-11-12T03:55:27Z,83.0,Charge 6
2025-11-12T03:55:29Z,84.0,Charge 6
2025-11-12T03:55:32Z,84.0,Charge 6
2025-11-12T03:55:35Z,85.0,Charge 6
2025-11-12T03:55:37Z,87.0,Charge 6
2025-11-12T03:55:39Z,88.0,Charge 6
2025-11-12T03:55:41Z,87.0,Charge 6
2025-11-12T03:55:42Z,86.0,Charge 6
2025-11-12T03:55:44Z,85.0,Charge 6
2025-11-12T03:55:46Z,86.0,Charge 6
2025-11-12T03:55:48Z,87.0,Charge 6
2025-11-12T03:55:50Z,89.0,Charge 6
2025-11-12T03:55:52Z,90.0,Charge 6
2025-11-12T03:55:55Z,90.0,Charge 6
2025-11-12T03:55:56Z,87.0,Charge 6
2025-11-12T03:55:58Z,85.0,Charge 6
2025-11-12T03:56:00Z,84.0,Charge 6
2025-11-12T03:56:02Z,82.0,Charge 6
2025-11-12T03:56:04Z,81.0,Charge 6
2025-11-12T03:56:05Z,82.0,Charge 6
2025-11-12T03:56:07Z,81.0,Charge 6
2025-11-12T03:56:10Z,81.0,Charge 6
2025-11-12T03:56:13Z,82.0,Charge 6
2025-11-12T03:56:16Z,82.0,Charge 6
2025-11-12T03:56:17Z,83.0,Charge 6
2025-11-12T03:56:19Z,88.0,Charge 6
2025-11-12T03:56:22Z,88.0,Charge 6
2025-11-12T03:56:25Z,88.0,Charge 6
2025-11-12T03:56:27Z,89.0,Charge 6
2025-11-12T03:56:30Z,87.0,Charge 6
2025-11-12T03:56:32Z,84.0,Charge 6
2025-11-12T03:56:34Z,83.0,Charge 6
2025-11-12T03:56:36Z,81.0,Charge 6
2025-11-12T03:56:39Z,81.0,Charge 6
2025-11-12T03:56:40Z,80.0,Charge 6
2025-11-12T03:56:43Z,80.0,Charge 6
2025-11-12T03:56:46Z,80.0,Charge 6
2025-11-12T03:56:49Z,80.0,Charge 6
2025-11-12T03:56:52Z,80.0,Charge 6
2025-11-12T03:56:53Z,81.0,Charge 6
2025-11-12T03:56:55Z,82.0,Charge 6
2025-11-12T03:56:58Z,82.0,Charge 6
2025-11-12T03:57:01Z,82.0,Charge 6
2025-11-12T03:57:03Z,82.0,Charge 6
2025-11-12T03:57:05Z,83.0,Charge 6
2025-11-12T03:57:07Z,84.0,Charge 6
2025-11-12T03:57:10Z,84.0,Charge 6
2025-11-12T03:57:11Z,82.0,Charge 6
2025-11-12T03:57:13Z,80.0,Charge 6
2025-11-12T03:57:16Z,80.0,Charge 6
2025-11-12T03:57:17Z,78.0,Charge 6
2025-11-12T03:57:18Z,78.0,Charge 6
2025-11-12T03:57:21Z,78.0,Charge 6
2025-11-12T03:57:22Z,79.0,Charge 6
2025-11-12T03:57:24Z,80.0,Charge 6
2025-11-12T03:57:26Z,81.0,Charge 6
2025-11-12T03:57:28Z,83.0,Charge 6
2025-11-12T03:57:30Z,84.0,Charge 6
2025-11-12T03:57:32Z,83.0,Charge 6
2025-11-12T03:57:34Z,84.0,Charge 6
2025-11-12T03:57:36Z,85.0,Charge 6
2025-11-12T03:57:38Z,86.0,Charge 6
2025-11-12T03:57:40Z,85.0,Charge 6
2025-11-12T03:57:43Z,86.0,Charge 6
2025-11-12T03:57:45Z,87.0,Charge 6
2025-11-12T03:57:47Z,88.0,Charge 6
2025-11-12T03:57:49Z,87.0,Charge 6
2025-11-12T03:57:51Z,86.0,Charge 6
2025-11-12T03:57:53Z,85.0,Charge 6
2025-11-12T03:57:55Z,84.0,Charge 6
2025-11-12T03:57:57Z,86.0,Charge 6
2025-11-12T03:57:59Z,85.0,Charge 6
2025-11-12T03:58:01Z,86.0,Charge 6
2025-11-12T03:58:03Z,87.0,Charge 6
2025-11-12T03:58:06Z,88.0,Charge 6
2025-11-12T03:58:09Z,88.0,Charge 6
2025-11-12T03:58:12Z,89.0,Charge 6
2025-11-12T03:58:14Z,92.0,Charge 6
2025-11-12T03:58:16Z,91.0,Charge 6
2025-11-12T03:58:18Z,95.0,Charge 6
2025-11-12T03:58:20Z,96.0,Charge 6
2025-11-12T03:58:22Z,95.0,Charge 6
2025-11-12T03:58:24Z,95.0,Charge 6
2025-11-12T03:58:26Z,93.0,Charge 6
2025-11-12T03:58:29Z,94.0,Charge 6
2025-11-12T03:58:31Z,95.0,Charge 6
2025-11-12T03:58:34Z,95.0,Charge 6
2025-11-12T03:58:35Z,96.0,Charge 6
2025-11-12T03:58:37Z,94.0,Charge 6
2025-11-12T03:58:39Z,93.0,Charge 6
2025-11-12T03:58:42Z,93.0,Charge 6
2025-11-12T03:58:43Z,94.0,Charge 6
2025-11-12T03:58:46Z,94.0,Charge 6
2025-11-12T03:58:49Z,93.0,Charge 6
2025-11-12T03:58:51Z,92.0,Charge 6
2025-11-12T03:58:54Z,93.0,Charge 6
2025-11-12T03:58:57Z,93.0,Charge 6
2025-11-12T03:58:58Z,94.0,Charge 6
2025-11-12T03:59:01Z,94.0,Charge 6
2025-11-12T03:59:02Z,90.0,Charge 6
2025-11-12T03:59:04Z,92.0,Charge 6
2025-11-12T03:59:06Z,94.0,Charge 6
2025-11-12T03:59:09Z,94.0,Charge 6
2025-11-12T03:59:10Z,92.0,Charge 6
2025-11-12T03:59:12Z,89.0,Charge 6
2025-11-12T03:59:14Z,88.0,Charge 6
2025-11-12T03:59:17Z,86.0,Charge 6
2025-11-12T03:59:19Z,84.0,Charge 6
2025-11-12T03:59:22Z,84.0,Charge 6
2025-11-12T03:59:23Z,84.0,Charge 6
2025-11-12T03:59:25Z,87.0,Charge 6
2025-11-12T03:59:27Z,89.0,Charge 6
2025-11-12T03:59:29Z,88.0,Charge 6
2025-11-12T03:59:31Z,87.0,Charge 6
2025-11-12T03:59:33Z,91.0,Charge 6
2025-11-12T03:59:35Z,92.0,Charge 6
2025-11-12T03:59:37Z,88.0,Charge 6
2025-11-12T03:59:39Z,84.0,Charge 6
2025-11-12T03:59:41Z,82.0,Charge 6
2025-11-12T03:59:42Z,84.0,Charge 6
2025-11-12T03:59:44Z,86.0,Charge 6
2025-11-12T03:59:47Z,86.0,Charge 6
2025-11-12T03:59:48Z,87.0,Charge 6
2025-11-12T03:59:50Z,86.0,Charge 6
2025-11-12T03:59:52Z,85.0,Charge 6
2025-11-12T03:59:55Z,85.0,Charge 6
2025-11-12T03:59:56Z,84.0,Charge 6
2025-11-12T03:59:59Z,84.0,Charge 6
2025-11-12T04:00:00Z,87.0,Charge 6
2025-11-12T04:00:02Z,88.0,Charge 6
2025-11-12T04:00:05Z,88.0,Charge 6
2025-11-12T04:00:08Z,88.0,Charge 6
2025-11-12T04:00:09Z,82.0,Charge 6
2025-11-12T04:00:11Z,80.0,Charge 6
2025-11-12T04:00:13Z,80.0,Charge 6
2025-11-12T04:00:15Z,79.0,Charge 6
2025-11-12T04:00:17Z,78.0,Charge 6
2025-11-12T04:00:20Z,78.0,Charge 6
2025-11-12T04:00:23Z,79.0,Charge 6
2025-11-12T04:00:25Z,80.0,Charge 6
2025-11-12T04:00:27Z,79.0,Charge 6
2025-11-12T04:00:29Z,78.0,Charge 6
2025-11-12T04:00:32Z,80.0,Charge 6
2025-11-12T04:00:34Z,82.0,Charge 6
2025-11-12T04:00:36Z,80.0,Charge 6
2025-11-12T04:00:38Z,79.0,Charge 6
2025-11-12T04:00:40Z,78.0,Charge 6
2025-11-12T04:00:42Z,79.0,Charge 6
2025-11-12T04:00:44Z,80.0,Charge 6
2025-11-12T04:00:47Z,80.0,Charge 6
2025-11-12T04:00:48Z,81.0,Charge 6
2025-11-12T04:00:51Z,81.0,Charge 6
2025-11-12T04:00:52Z,82.0,Charge 6
2025-11-12T04:00:53Z,83.0,Charge 6
2025-11-12T04:00:55Z,81.0,Charge 6
2025-11-12T04:00:58Z,81.0,Charge 6
2025-11-12T04:01:01Z,80.0,Charge 6
2025-11-12T04:01:03Z,78.0,Charge 6
2025-11-12T04:01:06Z,78.0,Charge 6
2025-11-12T04:01:09Z,78.0,Charge 6
2025-11-12T04:01:12Z,78.0,Charge 6
2025-11-12T04:01:13Z,76.0,Charge 6
2025-11-12T04:01:15Z,75.0,Charge 6
2025-11-12T04:01:17Z,76.0,Charge 6
2025-11-12T04:01:20Z,77.0,Charge 6
2025-11-12T04:01:23Z,77.0,Charge 6
2025-11-12T04:01:24Z,78.0,Charge 6
2025-11-12T04:01:26Z,79.0,Charge 6
2025-11-12T04:01:28Z,80.0,Charge 6
2025-11-12T04:01:31Z,80.0,Charge 6
2025-11-12T04:01:34Z,81.0,Charge 6
2025-11-12T04:01:36Z,82.0,Charge 6
2025-11-12T04:01:39Z,82.0,Charge 6
2025-11-12T04:01:40Z,80.0,Charge 6
2025-11-12T04:01:41Z,81.0,Charge 6
2025-11-12T04:01:44Z,81.0,Charge 6
2025-11-12T04:01:45Z,82.0,Charge 6
2025-11-12T04:01:47Z,81.0,Charge 6
2025-11-12T04:01:49Z,80.0,Charge 6
2025-11-12T04:01:52Z,80.0,Charge 6
2025-11-12T04:01:55Z,80.0,Charge 6
2025-11-12T04:01:57Z,79.0,Charge 6
2025-11-12T04:01:59Z,79.0,Charge 6
2025-11-12T04:02:01Z,80.0,Charge 6
2025-11-12T04:02:03Z,82.0,Charge 6
2025-11-12T04:02:05Z,84.0,Charge 6
2025-11-12T04:02:06Z,86.0,Charge 6
2025-11-12T04:02:08Z,88.0,Charge 6
2025-11-12T04:02:10Z,90.0,Charge 6
2025-11-12T04:02:13Z,90.0,Charge 6
2025-11-12T04:02:14Z,87.0,Charge 6
2025-11-12T04:02:16Z,86.0,Charge 6
2025-11-12T04:02:19Z,86.0,Charge 6
2025-11-12T04:02:20Z,84.0,Charge 6
2025-11-12T04:02:23Z,84.0,Charge 6
2025-11-12T04:02:24Z,86.0,Charge 6
2025-11-12T04:02:27Z,86.0,Charge 6
2025-11-12T04:02:28Z,85.0,Charge 6
2025-11-12T04:02:29Z,86.0,Charge 6
2025-11-12T04:02:32Z,86.0,Charge 6
2025-11-12T04:02:33Z,84.0,Charge 6
2025-11-12T04:02:36Z,84.0,Charge 6
2025-11-12T04:02:39Z,85.0,Charge 6
2025-11-12T04:02:41Z,89.0,Charge 6
2025-11-12T04:02:43Z,90.0,Charge 6
2025-11-12T04:02:46Z,90.0,Charge 6
2025-11-12T04:02:49Z,90.0,Charge 6
2025-11-12T04:02:51Z,88.0,Charge 6
2025-11-12T04:02:53Z,86.0,Charge 6
2025-11-12T04:02:56Z,85.0,Charge 6
2025-11-12T04:02:58Z,84.0,Charge 6
2025-11-12T04:03:00Z,86.0,Charge 6
2025-11-12T04:03:03Z,86.0,Charge 6
2025-11-12T04:03:06Z,84.0,Charge 6
2025-11-12T04:03:08Z,83.0,Charge 6
2025-11-12T04:03:10Z,84.0,Charge 6
2025-11-12T04:03:13Z,84.0,Charge 6
2025-11-12T04:03:14Z,82.0,Charge 6
2025-11-12T04:03:16Z,81.0,Charge 6
2025-11-12T04:03:19Z,81.0,Charge 6
2025-11-12T04:03:21Z,82.0,Charge 6
2025-11-12T04:03:24Z,82.0,Charge 6
2025-11-12T04:03:27Z,82.0,Charge 6
2025-11-12T04:03:30Z,82.0,Charge 6
2025-11-12T04:03:33Z,82.0,Charge 6
2025-11-12T04:03:36Z,82.0,Charge 6
2025-11-12T04:03:39Z,83.0,Charge 6
2025-11-12T04:03:41Z,85.0,Charge 6
2025-11-12T04:03:44Z,85.0,Charge 6
2025-11-12T04:03:46Z,86.0,Charge 6
2025-11-12T04:03:48Z,85.0,Charge 6
2025-11-12T04:03:51Z,85.0,Charge 6
2025-11-12T04:03:54Z,86.0,Charge 6
2025-11-12T04:03:56Z,90.0,Charge 6
2025-11-12T04:03:58Z,94.0,Charge 6
2025-11-12T04:04:00Z,97.0,Charge 6
2025-11-12T04:04:02Z,93.0,Charge 6
2025-11-12T04:04:04Z,88.0,Charge 6
2025-11-12T04:04:05Z,86.0,Charge 6
2025-11-12T04:04:07Z,84.0,Charge 6
2025-11-12T04:04:09Z,82.0,Charge 6
2025-11-12T04:04:12Z,82.0,Charge 6
2025-11-12T04:04:13Z,80.0,Charge 6
2025-11-12T04:04:15Z,81.0,Charge 6
2025-11-12T04:04:17Z,82.0,Charge 6
2025-11-12T04:04:19Z,81.0,Charge 6
2025-11-12T04:04:22Z,81.0,Charge 6
2025-11-12T04:04:23Z,82.0,Charge 6
2025-11-12T04:04:25Z,83.0,Charge 6
2025-11-12T04:04:27Z,84.0,Charge 6
2025-11-12T04:04:29Z,84.0,Charge 6
2025-11-12T04:04:30Z,83.0,Charge 6
2025-11-12T04:04:33Z,83.0,Charge 6
2025-11-12T04:04:36Z,83.0,Charge 6
2025-11-12T04:04:38Z,84.0,Charge 6
2025-11-12T04:04:40Z,86.0,Charge 6
2025-11-12T04:04:42Z,87.0,Charge 6
2025-11-12T04:04:44Z,86.0,Charge 6
2025-11-12T04:04:47Z,86.0,Charge 6
2025-11-12T04:04:50Z,88.0,Charge 6
2025-11-12T04:04:53Z,90.0,Charge 6
2025-11-12T04:04:55Z,91.0,Charge 6
2025-11-12T04:04:57Z,90.0,Charge 6
2025-11-12T04:05:00Z,90.0,Charge 6
2025-11-12T04:05:03Z,89.0,Charge 6
2025-11-12T04:05:05Z,90.0,Charge 6
2025-11-12T04:05:08Z,90.0,Charge 6
2025-11-12T04:05:09Z,88.0,Charge 6
2025-11-12T04:05:12Z,88.0,Charge 6
2025-11-12T04:05:13Z,90.0,Charge 6
2025-11-12T04:05:16Z,90.0,Charge 6
2025-11-12T04:05:17Z,91.0,Charge 6
2025-11-12T04:05:18Z,89.0,Charge 6
2025-11-12T04:05:21Z,89.0,Charge 6
2025-11-12T04:05:24Z,89.0,Charge 6
2025-11-12T04:05:27Z,89.0,Charge 6
2025-11-12T04:05:30Z,89.0,Charge 6
2025-11-12T04:05:32Z,87.0,Charge 6
2025-11-12T04:05:34Z,84.0,Charge 6
2025-11-12T04:05:36Z,83.0,Charge 6
2025-11-12T04:05:38Z,79.0,Charge 6
2025-11-12T04:05:40Z,73.0,Charge 6
2025-11-12T04:05:41Z,72.0,Charge 6
2025-11-12T04:05:43Z,71.0,Charge 6
2025-11-12T04:05:45Z,72.0,Charge 6
2025-11-12T04:05:47Z,75.0,Charge 6
2025-11-12T04:05:49Z,77.0,Charge 6
2025-11-12T04:05:51Z,82.0,Charge 6
2025-11-12T04:05:53Z,84.0,Charge 6
2025-11-12T04:05:55Z,86.0,Charge 6
2025-11-12T04:05:57Z,88.0,Charge 6
2025-11-12T04:05:59Z,87.0,Charge 6
2025-11-12T04:06:01Z,86.0,Charge 6
2025-11-12T04:06:04Z,86.0,Charge 6
2025-11-12T04:06:05Z,85.0,Charge 6
2025-11-12T04:06:08Z,87.0,Charge 6
2025-11-12T04:06:11Z,87.0,Charge 6
2025-11-12T04:06:14Z,86.0,Charge 6
2025-11-12T04:06:16Z,87.0,Charge 6
2025-11-12T04:06:19Z,87.0,Charge 6
2025-11-12T04:06:22Z,88.0,Charge 6
2025-11-12T04:06:24Z,89.0,Charge 6
2025-11-12T04:06:27Z,89.0,Charge 6
2025-11-12T04:06:28Z,90.0,Charge 6
2025-11-12T04:06:29Z,92.0,Charge 6
2025-11-12T04:06:31Z,94.0,Charge 6
2025-11-12T04:06:34Z,94.0,Charge 6
2025-11-12T04:06:37Z,93.0,Charge 6
2025-11-12T04:06:39Z,94.0,Charge 6
2025-11-12T04:06:41Z,95.0,Charge 6
2025-11-12T04:06:44Z,95.0,Charge 6
2025-11-12T04:06:47Z,95.0,Charge 6
2025-11-12T04:06:49Z,94.0,Charge 6
2025-11-12T04:06:51Z,97.0,Charge 6
2025-11-12T04:06:53Z,95.0,Charge 6
2025-11-12T04:06:54Z,94.0,Charge 6
2025-11-12T04:06:56Z,95.0,Charge 6
2025-11-12T04:06:58Z,92.0,Charge 6
2025-11-12T04:07:00Z,90.0,Charge 6
2025-11-12T04:07:02Z,92.0,Charge 6
2025-11-12T04:07:04Z,93.0,Charge 6
2025-11-12T04:07:06Z,92.0,Charge 6
2025-11-12T04:07:08Z,91.0,Charge 6
2025-11-12T04:07:10Z,90.0,Charge 6
2025-11-12T04:07:12Z,89.0,Charge 6
2025-11-12T04:07:14Z,91.0,Charge 6
2025-11-12T04:07:16Z,92.0,Charge 6
2025-11-12T04:07:17Z,90.0,Charge 6
2025-11-12T04:07:19Z,91.0,Charge 6
2025-11-12T04:07:22Z,91.0,Charge 6
2025-11-12T04:07:25Z,91.0,Charge 6
2025-11-12T04:07:27Z,92.0,Charge 6
2025-11-12T04:07:29Z,91.0,Charge 6
2025-11-12T04:07:32Z,91.0,Charge 6
2025-11-12T04:07:33Z,90.0,Charge 6
2025-11-12T04:07:36Z,90.0,Charge 6
2025-11-12T04:07:37Z,89.0,Charge 6
2025-11-12T04:07:40Z,89.0,Charge 6
2025-11-12T04:07:42Z,90.0,Charge 6
2025-11-12T04:07:44Z,91.0,Charge 6
2025-11-12T04:07:47Z,91.0,Charge 6
2025-11-12T04:07:48Z,93.0,Charge 6
2025-11-12T04:07:50Z,91.0,Charge 6
2025-11-12T04:07:53Z,91.0,Charge 6
2025-11-12T04:07:54Z,90.0,Charge 6
2025-11-12T04:07:56Z,89.0,Charge 6
2025-11-12T04:07:59Z,89.0,Charge 6
2025-11-12T04:08:00Z,90.0,Charge 6
2025-11-12T04:08:02Z,92.0,Charge 6
2025-11-12T04:08:05Z,92.0,Charge 6
2025-11-12T04:08:07Z,91.0,Charge 6
2025-11-12T04:08:09Z,92.0,Charge 6
2025-11-12T04:08:11Z,93.0,Charge 6
2025-11-12T04:08:13Z,94.0,Charge 6
2025-11-12T04:08:15Z,96.0,Charge 6
2025-11-12T04:08:18Z,96.0,Charge 6
2025-11-12T04:08:19Z,95.0,Charge 6
2025-11-12T04:08:22Z,95.0,Charge 6
2025-11-12T04:08:23Z,96.0,Charge 6
2025-11-12T04:08:26Z,96.0,Charge 6
2025-11-12T04:08:27Z,97.0,Charge 6
2025-11-12T04:08:29Z,94.0,Charge 6
2025-11-12T04:08:30Z,93.0,Charge 6
2025-11-12T04:08:32Z,92.0,Charge 6
2025-11-12T04:08:35Z,92.0,Charge 6
2025-11-12T04:08:36Z,90.0,Charge 6
2025-11-12T04:08:39Z,90.0,Charge 6
2025-11-12T04:08:40Z,91.0,Charge 6
2025-11-12T04:08:43Z,91.0,Charge 6
2025-11-12T04:08:44Z,90.0,Charge 6
2025-11-12T04:08:46Z,89.0,Charge 6
2025-11-12T04:08:49Z,89.0,Charge 6
2025-11-12T04:08:52Z,88.0,Charge 6
2025-11-12T04:08:53Z,86.0,Charge 6
2025-11-12T04:08:56Z,86.0,Charge 6
2025-11-12T04:08:57Z,94.0,Charge 6
2025-11-12T04:08:59Z,95.0,Charge 6
2025-11-12T04:09:01Z,90.0,Charge 6
2025-11-12T04:09:03Z,84.0,Charge 6
2025-11-12T04:09:05Z,79.0,Charge 6
2025-11-12T04:09:08Z,79.0,Charge 6
2025-11-12T04:09:11Z,81.0,Charge 6
2025-11-12T04:09:13Z,82.0,Charge 6
2025-11-12T04:09:15Z,83.0,Charge 6
2025-11-12T04:09:17Z,84.0,Charge 6
2025-11-12T04:09:18Z,83.0,Charge 6
2025-11-12T04:09:20Z,81.0,Charge 6
2025-11-12T04:09:23Z,82.0,Charge 6
2025-11-12T04:09:25Z,81.0,Charge 6
2025-11-12T04:09:27Z,82.0,Charge 6
2025-11-12T04:09:30Z,82.0,Charge 6
2025-11-12T04:09:31Z,80.0,Charge 6
2025-11-12T04:09:33Z,85.0,Charge 6
2025-11-12T04:09:35Z,89.0,Charge 6
2025-11-12T04:09:37Z,88.0,Charge 6
2025-11-12T04:09:40Z,88.0,Charge 6
2025-11-12T04:09:43Z,88.0,Charge 6
2025-11-12T04:09:46Z,87.0,Charge 6
2025-11-12T04:09:48Z,86.0,Charge 6
2025-11-12T04:09:51Z,86.0,Charge 6
2025-11-12T04:09:54Z,86.0,Charge 6
2025-11-12T04:09:56Z,87.0,Charge 6
2025-11-12T04:09:58Z,88.0,Charge 6
2025-11-12T04:10:01Z,88.0,Charge 6
2025-11-12T04:10:02Z,87.0,Charge 6
2025-11-12T04:10:04Z,89.0,Charge 6
2025-11-12T04:10:06Z,91.0,Charge 6
2025-11-12T04:10:08Z,90.0,Charge 6
2025-11-12T04:10:09Z,89.0,Charge 6
2025-11-12T04:10:11Z,88.0,Charge 6
2025-11-12T04:10:13Z,86.0,Charge 6
2025-11-12T04:10:15Z,85.0,Charge 6
2025-11-12T04:10:18Z,85.0,Charge 6
2025-11-12T04:10:19Z,83.0,Charge 6
2025-11-12T04:10:21Z,82.0,Charge 6
2025-11-12T04:10:24Z,82.0,Charge 6
2025-11-12T04:10:27Z,83.0,Charge 6
2025-11-12T04:10:30Z,83.0,Charge 6
2025-11-12T04:10:31Z,84.0,Charge 6
2025-11-12T04:10:33Z,83.0,Charge 6
2025-11-12T04:10:34Z,81.0,Charge 6
2025-11-12T04:10:37Z,81.0,Charge 6
2025-11-12T04:10:40Z,81.0,Charge 6
2025-11-12T04:10:42Z,82.0,Charge 6
2025-11-12T04:10:44Z,84.0,Charge 6
2025-11-12T04:10:46Z,85.0,Charge 6
2025-11-12T04:10:48Z,84.0,Charge 6
2025-11-12T04:10:51Z,84.0,Charge 6
2025-11-12T04:10:52Z,82.0,Charge 6
2025-11-12T04:10:54Z,81.0,Charge 6
2025-11-12T04:10:56Z,79.0,Charge 6
2025-11-12T04:10:57Z,80.0,Charge 6
2025-11-12T04:10:59Z,81.0,Charge 6
2025-11-12T04:11:01Z,80.0,Charge 6
2025-11-12T04:11:03Z,79.0,Charge 6
2025-11-12T04:11:05Z,80.0,Charge 6
2025-11-12T04:11:07Z,82.0,Charge 6
2025-11-12T04:11:09Z,81.0,Charge 6
2025-11-12T04:11:12Z,81.0,Charge 6
2025-11-12T04:11:13Z,82.0,Charge 6
2025-11-12T04:11:15Z,81.0,Charge 6
2025-11-12T04:11:17Z,79.0,Charge 6
2025-11-12T04:11:19Z,80.0,Charge 6
2025-11-12T04:11:21Z,81.0,Charge 6
2025-11-12T04:11:22Z,82.0,Charge 6
2025-11-12T04:11:24Z,82.0,Charge 6
2025-11-12T04:11:26Z,80.0,Charge 6
2025-11-12T04:11:28Z,79.0,Charge 6
2025-11-12T04:11:30Z,78.0,Charge 6
2025-11-12T04:11:32Z,77.0,Charge 6
2025-11-12T04:11:34Z,76.0,Charge 6
2025-11-12T04:11:37Z,76.0,Charge 6
2025-11-12T04:11:38Z,75.0,Charge 6
2025-11-12T04:11:40Z,74.0,Charge 6
2025-11-12T04:11:42Z,75.0,Charge 6
2025-11-12T04:11:44Z,76.0,Charge 6
2025-11-12T04:11:47Z,77.0,Charge 6
2025-11-12T04:11:49Z,78.0,Charge 6
2025-11-12T04:11:52Z,78.0,Charge 6
2025-11-12T04:11:53Z,78.0,Charge 6
2025-11-12T04:11:55Z,76.0,Charge 6
2025-11-12T04:11:57Z,76.0,Charge 6
2025-11-12T04:12:00Z,76.0,Charge 6
2025-11-12T04:12:03Z,76.0,Charge 6
2025-11-12T04:12:06Z,76.0,Charge 6
2025-11-12T04:12:07Z,75.0,Charge 6
2025-11-12T04:12:09Z,74.0,Charge 6
2025-11-12T04:12:12Z,74.0,Charge 6
2025-11-12T04:12:15Z,74.0,Charge 6
2025-11-12T04:12:18Z,75.0,Charge 6
2025-11-12T04:12:21Z,75.0,Charge 6
2025-11-12T04:12:22Z,76.0,Charge 6
2025-11-12T04:12:24Z,77.0,Charge 6
2025-11-12T04:12:26Z,78.0,Charge 6
2025-11-12T04:12:29Z,78.0,Charge 6
2025-11-12T04:12:30Z,77.0,Charge 6
2025-11-12T04:12:32Z,76.0,Charge 6
2025-11-12T04:12:35Z,76.0,Charge 6
2025-11-12T04:12:37Z,74.0,Charge 6
2025-11-12T04:12:40Z,74.0,Charge 6
2025-11-12T04:12:43Z,74.0,Charge 6
2025-11-12T04:12:46Z,74.0,Charge 6
2025-11-12T04:12:47Z,74.0,Charge 6
2025-11-12T04:12:50Z,74.0,Charge 6
2025-11-12T04:12:53Z,75.0,Charge 6
2025-11-12T04:12:56Z,75.0,Charge 6
2025-11-12T04:12:57Z,74.0,Charge 6
2025-11-12T04:13:00Z,74.0,Charge 6
2025-11-12T04:13:02Z,76.0,Charge 6
2025-11-12T04:13:05Z,76.0,Charge 6
2025-11-12T04:13:08Z,76.0,Charge 6
2025-11-12T04:13:10Z,76.0,Charge 6
2025-11-12T04:13:13Z,76.0,Charge 6
2025-11-12T04:13:14Z,75.0,Charge 6
2025-11-12T04:13:17Z,75.0,Charge 6
2025-11-12T04:13:20Z,76.0,Charge 6
2025-11-12T04:13:23Z,75.0,Charge 6
2025-11-12T04:13:25Z,77.0,Charge 6
2025-11-12T04:13:27Z,78.0,Charge 6
2025-11-12T04:13:29Z,79.0,Charge 6
2025-11-12T04:13:32Z,79.0,Charge 6
2025-11-12T04:13:33Z,78.0,Charge 6
2025-11-12T04:13:36Z,78.0,Charge 6
2025-11-12T04:13:39Z,76.0,Charge 6
2025-11-12T04:13:42Z,76.0,Charge 6
2025-11-12T04:13:43Z,76.0,Charge 6
2025-11-12T04:13:46Z,78.0,Charge 6
2025-11-12T04:13:48Z,78.0,Charge 6
2025-11-12T04:13:51Z,78.0,Charge 6
2025-11-12T04:13:52Z,77.0,Charge 6
2025-11-12T04:13:54Z,76.0,Charge 6
2025-11-12T04:13:57Z,76.0,Charge 6
2025-11-12T04:14:00Z,74.0,Charge 6
2025-11-12T04:14:02Z,74.0,Charge 6
2025-11-12T04:14:05Z,74.0,Charge 6
2025-11-12T04:14:06Z,75.0,Charge 6
2025-11-12T04:14:08Z,76.0,Charge 6
2025-11-12T04:14:09Z,78.0,Charge 6
2025-11-12T04:14:12Z,78.0,Charge 6
2025-11-12T04:14:13Z,75.0,Charge 6
2025-11-12T04:14:16Z,75.0,Charge 6
2025-11-12T04:14:17Z,74.0,Charge 6
2025-11-12T04:14:20Z,74.0,Charge 6
2025-11-12T04:14:21Z,75.0,Charge 6
2025-11-12T04:14:23Z,74.0,Charge 6
2025-11-12T04:14:25Z,75.0,Charge 6
2025-11-12T04:14:28Z,75.0,Charge 6
2025-11-12T04:14:29Z,74.0,Charge 6
2025-11-12T04:14:32Z,74.0,Charge 6
2025-11-12T04:14:33Z,75.0,Charge 6
2025-11-12T04:14:34Z,76.0,Charge 6
2025-11-12T04:14:37Z,76.0,Charge 6
2025-11-12T04:14:38Z,76.0,Charge 6
2025-11-12T04:14:40Z,76.0,Charge 6
2025-11-12T04:14:42Z,78.0,Charge 6
2025-11-12T04:14:45Z,78.0,Charge 6
2025-11-12T04:14:48Z,78.0,Charge 6
2025-11-12T04:14:50Z,77.0,Charge 6
2025-11-12T04:14:52Z,78.0,Charge 6
2025-11-12T04:14:55Z,78.0,Charge 6
2025-11-12T04:14:56Z,78.0,Charge 6
2025-11-12T04:14:59Z,78.0,Charge 6
2025-11-12T04:15:01Z,77.0,Charge 6
2025-11-12T04:15:04Z,77.0,Charge 6
2025-11-12T04:15:07Z,78.0,Charge 6
2025-11-12T04:15:09Z,77.0,Charge 6
2025-11-12T04:15:12Z,77.0,Charge 6
2025-11-12T04:15:15Z,76.0,Charge 6
2025-11-12T04:15:18Z,76.0,Charge 6
2025-11-12T04:15:19Z,75.0,Charge 6
2025-11-12T04:15:21Z,74.0,Charge 6
2025-11-12T04:15:24Z,74.0,Charge 6
2025-11-12T04:15:26Z,75.0,Charge 6
2025-11-12T04:15:29Z,75.0,Charge 6
2025-11-12T04:15:30Z,76.0,Charge 6
2025-11-12T04:15:33Z,76.0,Charge 6
2025-11-12T04:15:34Z,76.0,Charge 6
2025-11-12T04:15:37Z,76.0,Charge 6
2025-11-12T04:15:40Z,76.0,Charge 6
2025-11-12T04:15:42Z,76.0,Charge 6
2025-11-12T04:15:45Z,76.0,Charge 6
2025-11-12T04:15:48Z,76.0,Charge 6
2025-11-12T04:15:51Z,74.0,Charge 6
2025-11-12T04:15:53Z,75.0,Charge 6
2025-11-12T04:15:55Z,76.0,Charge 6
2025-11-12T04:15:58Z,76.0,Charge 6
2025-11-12T04:15:59Z,78.0,Charge 6
2025-11-12T04:16:01Z,82.0,Charge 6
2025-11-12T04:16:03Z,83.0,Charge 6
2025-11-12T04:16:05Z,84.0,Charge 6
2025-11-12T04:16:07Z,82.0,Charge 6
2025-11-12T04:16:09Z,81.0,Charge 6
2025-11-12T04:16:10Z,82.0,Charge 6
2025-11-12T04:16:13Z,82.0,Charge 6
2025-11-12T04:16:14Z,83.0,Charge 6
2025-11-12T04:16:16Z,84.0,Charge 6
2025-11-12T04:16:19Z,84.0,Charge 6
2025-11-12T04:16:20Z,85.0,Charge 6
2025-11-12T04:16:22Z,87.0,Charge 6
2025-11-12T04:16:24Z,88.0,Charge 6
2025-11-12T04:16:26Z,86.0,Charge 6
2025-11-12T04:16:28Z,85.0,Charge 6
2025-11-12T04:16:30Z,82.0,Charge 6
2025-11-12T04:16:32Z,81.0,Charge 6
2025-11-12T04:16:35Z,80.0,Charge 6
2025-11-12T04:16:38Z,80.0,Charge 6
2025-11-12T04:16:41Z,80.0,Charge 6
2025-11-12T04:16:43Z,79.0,Charge 6
2025-11-12T04:16:45Z,77.0,Charge 6
2025-11-12T04:16:47Z,76.0,Charge 6
2025-11-12T04:16:50Z,76.0,Charge 6
2025-11-12T04:16:53Z,75.0,Charge 6
2025-11-12T04:16:55Z,74.0,Charge 6
2025-11-12T04:16:58Z,73.0,Charge 6
2025-11-12T04:17:00Z,72.0,Charge 6
2025-11-12T04:17:02Z,72.0,Charge 6
2025-11-12T04:17:04Z,73.0,Charge 6
2025-11-12T04:17:06Z,74.0,Charge 6
2025-11-12T04:17:09Z,74.0,Charge 6
2025-11-12T04:17:12Z,74.0,Charge 6
2025-11-12T04:17:14Z,73.0,Charge 6
2025-11-12T04:17:17Z,73.0,Charge 6
2025-11-12T04:17:20Z,74.0,Charge 6
2025-11-12T04:17:23Z,74.0,Charge 6
2025-11-12T04:17:25Z,75.0,Charge 6
2025-11-12T04:17:28Z,75.0,Charge 6
2025-11-12T04:17:29Z,75.0,Charge 6
2025-11-12T04:17:31Z,76.0,Charge 6
2025-11-12T04:17:33Z,76.0,Charge 6
2025-11-12T04:17:36Z,76.0,Charge 6
2025-11-12T04:17:39Z,76.0,Charge 6
2025-11-12T04:17:41Z,77.0,Charge 6
2025-11-12T04:17:43Z,76.0,Charge 6
2025-11-12T04:17:46Z,76.0,Charge 6
2025-11-12T04:17:49Z,76.0,Charge 6
2025-11-12T04:17:50Z,77.0,Charge 6
2025-11-12T04:17:52Z,76.0,Charge 6
2025-11-12T04:17:54Z,75.0,Charge 6
2025-11-12T04:17:57Z,75.0,Charge 6
2025-11-12T04:17:58Z,74.0,Charge 6
2025-11-12T04:18:00Z,75.0,Charge 6
2025-11-12T04:18:02Z,74.0,Charge 6
2025-11-12T04:18:05Z,74.0,Charge 6
2025-11-12T04:18:08Z,74.0,Charge 6
2025-11-12T04:18:09Z,75.0,Charge 6
2025-11-12T04:18:11Z,76.0,Charge 6
2025-11-12T04:18:13Z,77.0,Charge 6
2025-11-12T04:18:15Z,80.0,Charge 6
2025-11-12T04:18:17Z,82.0,Charge 6
2025-11-12T04:18:19Z,83.0,Charge 6
2025-11-12T04:18:22Z,83.0,Charge 6
2025-11-12T04:18:23Z,80.0,Charge 6
2025-11-12T04:18:25Z,76.0,Charge 6
2025-11-12T04:18:27Z,74.0,Charge 6
2025-11-12T04:18:30Z,74.0,Charge 6
2025-11-12T04:18:33Z,72.0,Charge 6
2025-11-12T04:18:36Z,71.0,Charge 6
2025-11-12T04:18:39Z,71.0,Charge 6
2025-11-12T04:18:40Z,70.0,Charge 6
2025-11-12T04:18:43Z,70.0,Charge 6
2025-11-12T04:18:46Z,70.0,Charge 6
2025-11-12T04:18:48Z,72.0,Charge 6
2025-11-12T04:18:50Z,72.0,Charge 6
2025-11-12T04:18:53Z,72.0,Charge 6
2025-11-12T04:18:56Z,72.0,Charge 6
2025-11-12T04:18:57Z,71.0,Charge 6
2025-11-12T04:18:59Z,72.0,Charge 6
2025-11-12T04:19:02Z,72.0,Charge 6
2025-11-12T04:19:03Z,75.0,Charge 6
2025-11-12T04:19:05Z,76.0,Charge 6
2025-11-12T04:19:07Z,75.0,Charge 6
2025-11-12T04:19:09Z,75.0,Charge 6
2025-11-12T04:19:12Z,75.0,Charge 6
2025-11-12T04:19:15Z,75.0,Charge 6
2025-11-12T04:19:18Z,75.0,Charge 6
2025-11-12T04:19:21Z,75.0,Charge 6
2025-11-12T04:19:22Z,76.0,Charge 6
2025-11-12T04:19:24Z,78.0,Charge 6
2025-11-12T04:19:26Z,78.0,Charge 6
2025-11-12T04:19:28Z,80.0,Charge 6
2025-11-12T04:19:30Z,81.0,Charge 6
2025-11-12T04:19:32Z,82.0,Charge 6
2025-11-12T04:19:35Z,82.0,Charge 6
2025-11-12T04:19:38Z,82.0,Charge 6
2025-11-12T04:19:41Z,82.0,Charge 6
2025-11-12T04:19:44Z,83.0,Charge 6
2025-11-12T04:19:47Z,82.0,Charge 6
2025-11-12T04:19:49Z,81.0,Charge 6
2025-11-12T04:19:51Z,82.0,Charge 6
2025-11-12T04:19:54Z,82.0,Charge 6
2025-11-12T04:19:55Z,80.0,Charge 6
2025-11-12T04:19:58Z,80.0,Charge 6
2025-11-12T04:19:59Z,80.0,Charge 6
2025-11-12T04:20:01Z,80.0,Charge 6
2025-11-12T04:20:04Z,80.0,Charge 6
2025-11-12T04:20:05Z,80.0,Charge 6
2025-11-12T04:20:07Z,78.0,Charge 6
2025-11-12T04:20:10Z,77.0,Charge 6
2025-11-12T04:20:12Z,76.0,Charge 6
2025-11-12T04:20:14Z,76.0,Charge 6
2025-11-12T04:20:17Z,76.0,Charge 6
2025-11-12T04:20:20Z,77.0,Charge 6
2025-11-12T04:20:22Z,78.0,Charge 6
2025-11-12T04:20:24Z,78.0,Charge 6
2025-11-12T04:20:26Z,80.0,Charge 6
2025-11-12T04:20:28Z,81.0,Charge 6
2025-11-12T04:20:30Z,79.0,Charge 6
2025-11-12T04:20:32Z,77.0,Charge 6
2025-11-12T04:20:33Z,76.0,Charge 6
2025-11-12T04:20:35Z,75.0,Charge 6
2025-11-12T04:20:38Z,75.0,Charge 6
2025-11-12T04:20:39Z,74.0,Charge 6
2025-11-12T04:20:42Z,74.0,Charge 6
2025-11-12T04:20:45Z,75.0,Charge 6
2025-11-12T04:20:47Z,76.0,Charge 6
2025-11-12T04:20:50Z,76.0,Charge 6
2025-11-12T04:20:53Z,76.0,Charge 6
2025-11-12T04:20:56Z,76.0,Charge 6
2025-11-12T04:20:58Z,77.0,Charge 6
2025-11-12T04:21:00Z,78.0,Charge 6
2025-11-12T04:21:02Z,80.0,Charge 6
2025-11-12T04:21:04Z,79.0,Charge 6
2025-11-12T04:21:06Z,79.0,Charge 6
2025-11-12T04:21:08Z,76.0,Charge 6
2025-11-12T04:21:10Z,75.0,Charge 6
2025-11-12T04:21:13Z,75.0,Charge 6
2025-11-12T04:21:14Z,74.0,Charge 6
2025-11-12T04:21:17Z,74.0,Charge 6
2025-11-12T04:21:18Z,73.0,Charge 6
2025-11-12T04:21:20Z,74.0,Charge 6
2025-11-12T04:21:23Z,74.0,Charge 6
2025-11-12T04:21:26Z,74.0,Charge 6
2025-11-12T04:21:27Z,75.0,Charge 6
2025-11-12T04:21:29Z,76.0,Charge 6
2025-11-12T04:21:31Z,77.0,Charge 6
2025-11-12T04:21:34Z,77.0,Charge 6
2025-11-12T04:21:35Z,76.0,Charge 6
2025-11-12T04:21:37Z,75.0,Charge 6
2025-11-12T04:21:40Z,75.0,Charge 6
2025-11-12T04:21:41Z,74.0,Charge 6
2025-11-12T04:21:44Z,74.0,Charge 6
2025-11-12T04:21:46Z,76.0,Charge 6
2025-11-12T04:21:48Z,78.0,Charge 6
2025-11-12T04:21:51Z,78.0,Charge 6
2025-11-12T04:21:54Z,77.0,Charge 6
2025-11-12T04:21:56Z,76.0,Charge 6
2025-11-12T04:21:59Z,76.0,Charge 6
2025-11-12T04:22:02Z,75.0,Charge 6
2025-11-12T04:22:04Z,74.0,Charge 6
2025-11-12T04:22:06Z,74.0,Charge 6
2025-11-12T04:22:09Z,74.0,Charge 6
2025-11-12T04:22:11Z,75.0,Charge 6
2025-11-12T04:22:14Z,75.0,Charge 6
2025-11-12T04:22:15Z,76.0,Charge 6
2025-11-12T04:22:18Z,76.0,Charge 6
2025-11-12T04:22:21Z,76.0,Charge 6
2025-11-12T04:22:24Z,76.0,Charge 6
2025-11-12T04:22:27Z,76.0,Charge 6
2025-11-12T04:22:29Z,77.0,Charge 6
2025-11-12T04:22:31Z,78.0,Charge 6
2025-11-12T04:22:33Z,79.0,Charge 6
2025-11-12T04:22:34Z,80.0,Charge 6
2025-11-12T04:22:36Z,82.0,Charge 6
2025-11-12T04:22:38Z,85.0,Charge 6
2025-11-12T04:22:41Z,85.0,Charge 6
2025-11-12T04:22:42Z,85.0,Charge 6
2025-11-12T04:22:45Z,85.0,Charge 6
2025-11-12T04:22:46Z,82.0,Charge 6
2025-11-12T04:22:48Z,80.0,Charge 6
2025-11-12T04:22:50Z,79.0,Charge 6
2025-11-12T04:22:52Z,77.0,Charge 6
2025-11-12T04:22:54Z,76.0,Charge 6
2025-11-12T04:22:57Z,74.0,Charge 6
2025-11-12T04:22:59Z,73.0,Charge 6
2025-11-12T04:23:01Z,72.0,Charge 6
2025-11-12T04:23:04Z,72.0,Charge 6
2025-11-12T04:23:05Z,72.0,Charge 6
2025-11-12T04:23:08Z,72.0,Charge 6
2025-11-12T04:23:11Z,71.0,Charge 6
2025-11-12T04:23:13Z,72.0,Charge 6
2025-11-12T04:23:16Z,72.0,Charge 6
2025-11-12T04:23:19Z,73.0,Charge 6
2025-11-12T04:23:21Z,75.0,Charge 6
2025-11-12T04:23:22Z,76.0,Charge 6
2025-11-12T04:23:25Z,76.0,Charge 6
2025-11-12T04:23:26Z,77.0,Charge 6
2025-11-12T04:23:28Z,78.0,Charge 6
2025-11-12T04:23:30Z,79.0,Charge 6
2025-11-12T04:23:32Z,80.0,Charge 6
2025-11-12T04:23:34Z,80.0,Charge 6
2025-11-12T04:23:36Z,78.0,Charge 6
2025-11-12T04:23:38Z,78.0,Charge 6
2025-11-12T04:23:40Z,76.0,Charge 6
2025-11-12T04:23:42Z,75.0,Charge 6
2025-11-12T04:23:44Z,74.0,Charge 6
2025-11-12T04:23:47Z,73.0,Charge 6
2025-11-12T04:23:50Z,73.0,Charge 6
2025-11-12T04:23:51Z,73.0,Charge 6
2025-11-12T04:23:54Z,73.0,Charge 6
2025-11-12T04:23:55Z,74.0,Charge 6
2025-11-12T04:23:58Z,74.0,Charge 6
2025-11-12T04:24:01Z,74.0,Charge 6
2025-11-12T04:24:04Z,74.0,Charge 6
2025-11-12T04:24:05Z,74.0,Charge 6
2025-11-12T04:24:08Z,74.0,Charge 6
2025-11-12T04:24:11Z,74.0,Charge 6
2025-11-12T04:24:12Z,75.0,Charge 6
2025-11-12T04:24:14Z,75.0,Charge 6
2025-11-12T04:24:17Z,75.0,Charge 6
2025-11-12T04:24:18Z,76.0,Charge 6
2025-11-12T04:24:21Z,76.0,Charge 6
2025-11-12T04:24:24Z,76.0,Charge 6
2025-11-12T04:24:26Z,77.0,Charge 6
2025-11-12T04:24:29Z,77.0,Charge 6
2025-11-12T04:24:30Z,76.0,Charge 6
2025-11-12T04:24:32Z,74.0,Charge 6
2025-11-12T04:24:33Z,73.0,Charge 6
2025-11-12T04:24:35Z,72.0,Charge 6
2025-11-12T04:24:37Z,70.0,Charge 6
2025-11-12T04:24:39Z,71.0,Charge 6
2025-11-12T04:24:41Z,70.0,Charge 6
2025-11-12T04:24:44Z,70.0,Charge 6
2025-11-12T04:24:47Z,71.0,Charge 6
2025-11-12T04:24:50Z,71.0,Charge 6
2025-11-12T04:24:53Z,70.0,Charge 6
2025-11-12T04:24:56Z,70.0,Charge 6
2025-11-12T04:24:59Z,70.0,Charge 6
2025-11-12T04:25:02Z,71.0,Charge 6
2025-11-12T04:25:04Z,72.0,Charge 6
2025-11-12T04:25:06Z,72.0,Charge 6
2025-11-12T04:25:08Z,73.0,Charge 6
2025-11-12T04:25:10Z,74.0,Charge 6
2025-11-12T04:25:12Z,74.0,Charge 6
2025-11-12T04:25:14Z,75.0,Charge 6
2025-11-12T04:25:16Z,76.0,Charge 6
2025-11-12T04:25:18Z,75.0,Charge 6
2025-11-12T04:25:19Z,74.0,Charge 6
2025-11-12T04:25:22Z,74.0,Charge 6
2025-11-12T04:25:23Z,74.0,Charge 6
2025-11-12T04:25:26Z,74.0,Charge 6
2025-11-12T04:25:27Z,75.0,Charge 6
2025-11-12T04:25:30Z,75.0,Charge 6
2025-11-12T04:25:33Z,74.0,Charge 6
2025-11-12T04:25:35Z,76.0,Charge 6
2025-11-12T04:25:38Z,76.0,Charge 6
2025-11-12T04:25:39Z,74.0,Charge 6
2025-11-12T04:25:41Z,72.0,Charge 6
2025-11-12T04:25:42Z,71.0,Charge 6
2025-11-12T04:25:44Z,70.0,Charge 6
2025-11-12T04:25:46Z,70.0,Charge 6
2025-11-12T04:25:49Z,70.0,Charge 6
2025-11-12T04:25:52Z,70.0,Charge 6
2025-11-12T04:25:55Z,70.0,Charge 6
2025-11-12T04:25:56Z,70.0,Charge 6
2025-11-12T04:25:58Z,70.0,Charge 6
2025-11-12T04:26:00Z,71.0,Charge 6
2025-11-12T04:26:03Z,71.0,Charge 6
2025-11-12T04:26:04Z,72.0,Charge 6
2025-11-12T04:26:07Z,72.0,Charge 6
2025-11-12T04:26:10Z,72.0,Charge 6
2025-11-12T04:26:11Z,73.0,Charge 6
2025-11-12T04:26:14Z,73.0,Charge 6
2025-11-12T04:26:15Z,74.0,Charge 6
2025-11-12T04:26:17Z,74.0,Charge 6
2025-11-12T04:26:19Z,73.0,Charge 6
2025-11-12T04:26:21Z,73.0,Charge 6
2025-11-12T04:26:23Z,73.0,Charge 6
2025-11-12T04:26:25Z,74.0,Charge 6
2025-11-12T04:26:27Z,74.0,Charge 6
2025-11-12T04:26:29Z,73.0,Charge 6
2025-11-12T04:26:30Z,74.0,Charge 6
2025-11-12T04:26:33Z,74.0,Charge 6
2025-11-12T04:26:34Z,73.0,Charge 6
2025-11-12T04:26:36Z,72.0,Charge 6
2025-11-12T04:26:38Z,72.0,Charge 6
2025-11-12T04:26:41Z,72.0,Charge 6
2025-11-12T04:26:44Z,72.0,Charge 6
2025-11-12T04:26:47Z,72.0,Charge 6
2025-11-12T04:26:50Z,72.0,Charge 6
2025-11-12T04:26:53Z,72.0,Charge 6
2025-11-12T04:26:54Z,73.0,Charge 6
2025-11-12T04:26:55Z,74.0,Charge 6
2025-11-12T04:26:57Z,73.0,Charge 6
2025-11-12T04:26:59Z,72.0,Charge 6
2025-11-12T04:27:01Z,72.0,Charge 6
2025-11-12T04:27:03Z,72.0,Charge 6
2025-11-12T04:27:05Z,73.0,Charge 6
2025-11-12T04:27:07Z,74.0,Charge 6
2025-11-12T04:27:09Z,76.0,Charge 6
2025-11-12T04:27:11Z,78.0,Charge 6
2025-11-12T04:27:13Z,79.0,Charge 6
2025-11-12T04:27:15Z,80.0,Charge 6
2025-11-12T04:27:17Z,79.0,Charge 6
2025-11-12T04:27:18Z,75.0,Charge 6
2025-11-12T04:27:20Z,74.0,Charge 6
2025-11-12T04:27:22Z,72.0,Charge 6
2025-11-12T04:27:24Z,71.0,Charge 6
2025-11-12T04:27:26Z,70.0,Charge 6
2025-11-12T04:27:29Z,70.0,Charge 6
2025-11-12T04:27:32Z,70.0,Charge 6
2025-11-12T04:27:35Z,70.0,Charge 6
2025-11-12T04:27:36Z,72.0,Charge 6
2025-11-12T04:27:39Z,72.0,Charge 6
2025-11-12T04:27:42Z,72.0,Charge 6
2025-11-12T04:27:45Z,73.0,Charge 6
2025-11-12T04:27:47Z,74.0,Charge 6
2025-11-12T04:27:49Z,75.0,Charge 6
2025-11-12T04:27:52Z,75.0,Charge 6
2025-11-12T04:27:55Z,76.0,Charge 6
2025-11-12T04:27:58Z,76.0,Charge 6
2025-11-12T04:27:59Z,74.0,Charge 6
2025-11-12T04:28:01Z,74.0,Charge 6
2025-11-12T04:28:04Z,74.0,Charge 6
2025-11-12T04:28:05Z,73.0,Charge 6
2025-11-12T04:28:06Z,73.0,Charge 6
2025-11-12T04:28:08Z,73.0,Charge 6
2025-11-12T04:28:11Z,73.0,Charge 6
2025-11-12T04:28:14Z,73.0,Charge 6
2025-11-12T04:28:17Z,73.0,Charge 6
2025-11-12T04:28:20Z,73.0,Charge 6
2025-11-12T04:28:22Z,74.0,Charge 6
2025-11-12T04:28:25Z,74.0,Charge 6
2025-11-12T04:28:28Z,74.0,Charge 6
2025-11-12T04:28:31Z,74.0,Charge 6
2025-11-12T04:28:34Z,74.0,Charge 6
2025-11-12T04:28:37Z,74.0,Charge 6
2025-11-12T04:28:39Z,76.0,Charge 6
2025-11-12T04:28:41Z,77.0,Charge 6
2025-11-12T04:28:43Z,79.0,Charge 6
2025-11-12T04:28:45Z,81.0,Charge 6
2025-11-12T04:28:47Z,82.0,Charge 6
2025-11-12T04:28:50Z,82.0,Charge 6
2025-11-12T04:28:51Z,80.0,Charge 6
2025-11-12T04:28:54Z,80.0,Charge 6
2025-11-12T04:28:56Z,78.0,Charge 6
2025-11-12T04:28:59Z,78.0,Charge 6
2025-11-12T04:29:00Z,80.0,Charge 6
2025-11-12T04:29:03Z,80.0,Charge 6
2025-11-12T04:29:04Z,83.0,Charge 6
2025-11-12T04:29:06Z,85.0,Charge 6
2025-11-12T04:29:08Z,81.0,Charge 6
2025-11-12T04:29:10Z,79.0,Charge 6
2025-11-12T04:29:12Z,78.0,Charge 6
2025-11-12T04:29:15Z,78.0,Charge 6
2025-11-12T04:29:16Z,77.0,Charge 6
2025-11-12T04:29:18Z,75.0,Charge 6
2025-11-12T04:29:19Z,74.0,Charge 6
2025-11-12T04:29:21Z,73.0,Charge 6
2025-11-12T04:29:23Z,72.0,Charge 6
2025-11-12T04:29:26Z,72.0,Charge 6
2025-11-12T04:29:29Z,73.0,Charge 6
2025-11-12T04:29:31Z,74.0,Charge 6
2025-11-12T04:29:33Z,76.0,Charge 6
2025-11-12T04:29:35Z,78.0,Charge 6
2025-11-12T04:29:37Z,79.0,Charge 6
2025-11-12T04:29:39Z,80.0,Charge 6
2025-11-12T04:29:41Z,79.0,Charge 6
2025-11-12T04:29:42Z,78.0,Charge 6
2025-11-12T04:29:45Z,78.0,Charge 6
2025-11-12T04:29:46Z,77.0,Charge 6
2025-11-12T04:29:48Z,78.0,Charge 6
2025-11-12T04:29:50Z,78.0,Charge 6
2025-11-12T04:29:53Z,78.0,Charge 6
2025-11-12T04:29:56Z,78.0,Charge 6
2025-11-12T04:29:59Z,78.0,Charge 6
2025-11-12T04:30:00Z,78.0,Charge 6
2025-11-12T04:30:03Z,78.0,Charge 6
2025-11-12T04:30:04Z,77.0,Charge 6
2025-11-12T04:30:06Z,77.0,Charge 6
2025-11-12T04:30:07Z,78.0,Charge 6
2025-11-12T04:30:09Z,80.0,Charge 6
2025-11-12T04:30:12Z,80.0,Charge 6
2025-11-12T04:30:13Z,81.0,Charge 6
2025-11-12T04:30:15Z,84.0,Charge 6
2025-11-12T04:30:18Z,84.0,Charge 6
2025-11-12T04:30:21Z,84.0,Charge 6
2025-11-12T04:30:23Z,82.0,Charge 6
2025-11-12T04:30:25Z,83.0,Charge 6
2025-11-12T04:30:27Z,82.0,Charge 6
2025-11-12T04:30:29Z,81.0,Charge 6
2025-11-12T04:30:30Z,83.0,Charge 6
2025-11-12T04:30:32Z,85.0,Charge 6
2025-11-12T04:30:34Z,85.0,Charge 6
2025-11-12T04:30:36Z,83.0,Charge 6
2025-11-12T04:30:38Z,80.0,Charge 6
2025-11-12T04:30:40Z,79.0,Charge 6
2025-11-12T04:30:43Z,79.0,Charge 6
2025-11-12T04:30:44Z,79.0,Charge 6
2025-11-12T04:30:46Z,77.0,Charge 6
2025-11-12T04:30:48Z,76.0,Charge 6
2025-11-12T04:30:51Z,76.0,Charge 6
2025-11-12T04:30:54Z,76.0,Charge 6
2025-11-12T04:30:55Z,74.0,Charge 6
2025-11-12T04:30:58Z,74.0,Charge 6
2025-11-12T04:31:01Z,75.0,Charge 6
2025-11-12T04:31:03Z,76.0,Charge 6
2025-11-12T04:31:06Z,76.0,Charge 6
2025-11-12T04:31:07Z,76.0,Charge 6
2025-11-12T04:31:09Z,76.0,Charge 6
2025-11-12T04:31:11Z,78.0,Charge 6
2025-11-12T04:31:14Z,78.0,Charge 6
2025-11-12T04:31:15Z,77.0,Charge 6
2025-11-12T04:31:17Z,76.0,Charge 6
2025-11-12T04:31:18Z,77.0,Charge 6
2025-11-12T04:31:21Z,77.0,Charge 6
2025-11-12T04:31:22Z,76.0,Charge 6
2025-11-12T04:31:25Z,76.0,Charge 6
2025-11-12T04:31:26Z,78.0,Charge 6
2025-11-12T04:31:28Z,80.0,Charge 6
2025-11-12T04:31:30Z,81.0,Charge 6
2025-11-12T04:31:33Z,81.0,Charge 6
2025-11-12T04:31:34Z,83.0,Charge 6
2025-11-12T04:31:36Z,84.0,Charge 6
2025-11-12T04:31:38Z,82.0,Charge 6
2025-11-12T04:31:41Z,82.0,Charge 6
2025-11-12T04:31:43Z,83.0,Charge 6
2025-11-12T04:31:45Z,84.0,Charge 6
2025-11-12T04:31:48Z,84.0,Charge 6
2025-11-12T04:31:51Z,86.0,Charge 6
2025-11-12T04:31:53Z,87.0,Charge 6
2025-11-12T04:31:55Z,88.0,Charge 6
2025-11-12T04:31:57Z,87.0,Charge 6
2025-11-12T04:31:59Z,84.0,Charge 6
2025-11-12T04:32:01Z,82.0,Charge 6
2025-11-12T04:32:03Z,81.0,Charge 6
2025-11-12T04:32:05Z,79.0,Charge 6
2025-11-12T04:32:06Z,77.0,Charge 6
2025-11-12T04:32:08Z,76.0,Charge 6
2025-11-12T04:32:10Z,75.0,Charge 6
2025-11-12T04:32:12Z,74.0,Charge 6
2025-11-12T04:32:15Z,74.0,Charge 6
2025-11-12T04:32:16Z,75.0,Charge 6
2025-11-12T04:32:18Z,76.0,Charge 6
2025-11-12T04:32:21Z,76.0,Charge 6
2025-11-12T04:32:22Z,77.0,Charge 6
2025-11-12T04:32:24Z,76.0,Charge 6
2025-11-12T04:32:26Z,76.0,Charge 6
2025-11-12T04:32:29Z,76.0,Charge 6
2025-11-12T04:32:30Z,74.0,Charge 6
2025-11-12T04:32:33Z,73.0,Charge 6
2025-11-12T04:32:36Z,73.0,Charge 6
2025-11-12T04:32:39Z,74.0,Charge 6
2025-11-12T04:32:42Z,74.0,Charge 6
2025-11-12T04:32:45Z,74.0,Charge 6
2025-11-12T04:32:47Z,74.0,Charge 6
2025-11-12T04:32:49Z,76.0,Charge 6
2025-11-12T04:32:51Z,78.0,Charge 6
2025-11-12T04:32:54Z,77.0,Charge 6
2025-11-12T04:32:56Z,75.0,Charge 6
2025-11-12T04:32:58Z,74.0,Charge 6
2025-11-12T04:33:00Z,73.0,Charge 6
2025-11-12T04:33:02Z,72.0,Charge 6
2025-11-12T04:33:04Z,71.0,Charge 6
2025-11-12T04:33:06Z,70.0,Charge 6
2025-11-12T04:33:09Z,70.0,Charge 6
2025-11-12T04:33:10Z,70.0,Charge 6
2025-11-12T04:33:12Z,70.0,Charge 6
2025-11-12T04:33:14Z,70.0,Charge 6
2025-11-12T04:33:17Z,70.0,Charge 6
2025-11-12T04:33:18Z,71.0,Charge 6
2025-11-12T04:33:19Z,73.0,Charge 6
2025-11-12T04:33:22Z,73.0,Charge 6
2025-11-12T04:33:23Z,74.0,Charge 6
2025-11-12T04:33:25Z,76.0,Charge 6
2025-11-12T04:33:27Z,79.0,Charge 6
2025-11-12T04:33:29Z,80.0,Charge 6
2025-11-12T04:33:31Z,79.0,Charge 6
2025-11-12T04:33:33Z,77.0,Charge 6
2025-11-12T04:33:36Z,77.0,Charge 6
2025-11-12T04:33:37Z,77.0,Charge 6
2025-11-12T04:33:40Z,77.0,Charge 6
2025-11-12T04:33:41Z,76.0,Charge 6
2025-11-12T04:33:44Z,76.0,Charge 6
2025-11-12T04:33:46Z,76.0,Charge 6
2025-11-12T04:33:49Z,76.0,Charge 6
2025-11-12T04:33:50Z,76.0,Charge 6
2025-11-12T04:33:52Z,77.0,Charge 6
2025-11-12T04:33:54Z,78.0,Charge 6
2025-11-12T04:33:57Z,78.0,Charge 6
2025-11-12T04:33:58Z,79.0,Charge 6
2025-11-12T04:34:01Z,79.0,Charge 6
2025-11-12T04:34:02Z,78.0,Charge 6
2025-11-12T04:34:05Z,78.0,Charge 6
2025-11-12T04:34:06Z,80.0,Charge 6
2025-11-12T04:34:07Z,78.0,Charge 6
2025-11-12T04:34:10Z,78.0,Charge 6
2025-11-12T04:34:13Z,77.0,Charge 6
2025-11-12T04:34:15Z,76.0,Charge 6
2025-11-12T04:34:18Z,76.0,Charge 6
2025-11-12T04:34:19Z,76.0,Charge 6
2025-11-12T04:34:21Z,76.0,Charge 6
2025-11-12T04:34:24Z,76.0,Charge 6
2025-11-12T04:34:25Z,77.0,Charge 6
2025-11-12T04:34:27Z,77.0,Charge 6
2025-11-12T04:34:29Z,77.0,Charge 6
2025-11-12T04:34:30Z,78.0,Charge 6
2025-11-12T04:34:33Z,78.0,Charge 6
2025-11-12T04:34:36Z,78.0,Charge 6
2025-11-12T04:34:38Z,79.0,Charge 6
2025-11-12T04:34:40Z,79.0,Charge 6
2025-11-12T04:34:42Z,79.0,Charge 6
2025-11-12T04:34:45Z,79.0,Charge 6
2025-11-12T04:34:46Z,80.0,Charge 6
2025-11-12T04:34:49Z,80.0,Charge 6
2025-11-12T04:34:52Z,79.0,Charge 6
2025-11-12T04:34:54Z,80.0,Charge 6
2025-11-12T04:34:57Z,80.0,Charge 6
2025-11-12T04:35:00Z,80.0,Charge 6
2025-11-12T04:35:01Z,80.0,Charge 6
2025-11-12T04:35:03Z,78.0,Charge 6
2025-11-12T04:35:06Z,78.0,Charge 6
2025-11-12T04:35:09Z,78.0,Charge 6
2025-11-12T04:35:11Z,77.0,Charge 6
2025-11-12T04:35:14Z,77.0,Charge 6
2025-11-12T04:35:17Z,77.0,Charge 6
2025-11-12T04:35:20Z,78.0,Charge 6
2025-11-12T04:35:22Z,79.0,Charge 6
2025-11-12T04:35:24Z,80.0,Charge 6
2025-11-12T04:35:26Z,81.0,Charge 6
2025-11-12T04:35:28Z,84.0,Charge 6
2025-11-12T04:35:30Z,86.0,Charge 6
2025-11-12T04:35:33Z,86.0,Charge 6
2025-11-12T04:35:36Z,85.0,Charge 6
2025-11-12T04:35:38Z,82.0,Charge 6
2025-11-12T04:35:40Z,80.0,Charge 6
2025-11-12T04:35:42Z,82.0,Charge 6
2025-11-12T04:35:45Z,81.0,Charge 6
2025-11-12T04:35:47Z,80.0,Charge 6
2025-11-12T04:35:49Z,79.0,Charge 6
2025-11-12T04:35:52Z,79.0,Charge 6
2025-11-12T04:35:53Z,80.0,Charge 6
2025-11-12T04:35:55Z,79.0,Charge 6
2025-11-12T04:35:57Z,78.0,Charge 6
2025-11-12T04:35:59Z,77.0,Charge 6
2025-11-12T04:36:01Z,77.0,Charge 6
2025-11-12T04:36:03Z,78.0,Charge 6
2025-11-12T04:36:05Z,79.0,Charge 6
2025-11-12T04:36:06Z,81.0,Charge 6
2025-11-12T04:36:09Z,81.0,Charge 6
2025-11-12T04:36:12Z,81.0,Charge 6
2025-11-12T04:36:14Z,80.0,Charge 6
2025-11-12T04:36:17Z,80.0,Charge 6
2025-11-12T04:36:18Z,82.0,Charge 6
2025-11-12T04:36:20Z,83.0,Charge 6
2025-11-12T04:36:22Z,84.0,Charge 6
2025-11-12T04:36:24Z,85.0,Charge 6
2025-11-12T04:36:26Z,86.0,Charge 6
2025-11-12T04:36:28Z,88.0,Charge 6
2025-11-12T04:36:30Z,91.0,Charge 6
2025-11-12T04:36:33Z,88.0,Charge 6
2025-11-12T04:36:35Z,86.0,Charge 6
2025-11-12T04:36:37Z,88.0,Charge 6
2025-11-12T04:36:39Z,89.0,Charge 6
2025-11-12T04:36:41Z,90.0,Charge 6
2025-11-12T04:36:43Z,94.0,Charge 6
2025-11-12T04:36:45Z,95.0,Charge 6
2025-11-12T04:36:47Z,92.0,Charge 6
2025-11-12T04:36:49Z,89.0,Charge 6
2025-11-12T04:36:51Z,91.0,Charge 6
2025-11-12T04:36:53Z,96.0,Charge 6
2025-11-12T04:36:54Z,94.0,Charge 6
2025-11-12T04:36:56Z,92.0,Charge 6
2025-11-12T04:36:58Z,94.0,Charge 6
2025-11-12T04:37:00Z,96.0,Charge 6
2025-11-12T04:37:02Z,97.0,Charge 6
2025-11-12T04:37:04Z,98.0,Charge 6
2025-11-12T04:37:06Z,97.0,Charge 6
2025-11-12T04:37:08Z,95.0,Charge 6
2025-11-12T04:37:11Z,95.0,Charge 6
2025-11-12T04:37:12Z,93.0,Charge 6
2025-11-12T04:37:14Z,90.0,Charge 6
2025-11-12T04:37:16Z,88.0,Charge 6
2025-11-12T04:37:19Z,86.0,Charge 6
2025-11-12T04:37:21Z,84.0,Charge 6
2025-11-12T04:37:24Z,84.0,Charge 6
2025-11-12T04:37:25Z,82.0,Charge 6
2025-11-12T04:37:27Z,81.0,Charge 6
2025-11-12T04:37:29Z,79.0,Charge 6
2025-11-12T04:37:31Z,78.0,Charge 6
2025-11-12T04:37:33Z,77.0,Charge 6
2025-11-12T04:37:36Z,77.0,Charge 6
2025-11-12T04:37:37Z,77.0,Charge 6
2025-11-12T04:37:39Z,78.0,Charge 6
2025-11-12T04:37:41Z,77.0,Charge 6
2025-11-12T04:37:42Z,76.0,Charge 6
2025-11-12T04:37:45Z,76.0,Charge 6
2025-11-12T04:37:46Z,75.0,Charge 6
2025-11-12T04:37:48Z,74.0,Charge 6
2025-11-12T04:37:50Z,72.0,Charge 6
2025-11-12T04:37:52Z,70.0,Charge 6
2025-11-12T04:37:55Z,70.0,Charge 6
2025-11-12T04:37:56Z,70.0,Charge 6
2025-11-12T04:37:58Z,69.0,Charge 6
2025-11-12T04:38:01Z,69.0,Charge 6
2025-11-12T04:38:02Z,69.0,Charge 6
2025-11-12T04:38:05Z,69.0,Charge 6
2025-11-12T04:38:06Z,71.0,Charge 6
2025-11-12T04:38:07Z,74.0,Charge 6
2025-11-12T04:38:10Z,74.0,Charge 6
2025-11-12T04:38:11Z,73.0,Charge 6
2025-11-12T04:38:14Z,73.0,Charge 6
2025-11-12T04:38:15Z,72.0,Charge 6
2025-11-12T04:38:18Z,72.0,Charge 6
2025-11-12T04:38:21Z,72.0,Charge 6
2025-11-12T04:38:24Z,72.0,Charge 6
2025-11-12T04:38:25Z,72.0,Charge 6
2025-11-12T04:38:27Z,72.0,Charge 6
2025-11-12T04:38:30Z,72.0,Charge 6
2025-11-12T04:38:32Z,72.0,Charge 6
2025-11-12T04:38:34Z,73.0,Charge 6
2025-11-12T04:38:37Z,73.0,Charge 6
2025-11-12T04:38:38Z,74.0,Charge 6
2025-11-12T04:38:40Z,74.0,Charge 6
2025-11-12T04:38:43Z,74.0,Charge 6
2025-11-12T04:38:46Z,74.0,Charge 6
2025-11-12T04:38:49Z,74.0,Charge 6
2025-11-12T04:38:52Z,74.0,Charge 6
2025-11-12T04:38:54Z,76.0,Charge 6
2025-11-12T04:38:57Z,76.0,Charge 6
2025-11-12T04:38:59Z,76.0,Charge 6
2025-11-12T04:39:01Z,75.0,Charge 6
2025-11-12T04:39:04Z,75.0,Charge 6
2025-11-12T04:39:05Z,75.0,Charge 6
2025-11-12T04:39:07Z,76.0,Charge 6
2025-11-12T04:39:10Z,76.0,Charge 6
2025-11-12T04:39:11Z,78.0,Charge 6
2025-11-12T04:39:13Z,79.0,Charge 6
2025-11-12T04:39:16Z,79.0,Charge 6
2025-11-12T04:39:17Z,81.0,Charge 6
2025-11-12T04:39:18Z,80.0,Charge 6
2025-11-12T04:39:20Z,79.0,Charge 6
2025-11-12T04:39:22Z,78.0,Charge 6
2025-11-12T04:39:24Z,77.0,Charge 6
2025-11-12T04:39:26Z,76.0,Charge 6
2025-11-12T04:39:28Z,74.0,Charge 6
2025-11-12T04:39:30Z,73.0,Charge 6
2025-11-12T04:39:32Z,72.0,Charge 6
2025-11-12T04:39:34Z,71.0,Charge 6
2025-11-12T04:39:36Z,71.0,Charge 6
2025-11-12T04:39:38Z,70.0,Charge 6
2025-11-12T04:39:41Z,70.0,Charge 6
2025-11-12T04:39:42Z,71.0,Charge 6
2025-11-12T04:39:44Z,70.0,Charge 6
2025-11-12T04:39:45Z,71.0,Charge 6
2025-11-12T04:39:47Z,71.0,Charge 6
2025-11-12T04:39:49Z,70.0,Charge 6
2025-11-12T04:39:52Z,70.0,Charge 6
2025-11-12T04:39:55Z,70.0,Charge 6
2025-11-12T04:39:58Z,70.0,Charge 6
2025-11-12T04:39:59Z,72.0,Charge 6
2025-11-12T04:40:01Z,73.0,Charge 6
2025-11-12T04:40:04Z,73.0,Charge 6
2025-11-12T04:40:07Z,73.0,Charge 6
2025-11-12T04:40:10Z,73.0,Charge 6
2025-11-12T04:40:13Z,73.0,Charge 6
2025-11-12T04:40:16Z,74.0,Charge 6
2025-11-12T04:40:19Z,74.0,Charge 6
2025-11-12T04:40:22Z,74.0,Charge 6
2025-11-12T04:40:24Z,72.0,Charge 6
2025-11-12T04:40:27Z,72.0,Charge 6
2025-11-12T04:40:28Z,71.0,Charge 6
2025-11-12T04:40:30Z,70.0,Charge 6
2025-11-12T04:40:32Z,70.0,Charge 6
2025-11-12T04:40:35Z,70.0,Charge 6
2025-11-12T04:40:37Z,71.0,Charge 6
2025-11-12T04:40:40Z,71.0,Charge 6
2025-11-12T04:40:41Z,70.0,Charge 6
2025-11-12T04:40:43Z,69.0,Charge 6
2025-11-12T04:40:45Z,70.0,Charge 6
2025-11-12T04:40:48Z,70.0,Charge 6
2025-11-12T04:40:51Z,72.0,Charge 6
2025-11-12T04:40:53Z,72.0,Charge 6
2025-11-12T04:40:56Z,72.0,Charge 6
2025-11-12T04:40:59Z,72.0,Charge 6
2025-11-12T04:41:02Z,72.0,Charge 6
2025-11-12T04:41:04Z,72.0,Charge 6
2025-11-12T04:41:06Z,73.0,Charge 6
2025-11-12T04:41:08Z,74.0,Charge 6
2025-11-12T04:41:10Z,75.0,Charge 6
2025-11-12T04:41:13Z,75.0,Charge 6
2025-11-12T04:41:14Z,74.0,Charge 6
2025-11-12T04:41:17Z,74.0,Charge 6
2025-11-12T04:41:20Z,76.0,Charge 6
2025-11-12T04:41:21Z,77.0,Charge 6
2025-11-12T04:41:23Z,78.0,Charge 6
2025-11-12T04:41:26Z,78.0,Charge 6
2025-11-12T04:41:27Z,76.0,Charge 6
2025-11-12T04:41:29Z,74.0,Charge 6
2025-11-12T04:41:32Z,74.0,Charge 6
2025-11-12T04:41:33Z,74.0,Charge 6
2025-11-12T04:41:36Z,74.0,Charge 6
2025-11-12T04:41:37Z,73.0,Charge 6
2025-11-12T04:41:40Z,73.0,Charge 6
2025-11-12T04:41:41Z,74.0,Charge 6
2025-11-12T04:41:43Z,76.0,Charge 6
2025-11-12T04:41:45Z,76.0,Charge 6
2025-11-12T04:41:46Z,74.0,Charge 6
2025-11-12T04:41:49Z,74.0,Charge 6
2025-11-12T04:41:50Z,72.0,Charge 6
2025-11-12T04:41:52Z,71.0,Charge 6
2025-11-12T04:41:54Z,70.0,Charge 6
2025-11-12T04:41:57Z,70.0,Charge 6
2025-11-12T04:41:58Z,72.0,Charge 6
2025-11-12T04:42:00Z,73.0,Charge 6
2025-11-12T04:42:02Z,74.0,Charge 6
2025-11-12T04:42:05Z,74.0,Charge 6
2025-11-12T04:42:06Z,76.0,Charge 6
2025-11-12T04:42:08Z,79.0,Charge 6
2025-11-12T04:42:09Z,84.0,Charge 6
2025-11-12T04:42:11Z,86.0,Charge 6
2025-11-12T04:42:13Z,88.0,Charge 6
2025-11-12T04:42:15Z,103.0,Charge 6
2025-11-12T04:42:18Z,103.0,Charge 6
2025-11-12T04:42:19Z,99.0,Charge 6
2025-11-12T04:42:21Z,92.0,Charge 6
2025-11-12T04:42:23Z,88.0,Charge 6
2025-11-12T04:42:26Z,88.0,Charge 6
2025-11-12T04:42:27Z,86.0,Charge 6
2025-11-12T04:42:29Z,84.0,Charge 6
2025-11-12T04:42:31Z,82.0,Charge 6
2025-11-12T04:42:34Z,84.0,Charge 6
2025-11-12T04:42:37Z,84.0,Charge 6
2025-11-12T04:42:40Z,85.0,Charge 6
2025-11-12T04:42:42Z,84.0,Charge 6
2025-11-12T04:42:45Z,84.0,Charge 6
2025-11-12T04:42:48Z,84.0,Charge 6
2025-11-12T04:42:50Z,82.0,Charge 6
2025-11-12T04:42:53Z,82.0,Charge 6
2025-11-12T04:42:54Z,81.0,Charge 6
2025-11-12T04:42:56Z,82.0,Charge 6
2025-11-12T04:42:59Z,82.0,Charge 6
2025-11-12T04:43:01Z,80.0,Charge 6
2025-11-12T04:43:04Z,80.0,Charge 6
2025-11-12T04:43:05Z,79.0,Charge 6
2025-11-12T04:43:07Z,78.0,Charge 6
2025-11-12T04:43:09Z,79.0,Charge 6
2025-11-12T04:43:12Z,79.0,Charge 6
2025-11-12T04:43:13Z,78.0,Charge 6
2025-11-12T04:43:15Z,77.0,Charge 6
2025-11-12T04:43:17Z,75.0,Charge 6
2025-11-12T04:43:19Z,74.0,Charge 6
2025-11-12T04:43:21Z,76.0,Charge 6
2025-11-12T04:43:22Z,79.0,Charge 6
2025-11-12T04:43:24Z,82.0,Charge 6
2025-11-12T04:43:26Z,84.0,Charge 6
2025-11-12T04:43:28Z,83.0,Charge 6
2025-11-12T04:43:30Z,80.0,Charge 6
2025-11-12T04:43:32Z,78.0,Charge 6
2025-11-12T04:43:34Z,76.0,Charge 6
2025-11-12T04:43:36Z,74.0,Charge 6
2025-11-12T04:43:38Z,73.0,Charge 6
2025-11-12T04:43:40Z,72.0,Charge 6
2025-11-12T04:43:42Z,70.0,Charge 6
2025-11-12T04:43:45Z,70.0,Charge 6
2025-11-12T04:43:47Z,69.0,Charge 6
2025-11-12T04:43:49Z,69.0,Charge 6
2025-11-12T04:43:51Z,70.0,Charge 6
2025-11-12T04:43:53Z,70.0,Charge 6
2025-11-12T04:43:56Z,70.0,Charge 6
2025-11-12T04:43:59Z,70.0,Charge 6
2025-11-12T04:44:02Z,70.0,Charge 6
2025-11-12T04:44:03Z,72.0,Charge 6
2025-11-12T04:44:05Z,74.0,Charge 6
2025-11-12T04:44:08Z,74.0,Charge 6
2025-11-12T04:44:09Z,76.0,Charge 6
2025-11-12T04:44:10Z,76.0,Charge 6
2025-11-12T04:44:12Z,74.0,Charge 6
2025-11-12T04:44:15Z,74.0,Charge 6
2025-11-12T04:44:16Z,74.0,Charge 6
2025-11-12T04:44:18Z,74.0,Charge 6
2025-11-12T04:44:21Z,74.0,Charge 6
2025-11-12T04:44:24Z,74.0,Charge 6
2025-11-12T04:44:26Z,74.0,Charge 6
2025-11-12T04:44:28Z,74.0,Charge 6
2025-11-12T04:44:30Z,73.0,Charge 6
2025-11-12T04:44:32Z,72.0,Charge 6
2025-11-12T04:44:35Z,72.0,Charge 6
2025-11-12T04:44:38Z,72.0,Charge 6
2025-11-12T04:44:41Z,72.0,Charge 6
2025-11-12T04:44:44Z,72.0,Charge 6
2025-11-12T04:44:45Z,73.0,Charge 6
2025-11-12T04:44:48Z,73.0,Charge 6
2025-11-12T04:44:49Z,73.0,Charge 6
2025-11-12T04:44:51Z,73.0,Charge 6
2025-11-12T04:44:53Z,74.0,Charge 6
2025-11-12T04:44:56Z,74.0,Charge 6
2025-11-12T04:44:59Z,74.0,Charge 6
2025-11-12T04:45:02Z,74.0,Charge 6
2025-11-12T04:45:04Z,74.0,Charge 6
2025-11-12T04:45:07Z,74.0,Charge 6
2025-11-12T04:45:08Z,73.0,Charge 6
2025-11-12T04:45:11Z,73.0,Charge 6
2025-11-12T04:45:12Z,74.0,Charge 6
2025-11-12T04:45:14Z,73.0,Charge 6
2025-11-12T04:45:17Z,73.0,Charge 6
2025-11-12T04:45:18Z,73.0,Charge 6
2025-11-12T04:45:20Z,74.0,Charge 6
2025-11-12T04:45:23Z,74.0,Charge 6
2025-11-12T04:45:26Z,74.0,Charge 6
2025-11-12T04:45:27Z,75.0,Charge 6
2025-11-12T04:45:29Z,76.0,Charge 6
2025-11-12T04:45:31Z,75.0,Charge 6
2025-11-12T04:45:33Z,74.0,Charge 6
2025-11-12T04:45:35Z,73.0,Charge 6
2025-11-12T04:45:37Z,74.0,Charge 6
2025-11-12T04:45:40Z,74.0,Charge 6
2025-11-12T04:45:43Z,73.0,Charge 6
2025-11-12T04:45:45Z,73.0,Charge 6
2025-11-12T04:45:46Z,72.0,Charge 6
2025-11-12T04:45:48Z,72.0,Charge 6
2025-11-12T04:45:51Z,72.0,Charge 6
2025-11-12T04:45:54Z,73.0,Charge 6
2025-11-12T04:45:56Z,74.0,Charge 6
2025-11-12T04:45:59Z,74.0,Charge 6
2025-11-12T04:46:02Z,74.0,Charge 6
2025-11-12T04:46:04Z,73.0,Charge 6
2025-11-12T04:46:07Z,73.0,Charge 6
2025-11-12T04:46:09Z,72.0,Charge 6
2025-11-12T04:46:12Z,72.0,Charge 6
2025-11-12T04:46:15Z,72.0,Charge 6
2025-11-12T04:46:18Z,72.0,Charge 6
2025-11-12T04:46:21Z,72.0,Charge 6
2025-11-12T04:46:23Z,71.0,Charge 6
2025-11-12T04:46:25Z,72.0,Charge 6
2025-11-12T04:46:28Z,72.0,Charge 6
2025-11-12T04:46:31Z,72.0,Charge 6
2025-11-12T04:46:34Z,72.0,Charge 6
2025-11-12T04:46:37Z,72.0,Charge 6
2025-11-12T04:46:38Z,71.0,Charge 6
2025-11-12T04:46:41Z,71.0,Charge 6
2025-11-12T04:46:44Z,70.0,Charge 6
2025-11-12T04:46:47Z,70.0,Charge 6
2025-11-12T04:46:48Z,69.0,Charge 6
2025-11-12T04:46:51Z,69.0,Charge 6
2025-11-12T04:46:52Z,68.0,Charge 6
2025-11-12T04:46:55Z,68.0,Charge 6
2025-11-12T04:46:56Z,69.0,Charge 6
2025-11-12T04:46:57Z,70.0,Charge 6
2025-11-12T04:46:59Z,70.0,Charge 6
2025-11-12T04:47:01Z,71.0,Charge 6
2025-11-12T04:47:04Z,71.0,Charge 6
2025-11-12T04:47:07Z,72.0,Charge 6
2025-11-12T04:47:10Z,72.0,Charge 6
2025-11-12T04:47:11Z,74.0,Charge 6
2025-11-12T04:47:14Z,74.0,Charge 6
2025-11-12T04:47:17Z,76.0,Charge 6
2025-11-12T04:47:19Z,75.0,Charge 6
2025-11-12T04:47:22Z,75.0,Charge 6
2025-11-12T04:47:24Z,75.0,Charge 6
2025-11-12T04:47:26Z,74.0,Charge 6
2025-11-12T04:47:28Z,74.0,Charge 6
2025-11-12T04:47:31Z,74.0,Charge 6
2025-11-12T04:47:34Z,74.0,Charge 6
2025-11-12T04:47:37Z,74.0,Charge 6
2025-11-12T04:47:40Z,73.0,Charge 6
2025-11-12T04:47:42Z,74.0,Charge 6
2025-11-12T04:47:44Z,74.0,Charge 6
2025-11-12T04:47:47Z,73.0,Charge 6
2025-11-12T04:47:49Z,72.0,Charge 6
2025-11-12T04:47:51Z,72.0,Charge 6
2025-11-12T04:47:54Z,72.0,Charge 6
2025-11-12T04:47:55Z,71.0,Charge 6
2025-11-12T04:47:58Z,71.0,Charge 6
2025-11-12T04:48:01Z,71.0,Charge 6
2025-11-12T04:48:03Z,70.0,Charge 6
2025-11-12T04:48:06Z,70.0,Charge 6
2025-11-12T04:48:07Z,70.0,Charge 6
2025-11-12T04:48:09Z,69.0,Charge 6
2025-11-12T04:48:10Z,70.0,Charge 6
2025-11-12T04:48:12Z,72.0,Charge 6
2025-11-12T04:48:14Z,74.0,Charge 6
2025-11-12T04:48:16Z,75.0,Charge 6
2025-11-12T04:48:18Z,76.0,Charge 6
2025-11-12T04:48:20Z,78.0,Charge 6
2025-11-12T04:48:23Z,78.0,Charge 6
2025-11-12T04:48:24Z,80.0,Charge 6
2025-11-12T04:48:26Z,83.0,Charge 6
2025-11-12T04:48:28Z,82.0,Charge 6
2025-11-12T04:48:30Z,77.0,Charge 6
2025-11-12T04:48:32Z,76.0,Charge 6
2025-11-12T04:48:35Z,74.0,Charge 6
2025-11-12T04:48:37Z,73.0,Charge 6
2025-11-12T04:48:39Z,73.0,Charge 6
2025-11-12T04:48:41Z,72.0,Charge 6
2025-11-12T04:48:43Z,72.0,Charge 6
2025-11-12T04:48:45Z,71.0,Charge 6
2025-11-12T04:48:48Z,71.0,Charge 6
2025-11-12T04:48:49Z,71.0,Charge 6
2025-11-12T04:48:52Z,71.0,Charge 6
2025-11-12T04:48:55Z,71.0,Charge 6
2025-11-12T04:48:57Z,72.0,Charge 6
2025-11-12T04:48:58Z,72.0,Charge 6
2025-11-12T04:49:01Z,72.0,Charge 6
2025-11-12T04:49:02Z,71.0,Charge 6
2025-11-12T04:49:05Z,71.0,Charge 6
2025-11-12T04:49:06Z,73.0,Charge 6
2025-11-12T04:49:08Z,74.0,Charge 6
2025-11-12T04:49:10Z,75.0,Charge 6
2025-11-12T04:49:12Z,76.0,Charge 6
2025-11-12T04:49:14Z,77.0,Charge 6
2025-11-12T04:49:16Z,78.0,Charge 6
2025-11-12T04:49:19Z,78.0,Charge 6
2025-11-12T04:49:22Z,78.0,Charge 6
2025-11-12T04:49:23Z,78.0,Charge 6
2025-11-12T04:49:26Z,78.0,Charge 6
2025-11-12T04:49:29Z,77.0,Charge 6
2025-11-12T04:49:31Z,76.0,Charge 6
2025-11-12T04:49:33Z,75.0,Charge 6
2025-11-12T04:49:35Z,74.0,Charge 6
2025-11-12T04:49:38Z,74.0,Charge 6
2025-11-12T04:49:39Z,73.0,Charge 6
2025-11-12T04:49:42Z,73.0,Charge 6
2025-11-12T04:49:43Z,72.0,Charge 6
2025-11-12T04:49:46Z,71.0,Charge 6
2025-11-12T04:49:49Z,71.0,Charge 6
2025-11-12T04:49:52Z,71.0,Charge 6
2025-11-12T04:49:55Z,71.0,Charge 6
2025-11-12T04:49:58Z,70.0,Charge 6
2025-11-12T04:50:00Z,69.0,Charge 6
2025-11-12T04:50:03Z,69.0,Charge 6
2025-11-12T04:50:04Z,70.0,Charge 6
2025-11-12T04:50:07Z,70.0,Charge 6
2025-11-12T04:50:09Z,71.0,Charge 6
2025-11-12T04:50:12Z,71.0,Charge 6
2025-11-12T04:50:13Z,72.0,Charge 6
2025-11-12T04:50:15Z,71.0,Charge 6
2025-11-12T04:50:17Z,72.0,Charge 6
2025-11-12T04:50:19Z,73.0,Charge 6
2025-11-12T04:50:22Z,73.0,Charge 6
2025-11-12T04:50:23Z,74.0,Charge 6
2025-11-12T04:50:25Z,75.0,Charge 6
2025-11-12T04:50:27Z,74.0,Charge 6
2025-11-12T04:50:29Z,75.0,Charge 6
2025-11-12T04:50:32Z,75.0,Charge 6
2025-11-12T04:50:33Z,74.0,Charge 6
2025-11-12T04:50:34Z,73.0,Charge 6
2025-11-12T04:50:36Z,71.0,Charge 6
2025-11-12T04:50:38Z,70.0,Charge 6
2025-11-12T04:50:40Z,70.0,Charge 6
2025-11-12T04:50:42Z,69.0,Charge 6
2025-11-12T04:50:45Z,69.0,Charge 6
2025-11-12T04:50:46Z,68.0,Charge 6
2025-11-12T04:50:49Z,68.0,Charge 6
2025-11-12T04:50:50Z,68.0,Charge 6
2025-11-12T04:50:53Z,68.0,Charge 6
2025-11-12T04:50:54Z,69.0,Charge 6
2025-11-12T04:50:57Z,70.0,Charge 6
2025-11-12T04:50:59Z,72.0,Charge 6
2025-11-12T04:51:01Z,73.0,Charge 6
2025-11-12T04:51:04Z,73.0,Charge 6
2025-11-12T04:51:05Z,74.0,Charge 6
2025-11-12T04:51:08Z,74.0,Charge 6
2025-11-12T04:51:09Z,73.0,Charge 6
2025-11-12T04:51:11Z,72.0,Charge 6
2025-11-12T04:51:14Z,72.0,Charge 6
2025-11-12T04:51:15Z,71.0,Charge 6
2025-11-12T04:51:17Z,70.0,Charge 6
2025-11-12T04:51:19Z,72.0,Charge 6
2025-11-12T04:51:22Z,71.0,Charge 6
2025-11-12T04:51:25Z,71.0,Charge 6
2025-11-12T04:51:26Z,71.0,Charge 6
2025-11-12T04:51:29Z,71.0,Charge 6
2025-11-12T04:51:30Z,70.0,Charge 6
2025-11-12T04:51:32Z,69.0,Charge 6
2025-11-12T04:51:34Z,68.0,Charge 6
2025-11-12T04:51:36Z,67.0,Charge 6
2025-11-12T04:51:38Z,68.0,Charge 6
2025-11-12T04:51:41Z,68.0,Charge 6
2025-11-12T04:51:44Z,68.0,Charge 6
2025-11-12T04:51:47Z,68.0,Charge 6
2025-11-12T04:51:49Z,68.0,Charge 6
2025-11-12T04:51:52Z,68.0,Charge 6
2025-11-12T04:51:53Z,69.0,Charge 6
2025-11-12T04:51:56Z,69.0,Charge 6
2025-11-12T04:51:59Z,69.0,Charge 6
2025-11-12T04:52:02Z,69.0,Charge 6
2025-11-12T04:52:05Z,70.0,Charge 6
2025-11-12T04:52:08Z,70.0,Charge 6
2025-11-12T04:52:11Z,70.0,Charge 6
2025-11-12T04:52:14Z,70.0,Charge 6
2025-11-12T04:52:17Z,70.0,Charge 6
2025-11-12T04:52:20Z,70.0,Charge 6
2025-11-12T04:52:23Z,70.0,Charge 6
2025-11-12T04:52:24Z,68.0,Charge 6
2025-11-12T04:52:26Z,68.0,Charge 6
2025-11-12T04:52:29Z,68.0,Charge 6
2025-11-12T04:52:32Z,68.0,Charge 6
2025-11-12T04:52:35Z,68.0,Charge 6
2025-11-12T04:52:38Z,68.0,Charge 6
2025-11-12T04:52:39Z,69.0,Charge 6
2025-11-12T04:52:41Z,70.0,Charge 6
2025-11-12T04:52:43Z,71.0,Charge 6
2025-11-12T04:52:45Z,71.0,Charge 6
2025-11-12T04:52:48Z,71.0,Charge 6
2025-11-12T04:52:49Z,72.0,Charge 6
2025-11-12T04:52:52Z,72.0,Charge 6
2025-11-12T04:52:55Z,70.0,Charge 6
2025-11-12T04:52:58Z,70.0,Charge 6
2025-11-12T04:53:01Z,70.0,Charge 6
2025-11-12T04:53:04Z,70.0,Charge 6
2025-11-12T04:53:07Z,70.0,Charge 6
2025-11-12T04:53:10Z,70.0,Charge 6
2025-11-12T04:53:13Z,70.0,Charge 6
2025-11-12T04:53:16Z,70.0,Charge 6
2025-11-12T04:53:19Z,70.0,Charge 6
2025-11-12T04:53:20Z,70.0,Charge 6
2025-11-12T04:53:21Z,71.0,Charge 6
2025-11-12T04:53:24Z,71.0,Charge 6
2025-11-12T04:53:25Z,72.0,Charge 6
2025-11-12T04:53:28Z,72.0,Charge 6
2025-11-12T04:53:31Z,72.0,Charge 6
2025-11-12T04:53:33Z,71.0,Charge 6
2025-11-12T04:53:35Z,70.0,Charge 6
2025-11-12T04:53:38Z,70.0,Charge 6
2025-11-12T04:53:41Z,70.0,Charge 6
2025-11-12T04:53:43Z,72.0,Charge 6
2025-11-12T04:53:46Z,72.0,Charge 6
2025-11-12T04:53:49Z,72.0,Charge 6
2025-11-12T04:53:50Z,72.0,Charge 6
2025-11-12T04:53:52Z,73.0,Charge 6
2025-11-12T04:53:55Z,73.0,Charge 6
2025-11-12T04:53:56Z,72.0,Charge 6
2025-11-12T04:53:59Z,72.0,Charge 6
2025-11-12T04:54:00Z,72.0,Charge 6
2025-11-12T04:54:02Z,71.0,Charge 6
2025-11-12T04:54:04Z,72.0,Charge 6
2025-11-12T04:54:07Z,72.0,Charge 6
2025-11-12T04:54:10Z,72.0,Charge 6
2025-11-12T04:54:11Z,71.0,Charge 6
2025-11-12T04:54:13Z,70.0,Charge 6
2025-11-12T04:54:15Z,71.0,Charge 6
2025-11-12T04:54:18Z,71.0,Charge 6
2025-11-12T04:54:19Z,72.0,Charge 6
2025-11-12T04:54:21Z,74.0,Charge 6
2025-11-12T04:54:24Z,74.0,Charge 6
2025-11-12T04:54:27Z,73.0,Charge 6
2025-11-12T04:54:30Z,73.0,Charge 6
2025-11-12T04:54:33Z,73.0,Charge 6
2025-11-12T04:54:34Z,72.0,Charge 6
2025-11-12T04:54:36Z,71.0,Charge 6
2025-11-12T04:54:39Z,71.0,Charge 6
2025-11-12T04:54:40Z,70.0,Charge 6
2025-11-12T04:54:42Z,69.0,Charge 6
2025-11-12T04:54:44Z,70.0,Charge 6
2025-11-12T04:54:47Z,70.0,Charge 6
2025-11-12T04:54:50Z,70.0,Charge 6
2025-11-12T04:54:51Z,71.0,Charge 6
2025-11-12T04:54:53Z,72.0,Charge 6
2025-11-12T04:54:55Z,71.0,Charge 6
2025-11-12T04:54:56Z,72.0,Charge 6
2025-11-12T04:54:59Z,72.0,Charge 6
2025-11-12T04:55:02Z,72.0,Charge 6
2025-11-12T04:55:05Z,72.0,Charge 6
2025-11-12T04:55:08Z,71.0,Charge 6
2025-11-12T04:55:10Z,72.0,Charge 6
2025-11-12T04:55:13Z,72.0,Charge 6
2025-11-12T04:55:16Z,72.0,Charge 6
2025-11-12T04:55:18Z,74.0,Charge 6
2025-11-12T04:55:20Z,74.0,Charge 6
2025-11-12T04:55:23Z,76.0,Charge 6
2025-11-12T04:55:26Z,76.0,Charge 6
2025-11-12T04:55:27Z,75.0,Charge 6
2025-11-12T04:55:30Z,75.0,Charge 6
2025-11-12T04:55:31Z,74.0,Charge 6
2025-11-12T04:55:34Z,74.0,Charge 6
2025-11-12T04:55:35Z,75.0,Charge 6
2025-11-12T04:55:38Z,75.0,Charge 6
2025-11-12T04:55:41Z,75.0,Charge 6
2025-11-12T04:55:44Z,76.0,Charge 6
2025-11-12T04:55:47Z,76.0,Charge 6
2025-11-12T04:55:50Z,76.0,Charge 6
2025-11-12T04:55:53Z,76.0,Charge 6
2025-11-12T04:55:56Z,75.0,Charge 6
2025-11-12T04:55:59Z,75.0,Charge 6
2025-11-12T04:56:00Z,74.0,Charge 6
2025-11-12T04:56:03Z,74.0,Charge 6
2025-11-12T04:56:04Z,75.0,Charge 6
2025-11-12T04:56:07Z,75.0,Charge 6
2025-11-12T04:56:08Z,76.0,Charge 6
2025-11-12T04:56:09Z,77.0,Charge 6
2025-11-12T04:56:11Z,79.0,Charge 6
2025-11-12T04:56:13Z,80.0,Charge 6
2025-11-12T04:56:15Z,79.0,Charge 6
2025-11-12T04:56:18Z,79.0,Charge 6
2025-11-12T04:56:19Z,80.0,Charge 6
2025-11-12T04:56:21Z,79.0,Charge 6
2025-11-12T04:56:24Z,79.0,Charge 6
2025-11-12T04:56:27Z,77.0,Charge 6
2025-11-12T04:56:30Z,77.0,Charge 6
2025-11-12T04:56:32Z,76.0,Charge 6
2025-11-12T04:56:35Z,76.0,Charge 6
2025-11-12T04:56:36Z,75.0,Charge 6
2025-11-12T04:56:38Z,75.0,Charge 6
2025-11-12T04:56:41Z,75.0,Charge 6
2025-11-12T04:56:42Z,76.0,Charge 6
2025-11-12T04:56:45Z,76.0,Charge 6
2025-11-12T04:56:48Z,76.0,Charge 6
2025-11-12T04:56:51Z,76.0,Charge 6
2025-11-12T04:56:52Z,77.0,Charge 6
2025-11-12T04:56:55Z,77.0,Charge 6
2025-11-12T04:56:56Z,76.0,Charge 6
2025-11-12T04:56:57Z,75.0,Charge 6
2025-11-12T04:56:59Z,74.0,Charge 6
2025-11-12T04:57:02Z,74.0,Charge 6
2025-11-12T04:57:03Z,73.0,Charge 6
2025-11-12T04:57:06Z,73.0,Charge 6
2025-11-12T04:57:09Z,73.0,Charge 6
2025-11-12T04:57:12Z,73.0,Charge 6
2025-11-12T04:57:13Z,74.0,Charge 6
2025-11-12T04:57:16Z,74.0,Charge 6
2025-11-12T04:57:17Z,74.0,Charge 6
2025-11-12T04:57:20Z,76.0,Charge 6
2025-11-12T04:57:22Z,75.0,Charge 6
2025-11-12T04:57:25Z,75.0,Charge 6
2025-11-12T04:57:26Z,76.0,Charge 6
2025-11-12T04:57:28Z,79.0,Charge 6
2025-11-12T04:57:30Z,83.0,Charge 6
2025-11-12T04:57:32Z,86.0,Charge 6
2025-11-12T04:57:35Z,86.0,Charge 6
2025-11-12T04:57:36Z,86.0,Charge 6
2025-11-12T04:57:38Z,85.0,Charge 6
2025-11-12T04:57:40Z,82.0,Charge 6
2025-11-12T04:57:42Z,81.0,Charge 6
2025-11-12T04:57:44Z,80.0,Charge 6
2025-11-12T04:57:45Z,79.0,Charge 6
2025-11-12T04:57:47Z,78.0,Charge 6
2025-11-12T04:57:49Z,77.0,Charge 6
2025-11-12T04:57:51Z,78.0,Charge 6
2025-11-12T04:57:53Z,79.0,Charge 6
2025-11-12T04:57:55Z,81.0,Charge 6
2025-11-12T04:57:57Z,82.0,Charge 6
2025-11-12T04:57:59Z,81.0,Charge 6
2025-11-12T04:58:01Z,84.0,Charge 6
2025-11-12T04:58:04Z,84.0,Charge 6
2025-11-12T04:58:05Z,84.0,Charge 6
2025-11-12T04:58:07Z,84.0,Charge 6
2025-11-12T04:58:08Z,82.0,Charge 6
2025-11-12T04:58:11Z,82.0,Charge 6
2025-11-12T04:58:12Z,80.0,Charge 6
2025-11-12T04:58:14Z,79.0,Charge 6
2025-11-12T04:58:16Z,76.0,Charge 6
2025-11-12T04:58:18Z,74.0,Charge 6
2025-11-12T04:58:21Z,74.0,Charge 6
2025-11-12T04:58:22Z,75.0,Charge 6
2025-11-12T04:58:24Z,74.0,Charge 6
2025-11-12T04:58:26Z,73.0,Charge 6
2025-11-12T04:58:28Z,74.0,Charge 6
2025-11-12T04:58:31Z,74.0,Charge 6
2025-11-12T04:58:34Z,74.0,Charge 6
2025-11-12T04:58:35Z,72.0,Charge 6
2025-11-12T04:58:38Z,72.0,Charge 6
2025-11-12T04:58:41Z,71.0,Charge 6
2025-11-12T04:58:44Z,71.0,Charge 6
2025-11-12T04:58:45Z,72.0,Charge 6
2025-11-12T04:58:48Z,72.0,Charge 6
2025-11-12T04:58:49Z,72.0,Charge 6
2025-11-12T04:58:52Z,72.0,Charge 6
2025-11-12T04:58:53Z,74.0,Charge 6
2025-11-12T04:58:56Z,74.0,Charge 6
2025-11-12T04:58:58Z,72.0,Charge 6
2025-11-12T04:59:01Z,72.0,Charge 6
2025-11-12T04:59:04Z,72.0,Charge 6
2025-11-12T04:59:07Z,72.0,Charge 6
2025-11-12T04:59:10Z,71.0,Charge 6
2025-11-12T04:59:12Z,70.0,Charge 6
2025-11-12T04:59:14Z,71.0,Charge 6
2025-11-12T04:59:16Z,70.0,Charge 6
2025-11-12T04:59:18Z,71.0,Charge 6
2025-11-12T04:59:20Z,72.0,Charge 6
2025-11-12T04:59:23Z,72.0,Charge 6
2025-11-12T04:59:26Z,72.0,Charge 6
2025-11-12T04:59:29Z,72.0,Charge 6
2025-11-12T04:59:32Z,72.0,Charge 6
2025-11-12T04:59:33Z,72.0,Charge 6
2025-11-12T04:59:36Z,72.0,Charge 6
2025-11-12T04:59:39Z,72.0,Charge 6
2025-11-12T04:59:42Z,72.0,Charge 6
2025-11-12T04:59:45Z,72.0,Charge 6
2025-11-12T04:59:48Z,72.0,Charge 6
2025-11-12T04:59:51Z,72.0,Charge 6
2025-11-12T04:59:54Z,72.0,Charge 6
2025-11-12T04:59:57Z,72.0,Charge 6
2025-11-12T05:00:00Z,72.0,Charge 6
2025-11-12T05:00:02Z,73.0,Charge 6
2025-11-12T05:00:04Z,74.0,Charge 6
2025-11-12T05:00:06Z,75.0,Charge 6
2025-11-12T05:00:08Z,77.0,Charge 6
2025-11-12T05:00:09Z,78.0,Charge 6
2025-11-12T05:00:11Z,76.0,Charge 6
2025-11-12T05:00:14Z,76.0,Charge 6
2025-11-12T05:00:17Z,75.0,Charge 6
2025-11-12T05:00:20Z,75.0,Charge 6
2025-11-12T05:00:21Z,74.0,Charge 6
2025-11-12T05:00:23Z,75.0,Charge 6
2025-11-12T05:00:25Z,74.0,Charge 6
2025-11-12T05:00:27Z,74.0,Charge 6
2025-11-12T05:00:29Z,72.0,Charge 6
2025-11-12T05:00:32Z,72.0,Charge 6
2025-11-12T05:00:34Z,71.0,Charge 6
2025-11-12T05:00:36Z,70.0,Charge 6
2025-11-12T05:00:38Z,71.0,Charge 6
2025-11-12T05:00:41Z,71.0,Charge 6
2025-11-12T05:00:42Z,72.0,Charge 6
2025-11-12T05:00:44Z,73.0,Charge 6
2025-11-12T05:00:46Z,72.0,Charge 6
2025-11-12T05:00:49Z,72.0,Charge 6
2025-11-12T05:00:50Z,73.0,Charge 6
2025-11-12T05:00:53Z,73.0,Charge 6
2025-11-12T05:00:56Z,73.0,Charge 6
2025-11-12T05:00:59Z,72.0,Charge 6
2025-11-12T05:01:01Z,72.0,Charge 6
2025-11-12T05:01:04Z,72.0,Charge 6
2025-11-12T05:01:07Z,72.0,Charge 6
2025-11-12T05:01:10Z,72.0,Charge 6
2025-11-12T05:01:13Z,71.0,Charge 6
2025-11-12T05:01:15Z,70.0,Charge 6
2025-11-12T05:01:18Z,70.0,Charge 6
2025-11-12T05:01:21Z,70.0,Charge 6
2025-11-12T05:01:24Z,70.0,Charge 6
2025-11-12T05:01:26Z,71.0,Charge 6
2025-11-12T05:01:29Z,71.0,Charge 6
2025-11-12T05:01:30Z,72.0,Charge 6
2025-11-12T05:01:33Z,72.0,Charge 6
2025-11-12T05:01:34Z,71.0,Charge 6
2025-11-12T05:01:36Z,70.0,Charge 6
2025-11-12T05:01:39Z,70.0,Charge 6
2025-11-12T05:01:42Z,70.0,Charge 6
2025-11-12T05:01:44Z,71.0,Charge 6
2025-11-12T05:01:47Z,71.0,Charge 6
2025-11-12T05:01:49Z,74.0,Charge 6
2025-11-12T05:01:51Z,76.0,Charge 6
2025-11-12T05:01:54Z,76.0,Charge 6
2025-11-12T05:01:55Z,77.0,Charge 6
2025-11-12T05:01:57Z,78.0,Charge 6
2025-11-12T05:02:00Z,78.0,Charge 6
2025-11-12T05:02:01Z,75.0,Charge 6
2025-11-12T05:02:03Z,72.0,Charge 6
2025-11-12T05:02:06Z,72.0,Charge 6
2025-11-12T05:02:09Z,72.0,Charge 6
2025-11-12T05:02:10Z,71.0,Charge 6
2025-11-12T05:02:12Z,71.0,Charge 6
2025-11-12T05:02:15Z,71.0,Charge 6
2025-11-12T05:02:18Z,70.0,Charge 6
2025-11-12T05:02:20Z,70.0,Charge 6
2025-11-12T05:02:22Z,72.0,Charge 6
2025-11-12T05:02:25Z,72.0,Charge 6
2025-11-12T05:02:28Z,71.0,Charge 6
2025-11-12T05:02:30Z,71.0,Charge 6
2025-11-12T05:02:33Z,71.0,Charge 6
2025-11-12T05:02:35Z,70.0,Charge 6
2025-11-12T05:02:38Z,70.0,Charge 6
2025-11-12T05:02:41Z,70.0,Charge 6
2025-11-12T05:02:43Z,71.0,Charge 6
2025-11-12T05:02:45Z,73.0,Charge 6
2025-11-12T05:02:47Z,75.0,Charge 6
2025-11-12T05:02:49Z,79.0,Charge 6
2025-11-12T05:02:51Z,78.0,Charge 6
2025-11-12T05:02:53Z,77.0,Charge 6
2025-11-12T05:02:55Z,79.0,Charge 6
2025-11-12T05:02:56Z,82.0,Charge 6
2025-11-12T05:02:58Z,80.0,Charge 6
2025-11-12T05:03:00Z,79.0,Charge 6
2025-11-12T05:03:02Z,78.0,Charge 6
2025-11-12T05:03:05Z,78.0,Charge 6
2025-11-12T05:03:08Z,77.0,Charge 6
2025-11-12T05:03:11Z,77.0,Charge 6
2025-11-12T05:03:14Z,76.0,Charge 6
2025-11-12T05:03:16Z,74.0,Charge 6
2025-11-12T05:03:19Z,74.0,Charge 6
2025-11-12T05:03:22Z,74.0,Charge 6
2025-11-12T05:03:23Z,73.0,Charge 6
2025-11-12T05:03:25Z,72.0,Charge 6
2025-11-12T05:03:28Z,72.0,Charge 6
2025-11-12T05:03:29Z,72.0,Charge 6
2025-11-12T05:03:31Z,72.0,Charge 6
2025-11-12T05:03:34Z,72.0,Charge 6
2025-11-12T05:03:35Z,71.0,Charge 6
2025-11-12T05:03:38Z,71.0,Charge 6
2025-11-12T05:03:39Z,70.0,Charge 6
2025-11-12T05:03:42Z,70.0,Charge 6
2025-11-12T05:03:43Z,71.0,Charge 6
2025-11-12T05:03:44Z,72.0,Charge 6
2025-11-12T05:03:46Z,73.0,Charge 6
2025-11-12T05:03:48Z,74.0,Charge 6
2025-11-12T05:03:50Z,75.0,Charge 6
2025-11-12T05:03:53Z,75.0,Charge 6
2025-11-12T05:03:56Z,76.0,Charge 6
2025-11-12T05:03:58Z,75.0,Charge 6
2025-11-12T05:04:00Z,75.0,Charge 6
2025-11-12T05:04:03Z,75.0,Charge 6
2025-11-12T05:04:06Z,75.0,Charge 6
2025-11-12T05:04:09Z,78.0,Charge 6
2025-11-12T05:04:11Z,79.0,Charge 6
2025-11-12T05:04:13Z,77.0,Charge 6
2025-11-12T05:04:15Z,76.0,Charge 6
2025-11-12T05:04:17Z,74.0,Charge 6
2025-11-12T05:04:19Z,73.0,Charge 6
2025-11-12T05:04:22Z,73.0,Charge 6
2025-11-12T05:04:23Z,72.0,Charge 6
2025-11-12T05:04:25Z,71.0,Charge 6
2025-11-12T05:04:27Z,70.0,Charge 6
2025-11-12T05:04:30Z,70.0,Charge 6
2025-11-12T05:04:33Z,70.0,Charge 6
2025-11-12T05:04:36Z,71.0,Charge 6
2025-11-12T05:04:39Z,71.0,Charge 6
2025-11-12T05:04:42Z,71.0,Charge 6
2025-11-12T05:04:44Z,70.0,Charge 6
2025-11-12T05:04:47Z,70.0,Charge 6
2025-11-12T05:04:48Z,70.0,Charge 6
2025-11-12T05:04:50Z,71.0,Charge 6
2025-11-12T05:04:52Z,72.0,Charge 6
2025-11-12T05:04:55Z,72.0,Charge 6
2025-11-12T05:04:58Z,72.0,Charge 6
2025-11-12T05:05:01Z,72.0,Charge 6
2025-11-12T05:05:03Z,73.0,Charge 6
2025-11-12T05:05:06Z,73.0,Charge 6
2025-11-12T05:05:09Z,73.0,Charge 6
2025-11-12T05:05:11Z,72.0,Charge 6
2025-11-12T05:05:14Z,72.0,Charge 6
2025-11-12T05:05:15Z,74.0,Charge 6
2025-11-12T05:05:17Z,75.0,Charge 6
2025-11-12T05:05:20Z,76.0,Charge 6
2025-11-12T05:05:22Z,75.0,Charge 6
2025-11-12T05:05:24Z,76.0,Charge 6
2025-11-12T05:05:27Z,76.0,Charge 6
2025-11-12T05:05:28Z,74.0,Charge 6
2025-11-12T05:05:31Z,74.0,Charge 6
2025-11-12T05:05:32Z,72.0,Charge 6
2025-11-12T05:05:34Z,71.0,Charge 6
2025-11-12T05:05:36Z,70.0,Charge 6
2025-11-12T05:05:39Z,70.0,Charge 6
2025-11-12T05:05:40Z,69.0,Charge 6
2025-11-12T05:05:42Z,68.0,Charge 6
2025-11-12T05:05:45Z,69.0,Charge 6
2025-11-12T05:05:47Z,70.0,Charge 6
2025-11-12T05:05:49Z,70.0,Charge 6
2025-11-12T05:05:51Z,71.0,Charge 6
2025-11-12T05:05:53Z,72.0,Charge 6
2025-11-12T05:05:56Z,72.0,Charge 6
2025-11-12T05:05:59Z,72.0,Charge 6
2025-11-12T05:06:02Z,72.0,Charge 6
2025-11-12T05:06:05Z,71.0,Charge 6
2025-11-12T05:06:08Z,70.0,Charge 6
2025-11-12T05:06:11Z,70.0,Charge 6
2025-11-12T05:06:12Z,71.0,Charge 6
2025-11-12T05:06:14Z,70.0,Charge 6
2025-11-12T05:06:16Z,72.0,Charge 6
2025-11-12T05:06:19Z,72.0,Charge 6
2025-11-12T05:06:22Z,73.0,Charge 6
2025-11-12T05:06:25Z,73.0,Charge 6
2025-11-12T05:06:26Z,72.0,Charge 6
2025-11-12T05:06:29Z,72.0,Charge 6
2025-11-12T05:06:30Z,71.0,Charge 6
2025-11-12T05:06:32Z,71.0,Charge 6
2025-11-12T05:06:33Z,72.0,Charge 6
2025-11-12T05:06:35Z,72.0,Charge 6
2025-11-12T05:06:38Z,72.0,Charge 6
2025-11-12T05:06:39Z,73.0,Charge 6
2025-11-12T05:06:41Z,74.0,Charge 6
2025-11-12T05:06:44Z,74.0,Charge 6
2025-11-12T05:06:45Z,75.0,Charge 6
2025-11-12T05:06:47Z,76.0,Charge 6
2025-11-12T05:06:49Z,73.0,Charge 6
2025-11-12T05:06:51Z,71.0,Charge 6
2025-11-12T05:06:54Z,71.0,Charge 6
2025-11-12T05:06:55Z,70.0,Charge 6
2025-11-12T05:06:58Z,70.0,Charge 6
2025-11-12T05:07:01Z,70.0,Charge 6
2025-11-12T05:07:02Z,70.0,Charge 6
2025-11-12T05:07:05Z,70.0,Charge 6
2025-11-12T05:07:08Z,71.0,Charge 6
2025-11-12T05:07:11Z,71.0,Charge 6
2025-11-12T05:07:14Z,72.0,Charge 6
2025-11-12T05:07:17Z,72.0,Charge 6
2025-11-12T05:07:20Z,72.0,Charge 6
2025-11-12T05:07:23Z,72.0,Charge 6
2025-11-12T05:07:26Z,72.0,Charge 6
2025-11-12T05:07:27Z,73.0,Charge 6
2025-11-12T05:07:29Z,74.0,Charge 6
2025-11-12T05:07:32Z,74.0,Charge 6
2025-11-12T05:07:33Z,75.0,Charge 6
2025-11-12T05:07:35Z,76.0,Charge 6
2025-11-12T05:07:37Z,78.0,Charge 6
2025-11-12T05:07:39Z,79.0,Charge 6
2025-11-12T05:07:41Z,78.0,Charge 6
2025-11-12T05:07:44Z,78.0,Charge 6
2025-11-12T05:07:46Z,77.0,Charge 6
2025-11-12T05:07:48Z,76.0,Charge 6
2025-11-12T05:07:50Z,74.0,Charge 6
2025-11-12T05:07:52Z,73.0,Charge 6
2025-11-12T05:07:54Z,72.0,Charge 6
2025-11-12T05:07:57Z,72.0,Charge 6
2025-11-12T05:07:58Z,71.0,Charge 6
2025-11-12T05:08:01Z,71.0,Charge 6
2025-11-12T05:08:02Z,70.0,Charge 6
2025-11-12T05:08:05Z,70.0,Charge 6
2025-11-12T05:08:06Z,70.0,Charge 6
2025-11-12T05:08:08Z,72.0,Charge 6
2025-11-12T05:08:11Z,73.0,Charge 6
2025-11-12T05:08:14Z,73.0,Charge 6
2025-11-12T05:08:15Z,74.0,Charge 6
2025-11-12T05:08:18Z,74.0,Charge 6
2025-11-12T05:08:19Z,76.0,Charge 6
2025-11-12T05:08:21Z,75.0,Charge 6
2025-11-12T05:08:23Z,74.0,Charge 6
2025-11-12T05:08:26Z,74.0,Charge 6
2025-11-12T05:08:27Z,73.0,Charge 6
2025-11-12T05:08:29Z,72.0,Charge 6
2025-11-12T05:08:32Z,73.0,Charge 6
2025-11-12T05:08:34Z,74.0,Charge 6
2025-11-12T05:08:37Z,74.0,Charge 6
2025-11-12T05:08:40Z,74.0,Charge 6
2025-11-12T05:08:43Z,74.0,Charge 6
2025-11-12T05:08:44Z,76.0,Charge 6
2025-11-12T05:08:47Z,76.0,Charge 6
2025-11-12T05:08:50Z,74.0,Charge 6
2025-11-12T05:08:52Z,74.0,Charge 6
2025-11-12T05:08:55Z,74.0,Charge 6
2025-11-12T05:08:57Z,73.0,Charge 6
2025-11-12T05:09:00Z,73.0,Charge 6
2025-11-12T05:09:03Z,73.0,Charge 6
2025-11-12T05:09:05Z,72.0,Charge 6
2025-11-12T05:09:08Z,72.0,Charge 6
2025-11-12T05:09:11Z,72.0,Charge 6
2025-11-12T05:09:13Z,72.0,Charge 6
2025-11-12T05:09:16Z,72.0,Charge 6
2025-11-12T05:09:19Z,72.0,Charge 6
2025-11-12T05:09:22Z,71.0,Charge 6
2025-11-12T05:09:24Z,71.0,Charge 6
2025-11-12T05:09:26Z,72.0,Charge 6
2025-11-12T05:09:29Z,72.0,Charge 6
2025-11-12T05:09:32Z,72.0,Charge 6
2025-11-12T05:09:34Z,71.0,Charge 6
2025-11-12T05:09:36Z,70.0,Charge 6
2025-11-12T05:09:38Z,71.0,Charge 6
2025-11-12T05:09:40Z,72.0,Charge 6
2025-11-12T05:09:42Z,71.0,Charge 6
2025-11-12T05:09:44Z,70.0,Charge 6
2025-11-12T05:09:47Z,70.0,Charge 6
2025-11-12T05:09:50Z,70.0,Charge 6
2025-11-12T05:09:51Z,71.0,Charge 6
2025-11-12T05:09:54Z,72.0,Charge 6
2025-11-12T05:09:57Z,72.0,Charge 6
2025-11-12T05:09:58Z,72.0,Charge 6
2025-11-12T05:10:01Z,72.0,Charge 6
2025-11-12T05:10:02Z,73.0,Charge 6
2025-11-12T05:10:04Z,75.0,Charge 6
2025-11-12T05:10:05Z,78.0,Charge 6
2025-11-12T05:10:07Z,80.0,Charge 6
2025-11-12T05:10:10Z,80.0,Charge 6
2025-11-12T05:10:11Z,78.0,Charge 6
2025-11-12T05:10:13Z,78.0,Charge 6
2025-11-12T05:10:15Z,81.0,Charge 6
2025-11-12T05:10:17Z,83.0,Charge 6
2025-11-12T05:10:19Z,84.0,Charge 6
2025-11-12T05:10:21Z,83.0,Charge 6
2025-11-12T05:10:23Z,81.0,Charge 6
2025-11-12T05:10:25Z,78.0,Charge 6
2025-11-12T05:10:28Z,78.0,Charge 6
2025-11-12T05:10:30Z,80.0,Charge 6
2025-11-12T05:10:32Z,81.0,Charge 6
2025-11-12T05:10:34Z,80.0,Charge 6
2025-11-12T05:10:37Z,80.0,Charge 6
2025-11-12T05:10:40Z,80.0,Charge 6
2025-11-12T05:10:42Z,78.0,Charge 6
2025-11-12T05:10:44Z,76.0,Charge 6
2025-11-12T05:10:46Z,74.0,Charge 6
2025-11-12T05:10:48Z,74.0,Charge 6
2025-11-12T05:10:50Z,77.0,Charge 6
2025-11-12T05:10:52Z,78.0,Charge 6
2025-11-12T05:10:53Z,80.0,Charge 6
2025-11-12T05:10:55Z,82.0,Charge 6
2025-11-12T05:10:57Z,82.0,Charge 6
2025-11-12T05:10:59Z,84.0,Charge 6
2025-11-12T05:11:02Z,84.0,Charge 6
2025-11-12T05:11:05Z,85.0,Charge 6
2025-11-12T05:11:08Z,85.0,Charge 6
2025-11-12T05:11:09Z,84.0,Charge 6
2025-11-12T05:11:11Z,82.0,Charge 6
2025-11-12T05:11:13Z,80.0,Charge 6
2025-11-12T05:11:16Z,81.0,Charge 6
2025-11-12T05:11:18Z,82.0,Charge 6
2025-11-12T05:11:20Z,85.0,Charge 6
2025-11-12T05:11:22Z,91.0,Charge 6
2025-11-12T05:11:24Z,89.0,Charge 6
2025-11-12T05:11:26Z,87.0,Charge 6
2025-11-12T05:11:28Z,84.0,Charge 6
2025-11-12T05:11:30Z,80.0,Charge 6
2025-11-12T05:11:32Z,80.0,Charge 6
2025-11-12T05:11:34Z,80.0,Charge 6
2025-11-12T05:11:36Z,79.0,Charge 6
2025-11-12T05:11:39Z,79.0,Charge 6
2025-11-12T05:11:42Z,79.0,Charge 6
2025-11-12T05:11:43Z,78.0,Charge 6
2025-11-12T05:11:45Z,75.0,Charge 6
2025-11-12T05:11:47Z,74.0,Charge 6
2025-11-12T05:11:49Z,73.0,Charge 6
2025-11-12T05:11:51Z,73.0,Charge 6
2025-11-12T05:11:53Z,74.0,Charge 6
2025-11-12T05:11:56Z,74.0,Charge 6
2025-11-12T05:11:57Z,73.0,Charge 6
2025-11-12T05:12:00Z,73.0,Charge 6
2025-11-12T05:12:03Z,74.0,Charge 6
2025-11-12T05:12:04Z,77.0,Charge 6
2025-11-12T05:12:07Z,77.0,Charge 6
2025-11-12T05:12:10Z,75.0,Charge 6
2025-11-12T05:12:12Z,73.0,Charge 6
2025-11-12T05:12:14Z,72.0,Charge 6
2025-11-12T05:12:16Z,70.0,Charge 6
2025-11-12T05:12:18Z,70.0,Charge 6
2025-11-12T05:12:20Z,69.0,Charge 6
2025-11-12T05:12:22Z,68.0,Charge 6
2025-11-12T05:12:25Z,68.0,Charge 6
2025-11-12T05:12:26Z,67.0,Charge 6
2025-11-12T05:12:28Z,67.0,Charge 6
2025-11-12T05:12:29Z,68.0,Charge 6
2025-11-12T05:12:31Z,69.0,Charge 6
2025-11-12T05:12:33Z,70.0,Charge 6
2025-11-12T05:12:35Z,72.0,Charge 6
2025-11-12T05:12:37Z,73.0,Charge 6
2025-11-12T05:12:39Z,76.0,Charge 6
2025-11-12T05:12:41Z,79.0,Charge 6
2025-11-12T05:12:43Z,82.0,Charge 6
2025-11-12T05:12:45Z,84.0,Charge 6
2025-11-12T05:12:47Z,84.0,Charge 6
2025-11-12T05:12:49Z,86.0,Charge 6
2025-11-12T05:12:51Z,89.0,Charge 6
2025-11-12T05:12:52Z,88.0,Charge 6
2025-11-12T05:12:54Z,87.0,Charge 6
2025-11-12T05:12:56Z,88.0,Charge 6
2025-11-12T05:12:59Z,88.0,Charge 6
2025-11-12T05:13:00Z,86.0,Charge 6
2025-11-12T05:13:02Z,83.0,Charge 6
2025-11-12T05:13:04Z,81.0,Charge 6
2025-11-12T05:13:07Z,81.0,Charge 6
2025-11-12T05:13:08Z,83.0,Charge 6
2025-11-12T05:13:10Z,83.0,Charge 6
2025-11-12T05:13:12Z,83.0,Charge 6
2025-11-12T05:13:14Z,81.0,Charge 6
2025-11-12T05:13:16Z,82.0,Charge 6
2025-11-12T05:13:17Z,83.0,Charge 6
2025-11-12T05:13:19Z,84.0,Charge 6
2025-11-12T05:13:22Z,84.0,Charge 6
2025-11-12T05:13:23Z,83.0,Charge 6
2025-11-12T05:13:25Z,84.0,Charge 6
2025-11-12T05:13:27Z,86.0,Charge 6
2025-11-12T05:13:29Z,89.0,Charge 6
2025-11-12T05:13:31Z,93.0,Charge 6
2025-11-12T05:13:33Z,92.0,Charge 6
2025-11-12T05:13:35Z,91.0,Charge 6
2025-11-12T05:13:37Z,92.0,Charge 6
2025-11-12T05:13:39Z,96.0,Charge 6
2025-11-12T05:13:40Z,97.0,Charge 6
2025-11-12T05:13:42Z,96.0,Charge 6
2025-11-12T05:13:44Z,93.0,Charge 6
2025-11-12T05:13:46Z,91.0,Charge 6
2025-11-12T05:13:48Z,89.0,Charge 6
2025-11-12T05:13:50Z,90.0,Charge 6
2025-11-12T05:13:52Z,91.0,Charge 6
2025-11-12T05:13:54Z,90.0,Charge 6
2025-11-12T05:13:56Z,89.0,Charge 6
2025-11-12T05:13:58Z,86.0,Charge 6
2025-11-12T05:14:00Z,84.0,Charge 6
2025-11-12T05:14:03Z,84.0,Charge 6
2025-11-12T05:14:05Z,82.0,Charge 6
2025-11-12T05:14:07Z,80.0,Charge 6
2025-11-12T05:14:09Z,78.0,Charge 6
2025-11-12T05:14:11Z,77.0,Charge 6
2025-11-12T05:14:14Z,77.0,Charge 6
2025-11-12T05:14:17Z,78.0,Charge 6
2025-11-12T05:14:19Z,81.0,Charge 6
2025-11-12T05:14:21Z,82.0,Charge 6
2025-11-12T05:14:24Z,82.0,Charge 6
2025-11-12T05:14:25Z,80.0,Charge 6
2025-11-12T05:14:27Z,79.0,Charge 6
2025-11-12T05:14:28Z,80.0,Charge 6
2025-11-12T05:14:31Z,80.0,Charge 6
2025-11-12T05:14:32Z,78.0,Charge 6
2025-11-12T05:14:34Z,77.0,Charge 6
2025-11-12T05:14:36Z,78.0,Charge 6
2025-11-12T05:14:39Z,78.0,Charge 6
2025-11-12T05:14:42Z,80.0,Charge 6
2025-11-12T05:14:44Z,82.0,Charge 6
2025-11-12T05:14:47Z,82.0,Charge 6
2025-11-12T05:14:50Z,81.0,Charge 6
2025-11-12T05:14:52Z,80.0,Charge 6
2025-11-12T05:14:53Z,79.0,Charge 6
2025-11-12T05:14:55Z,78.0,Charge 6
2025-11-12T05:14:58Z,78.0,Charge 6
2025-11-12T05:14:59Z,77.0,Charge 6
2025-11-12T05:15:01Z,76.0,Charge 6
2025-11-12T05:15:03Z,75.0,Charge 6
2025-11-12T05:15:06Z,75.0,Charge 6
2025-11-12T05:15:07Z,74.0,Charge 6
2025-11-12T05:15:09Z,73.0,Charge 6
2025-11-12T05:15:12Z,73.0,Charge 6
2025-11-12T05:15:13Z,72.0,Charge 6
2025-11-12T05:15:15Z,71.0,Charge 6
2025-11-12T05:15:16Z,70.0,Charge 6
2025-11-12T05:15:18Z,69.0,Charge 6
2025-11-12T05:15:21Z,69.0,Charge 6
2025-11-12T05:15:22Z,68.0,Charge 6
2025-11-12T05:15:25Z,68.0,Charge 6
2025-11-12T05:15:28Z,69.0,Charge 6
2025-11-12T05:15:31Z,69.0,Charge 6
2025-11-12T05:15:32Z,69.0,Charge 6
2025-11-12T05:15:35Z,69.0,Charge 6
2025-11-12T05:15:36Z,70.0,Charge 6
2025-11-12T05:15:39Z,70.0,Charge 6
2025-11-12T05:15:40Z,71.0,Charge 6
2025-11-12T05:15:41Z,70.0,Charge 6
2025-11-12T05:15:44Z,70.0,Charge 6
2025-11-12T05:15:45Z,71.0,Charge 6
2025-11-12T05:15:48Z,71.0,Charge 6
2025-11-12T05:15:49Z,70.0,Charge 6
2025-11-12T05:15:51Z,69.0,Charge 6
2025-11-12T05:15:54Z,69.0,Charge 6
2025-11-12T05:15:57Z,70.0,Charge 6
2025-11-12T05:16:00Z,70.0,Charge 6
2025-11-12T05:16:01Z,71.0,Charge 6
2025-11-12T05:16:03Z,72.0,Charge 6
2025-11-12T05:16:06Z,72.0,Charge 6
2025-11-12T05:16:08Z,75.0,Charge 6
2025-11-12T05:16:10Z,77.0,Charge 6
2025-11-12T05:16:12Z,78.0,Charge 6
2025-11-12T05:16:14Z,76.0,Charge 6
2025-11-12T05:16:16Z,74.0,Charge 6
2025-11-12T05:16:18Z,71.0,Charge 6
2025-11-12T05:16:20Z,72.0,Charge 6
2025-11-12T05:16:22Z,74.0,Charge 6
2025-11-12T05:16:24Z,76.0,Charge 6
2025-11-12T05:16:26Z,76.0,Charge 6
2025-11-12T05:16:28Z,74.0,Charge 6
2025-11-12T05:16:29Z,73.0,Charge 6
2025-11-12T05:16:32Z,73.0,Charge 6
2025-11-12T05:16:35Z,73.0,Charge 6
2025-11-12T05:16:37Z,74.0,Charge 6
2025-11-12T05:16:39Z,73.0,Charge 6
2025-11-12T05:16:42Z,73.0,Charge 6
2025-11-12T05:16:43Z,75.0,Charge 6
2025-11-12T05:16:45Z,74.0,Charge 6
2025-11-12T05:16:48Z,74.0,Charge 6
2025-11-12T05:16:49Z,78.0,Charge 6
2025-11-12T05:16:51Z,80.0,Charge 6
2025-11-12T05:16:52Z,85.0,Charge 6
2025-11-12T05:16:54Z,86.0,Charge 6
2025-11-12T05:16:56Z,83.0,Charge 6
2025-11-12T05:16:58Z,81.0,Charge 6
2025-11-12T05:17:00Z,82.0,Charge 6
2025-11-12T05:17:03Z,82.0,Charge 6
2025-11-12T05:17:04Z,83.0,Charge 6
2025-11-12T05:17:06Z,86.0,Charge 6
2025-11-12T05:17:09Z,86.0,Charge 6
2025-11-12T05:17:12Z,86.0,Charge 6
2025-11-12T05:17:14Z,85.0,Charge 6
2025-11-12T05:17:16Z,84.0,Charge 6
2025-11-12T05:17:17Z,83.0,Charge 6
2025-11-12T05:17:19Z,82.0,Charge 6
2025-11-12T05:17:21Z,81.0,Charge 6
2025-11-12T05:17:23Z,81.0,Charge 6
2025-11-12T05:17:25Z,79.0,Charge 6
2025-11-12T05:17:27Z,78.0,Charge 6
2025-11-12T05:17:29Z,77.0,Charge 6
2025-11-12T05:17:31Z,76.0,Charge 6
2025-11-12T05:17:34Z,76.0,Charge 6
2025-11-12T05:17:35Z,77.0,Charge 6
2025-11-12T05:17:37Z,79.0,Charge 6
2025-11-12T05:17:39Z,82.0,Charge 6
2025-11-12T05:17:40Z,83.0,Charge 6
2025-11-12T05:17:42Z,85.0,Charge 6
2025-11-12T05:17:44Z,87.0,Charge 6
2025-11-12T05:17:46Z,90.0,Charge 6
2025-11-12T05:17:48Z,94.0,Charge 6
2025-11-12T05:17:50Z,98.0,Charge 6
2025-11-12T05:17:52Z,99.0,Charge 6
2025-11-12T05:17:54Z,97.0,Charge 6
2025-11-12T05:17:56Z,93.0,Charge 6
2025-11-12T05:17:58Z,92.0,Charge 6
2025-11-12T05:18:00Z,93.0,Charge 6
2025-11-12T05:18:02Z,97.0,Charge 6
2025-11-12T05:18:05Z,94.0,Charge 6
2025-11-12T05:18:07Z,93.0,Charge 6
2025-11-12T05:18:09Z,94.0,Charge 6
2025-11-12T05:18:11Z,96.0,Charge 6
2025-11-12T05:18:14Z,96.0,Charge 6
2025-11-12T05:18:17Z,95.0,Charge 6
2025-11-12T05:18:19Z,94.0,Charge 6
2025-11-12T05:18:21Z,92.0,Charge 6
2025-11-12T05:18:23Z,90.0,Charge 6
2025-11-12T05:18:25Z,87.0,Charge 6
2025-11-12T05:18:27Z,82.0,Charge 6
2025-11-12T05:18:28Z,80.0,Charge 6
2025-11-12T05:18:30Z,79.0,Charge 6
2025-11-12T05:18:32Z,78.0,Charge 6
2025-11-12T05:18:34Z,77.0,Charge 6
2025-11-12T05:18:36Z,76.0,Charge 6
2025-11-12T05:18:38Z,74.0,Charge 6
2025-11-12T05:18:41Z,74.0,Charge 6
2025-11-12T05:18:42Z,73.0,Charge 6
2025-11-12T05:18:44Z,72.0,Charge 6
2025-11-12T05:18:47Z,72.0,Charge 6
2025-11-12T05:18:50Z,72.0,Charge 6
2025-11-12T05:18:53Z,72.0,Charge 6
2025-11-12T05:18:56Z,72.0,Charge 6
2025-11-12T05:18:57Z,72.0,Charge 6
2025-11-12T05:18:59Z,71.0,Charge 6
2025-11-12T05:19:01Z,71.0,Charge 6
2025-11-12T05:19:03Z,72.0,Charge 6
2025-11-12T05:19:06Z,72.0,Charge 6
2025-11-12T05:19:09Z,72.0,Charge 6
2025-11-12T05:19:11Z,72.0,Charge 6
2025-11-12T05:19:14Z,72.0,Charge 6
2025-11-12T05:19:15Z,72.0,Charge 6
2025-11-12T05:19:16Z,72.0,Charge 6
2025-11-12T05:19:19Z,72.0,Charge 6
2025-11-12T05:19:22Z,72.0,Charge 6
2025-11-12T05:19:25Z,72.0,Charge 6
2025-11-12T05:19:26Z,72.0,Charge 6
2025-11-12T05:19:28Z,71.0,Charge 6
2025-11-12T05:19:30Z,70.0,Charge 6
2025-11-12T05:19:33Z,70.0,Charge 6
2025-11-12T05:19:36Z,70.0,Charge 6
2025-11-12T05:19:38Z,70.0,Charge 6
2025-11-12T05:19:41Z,70.0,Charge 6
2025-11-12T05:19:44Z,70.0,Charge 6
2025-11-12T05:19:45Z,70.0,Charge 6
2025-11-12T05:19:48Z,70.0,Charge 6
2025-11-12T05:19:51Z,70.0,Charge 6
2025-11-12T05:19:54Z,70.0,Charge 6
2025-11-12T05:19:57Z,70.0,Charge 6
2025-11-12T05:19:59Z,70.0,Charge 6
2025-11-12T05:20:02Z,70.0,Charge 6
2025-11-12T05:20:03Z,71.0,Charge 6
2025-11-12T05:20:04Z,72.0,Charge 6
2025-11-12T05:20:07Z,72.0,Charge 6
2025-11-12T05:20:10Z,72.0,Charge 6
2025-11-12T05:20:13Z,72.0,Charge 6
2025-11-12T05:20:16Z,72.0,Charge 6
2025-11-12T05:20:18Z,72.0,Charge 6
2025-11-12T05:20:20Z,71.0,Charge 6
2025-11-12T05:20:22Z,71.0,Charge 6
2025-11-12T05:20:24Z,70.0,Charge 6
2025-11-12T05:20:26Z,70.0,Charge 6
2025-11-12T05:20:29Z,70.0,Charge 6
2025-11-12T05:20:32Z,70.0,Charge 6
2025-11-12T05:20:35Z,70.0,Charge 6
2025-11-12T05:20:37Z,70.0,Charge 6
2025-11-12T05:20:40Z,70.0,Charge 6
2025-11-12T05:20:43Z,70.0,Charge 6
2025-11-12T05:20:46Z,70.0,Charge 6
2025-11-12T05:20:47Z,70.0,Charge 6
2025-11-12T05:20:50Z,70.0,Charge 6
2025-11-12T05:20:53Z,70.0,Charge 6
2025-11-12T05:20:56Z,70.0,Charge 6
2025-11-12T05:20:59Z,70.0,Charge 6
2025-11-12T05:21:00Z,70.0,Charge 6
2025-11-12T05:21:02Z,71.0,Charge 6
2025-11-12T05:21:04Z,72.0,Charge 6
2025-11-12T05:21:06Z,71.0,Charge 6
2025-11-12T05:21:09Z,71.0,Charge 6
2025-11-12T05:21:12Z,71.0,Charge 6
2025-11-12T05:21:15Z,71.0,Charge 6
2025-11-12T05:21:16Z,70.0,Charge 6
2025-11-12T05:21:19Z,70.0,Charge 6
2025-11-12T05:21:22Z,70.0,Charge 6
2025-11-12T05:21:25Z,70.0,Charge 6
2025-11-12T05:21:28Z,70.0,Charge 6
2025-11-12T05:21:29Z,70.0,Charge 6
2025-11-12T05:21:32Z,70.0,Charge 6
2025-11-12T05:21:35Z,70.0,Charge 6
2025-11-12T05:21:38Z,70.0,Charge 6
2025-11-12T05:21:41Z,70.0,Charge 6
2025-11-12T05:21:44Z,71.0,Charge 6
2025-11-12T05:21:46Z,72.0,Charge 6
2025-11-12T05:21:49Z,72.0,Charge 6
2025-11-12T05:21:50Z,71.0,Charge 6
2025-11-12T05:21:52Z,70.0,Charge 6
2025-11-12T05:21:54Z,70.0,Charge 6
2025-11-12T05:21:57Z,70.0,Charge 6
2025-11-12T05:21:58Z,68.0,Charge 6
2025-11-12T05:22:00Z,69.0,Charge 6
2025-11-12T05:22:03Z,69.0,Charge 6
2025-11-12T05:22:05Z,70.0,Charge 6
2025-11-12T05:22:08Z,70.0,Charge 6
2025-11-12T05:22:11Z,69.0,Charge 6
2025-11-12T05:22:14Z,69.0,Charge 6
2025-11-12T05:22:15Z,70.0,Charge 6
2025-11-12T05:22:18Z,70.0,Charge 6
2025-11-12T05:22:21Z,70.0,Charge 6
2025-11-12T05:22:23Z,71.0,Charge 6
2025-11-12T05:22:25Z,72.0,Charge 6
2025-11-12T05:22:28Z,71.0,Charge 6
2025-11-12T05:22:30Z,70.0,Charge 6
2025-11-12T05:22:32Z,71.0,Charge 6
2025-11-12T05:22:34Z,71.0,Charge 6
2025-11-12T05:22:36Z,72.0,Charge 6
2025-11-12T05:22:39Z,72.0,Charge 6
2025-11-12T05:22:40Z,70.0,Charge 6
2025-11-12T05:22:42Z,69.0,Charge 6
2025-11-12T05:22:44Z,69.0,Charge 6
2025-11-12T05:22:47Z,69.0,Charge 6
2025-11-12T05:22:48Z,68.0,Charge 6
2025-11-12T05:22:51Z,68.0,Charge 6
2025-11-12T05:22:53Z,69.0,Charge 6
2025-11-12T05:22:56Z,69.0,Charge 6
2025-11-12T05:22:57Z,70.0,Charge 6
2025-11-12T05:23:00Z,70.0,Charge 6
2025-11-12T05:23:01Z,71.0,Charge 6
2025-11-12T05:23:04Z,71.0,Charge 6
2025-11-12T05:23:05Z,71.0,Charge 6
2025-11-12T05:23:08Z,71.0,Charge 6
2025-11-12T05:23:09Z,71.0,Charge 6
2025-11-12T05:23:11Z,72.0,Charge 6
2025-11-12T05:23:14Z,72.0,Charge 6
2025-11-12T05:23:15Z,74.0,Charge 6
2025-11-12T05:23:16Z,76.0,Charge 6
2025-11-12T05:23:18Z,75.0,Charge 6
2025-11-12T05:23:20Z,74.0,Charge 6
2025-11-12T05:23:22Z,70.0,Charge 6
2025-11-12T05:23:25Z,70.0,Charge 6
2025-11-12T05:23:26Z,69.0,Charge 6
2025-11-12T05:23:28Z,68.0,Charge 6
2025-11-12T05:23:30Z,68.0,Charge 6
2025-11-12T05:23:33Z,68.0,Charge 6
2025-11-12T05:23:34Z,67.0,Charge 6
2025-11-12T05:23:36Z,67.0,Charge 6
2025-11-12T05:23:38Z,66.0,Charge 6
2025-11-12T05:23:40Z,66.0,Charge 6
2025-11-12T05:23:41Z,66.0,Charge 6
2025-11-12T05:23:43Z,68.0,Charge 6
2025-11-12T05:23:45Z,67.0,Charge 6
2025-11-12T05:23:47Z,66.0,Charge 6
2025-11-12T05:23:50Z,66.0,Charge 6
2025-11-12T05:23:53Z,66.0,Charge 6
2025-11-12T05:23:55Z,66.0,Charge 6
2025-11-12T05:23:57Z,66.0,Charge 6
2025-11-12T05:24:00Z,66.0,Charge 6
2025-11-12T05:24:03Z,68.0,Charge 6
2025-11-12T05:24:06Z,68.0,Charge 6
2025-11-12T05:24:09Z,68.0,Charge 6
2025-11-12T05:24:12Z,68.0,Charge 6
2025-11-12T05:24:14Z,68.0,Charge 6
2025-11-12T05:24:17Z,68.0,Charge 6
2025-11-12T05:24:18Z,67.0,Charge 6
2025-11-12T05:24:20Z,68.0,Charge 6
2025-11-12T05:24:23Z,68.0,Charge 6
2025-11-12T05:24:24Z,68.0,Charge 6
2025-11-12T05:24:26Z,69.0,Charge 6
2025-11-12T05:24:28Z,70.0,Charge 6
2025-11-12T05:24:29Z,71.0,Charge 6
2025-11-12T05:24:31Z,73.0,Charge 6
2025-11-12T05:24:33Z,75.0,Charge 6
2025-11-12T05:24:35Z,74.0,Charge 6
2025-11-12T05:24:37Z,73.0,Charge 6
2025-11-12T05:24:39Z,71.0,Charge 6
2025-11-12T05:24:41Z,70.0,Charge 6
2025-11-12T05:24:43Z,71.0,Charge 6
2025-11-12T05:24:45Z,70.0,Charge 6
2025-11-12T05:24:47Z,68.0,Charge 6
2025-11-12T05:24:50Z,68.0,Charge 6
2025-11-12T05:24:51Z,67.0,Charge 6
2025-11-12T05:24:52Z,67.0,Charge 6
2025-11-12T05:24:54Z,68.0,Charge 6
2025-11-12T05:24:57Z,68.0,Charge 6
2025-11-12T05:25:00Z,68.0,Charge 6
2025-11-12T05:25:02Z,68.0,Charge 6
2025-11-12T05:25:05Z,68.0,Charge 6
2025-11-12T05:25:08Z,68.0,Charge 6
2025-11-12T05:25:11Z,68.0,Charge 6
2025-11-12T05:25:14Z,68.0,Charge 6
2025-11-12T05:25:17Z,67.0,Charge 6
2025-11-12T05:25:20Z,67.0,Charge 6
2025-11-12T05:25:21Z,68.0,Charge 6
2025-11-12T05:25:24Z,68.0,Charge 6
2025-11-12T05:25:27Z,68.0,Charge 6
2025-11-12T05:25:29Z,68.0,Charge 6
2025-11-12T05:25:32Z,68.0,Charge 6
2025-11-12T05:25:35Z,68.0,Charge 6
2025-11-12T05:25:38Z,68.0,Charge 6
2025-11-12T05:25:41Z,68.0,Charge 6
2025-11-12T05:25:44Z,69.0,Charge 6
2025-11-12T05:25:46Z,70.0,Charge 6
2025-11-12T05:25:49Z,70.0,Charge 6
2025-11-12T05:25:50Z,70.0,Charge 6
2025-11-12T05:25:52Z,70.0,Charge 6
2025-11-12T05:25:55Z,70.0,Charge 6
2025-11-12T05:25:56Z,69.0,Charge 6
2025-11-12T05:25:59Z,69.0,Charge 6
2025-11-12T05:26:00Z,70.0,Charge 6
2025-11-12T05:26:03Z,70.0,Charge 6
2025-11-12T05:26:04Z,70.0,Charge 6
2025-11-12T05:26:05Z,69.0,Charge 6
2025-11-12T05:26:07Z,68.0,Charge 6
2025-11-12T05:26:09Z,67.0,Charge 6
2025-11-12T05:26:11Z,66.0,Charge 6
2025-11-12T05:26:14Z,66.0,Charge 6
2025-11-12T05:26:17Z,66.0,Charge 6
2025-11-12T05:26:20Z,66.0,Charge 6
2025-11-12T05:26:21Z,66.0,Charge 6
2025-11-12T05:26:24Z,66.0,Charge 6
2025-11-12T05:26:25Z,66.0,Charge 6
2025-11-12T05:26:28Z,66.0,Charge 6
2025-11-12T05:26:29Z,66.0,Charge 6
2025-11-12T05:26:32Z,65.0,Charge 6
2025-11-12T05:26:34Z,66.0,Charge 6
2025-11-12T05:26:36Z,68.0,Charge 6
2025-11-12T05:26:39Z,68.0,Charge 6
2025-11-12T05:26:40Z,67.0,Charge 6
2025-11-12T05:26:43Z,67.0,Charge 6
2025-11-12T05:26:46Z,68.0,Charge 6
2025-11-12T05:26:48Z,68.0,Charge 6
2025-11-12T05:26:51Z,68.0,Charge 6
2025-11-12T05:26:53Z,68.0,Charge 6
2025-11-12T05:26:56Z,68.0,Charge 6
2025-11-12T05:26:57Z,70.0,Charge 6
2025-11-12T05:26:59Z,73.0,Charge 6
2025-11-12T05:27:01Z,75.0,Charge 6
2025-11-12T05:27:03Z,76.0,Charge 6
2025-11-12T05:27:05Z,75.0,Charge 6
2025-11-12T05:27:07Z,74.0,Charge 6
2025-11-12T05:27:09Z,73.0,Charge 6
2025-11-12T05:27:11Z,72.0,Charge 6
2025-11-12T05:27:13Z,70.0,Charge 6
2025-11-12T05:27:16Z,70.0,Charge 6
2025-11-12T05:27:19Z,70.0,Charge 6
2025-11-12T05:27:20Z,71.0,Charge 6
2025-11-12T05:27:22Z,76.0,Charge 6
2025-11-12T05:27:24Z,78.0,Charge 6
2025-11-12T05:27:26Z,79.0,Charge 6
2025-11-12T05:27:28Z,81.0,Charge 6
2025-11-12T05:27:30Z,82.0,Charge 6
2025-11-12T05:27:32Z,82.0,Charge 6
2025-11-12T05:27:34Z,80.0,Charge 6
2025-11-12T05:27:36Z,78.0,Charge 6
2025-11-12T05:27:39Z,78.0,Charge 6
2025-11-12T05:27:40Z,78.0,Charge 6
2025-11-12T05:27:41Z,76.0,Charge 6
2025-11-12T05:27:44Z,76.0,Charge 6
2025-11-12T05:27:45Z,74.0,Charge 6
2025-11-12T05:27:47Z,73.0,Charge 6
2025-11-12T05:27:49Z,74.0,Charge 6
2025-11-12T05:27:52Z,74.0,Charge 6
2025-11-12T05:27:53Z,72.0,Charge 6
2025-11-12T05:27:56Z,72.0,Charge 6
2025-11-12T05:27:59Z,71.0,Charge 6
2025-11-12T05:28:02Z,71.0,Charge 6
2025-11-12T05:28:03Z,70.0,Charge 6
2025-11-12T05:28:05Z,71.0,Charge 6
2025-11-12T05:28:08Z,72.0,Charge 6
2025-11-12T05:28:11Z,72.0,Charge 6
2025-11-12T05:28:12Z,73.0,Charge 6
2025-11-12T05:28:15Z,73.0,Charge 6
2025-11-12T05:28:16Z,72.0,Charge 6
2025-11-12T05:28:18Z,72.0,Charge 6
2025-11-12T05:28:21Z,72.0,Charge 6
2025-11-12T05:28:22Z,74.0,Charge 6
2025-11-12T05:28:24Z,76.0,Charge 6
2025-11-12T05:28:27Z,76.0,Charge 6
2025-11-12T05:28:30Z,76.0,Charge 6
2025-11-12T05:28:31Z,77.0,Charge 6
2025-11-12T05:28:33Z,76.0,Charge 6
2025-11-12T05:28:35Z,74.0,Charge 6
2025-11-12T05:28:37Z,72.0,Charge 6
2025-11-12T05:28:40Z,72.0,Charge 6
2025-11-12T05:28:43Z,72.0,Charge 6
2025-11-12T05:28:46Z,72.0,Charge 6
2025-11-12T05:28:47Z,73.0,Charge 6
2025-11-12T05:28:49Z,74.0,Charge 6
2025-11-12T05:28:51Z,75.0,Charge 6
2025-11-12T05:28:54Z,75.0,Charge 6
2025-11-12T05:28:56Z,74.0,Charge 6
2025-11-12T05:28:58Z,75.0,Charge 6
2025-11-12T05:29:01Z,75.0,Charge 6
2025-11-12T05:29:02Z,74.0,Charge 6
2025-11-12T05:29:04Z,75.0,Charge 6
2025-11-12T05:29:07Z,75.0,Charge 6
2025-11-12T05:29:08Z,76.0,Charge 6
2025-11-12T05:29:10Z,76.0,Charge 6
2025-11-12T05:29:13Z,76.0,Charge 6
2025-11-12T05:29:14Z,76.0,Charge 6
2025-11-12T05:29:16Z,77.0,Charge 6
2025-11-12T05:29:17Z,77.0,Charge 6
2025-11-12T05:29:20Z,77.0,Charge 6
2025-11-12T05:29:21Z,78.0,Charge 6
2025-11-12T05:29:24Z,78.0,Charge 6
2025-11-12T05:29:25Z,79.0,Charge 6
2025-11-12T05:29:27Z,78.0,Charge 6
2025-11-12T05:29:29Z,79.0,Charge 6
2025-11-12T05:29:32Z,79.0,Charge 6
2025-11-12T05:29:33Z,78.0,Charge 6
2025-11-12T05:29:35Z,78.0,Charge 6
2025-11-12T05:29:37Z,79.0,Charge 6
2025-11-12T05:29:39Z,80.0,Charge 6
2025-11-12T05:29:42Z,81.0,Charge 6
2025-11-12T05:29:44Z,82.0,Charge 6
2025-11-12T05:29:46Z,84.0,Charge 6
2025-11-12T05:29:49Z,84.0,Charge 6
2025-11-12T05:29:50Z,82.0,Charge 6
2025-11-12T05:29:52Z,81.0,Charge 6
2025-11-12T05:29:54Z,80.0,Charge 6
2025-11-12T05:29:57Z,80.0,Charge 6
2025-11-12T05:29:58Z,79.0,Charge 6
2025-11-12T05:30:00Z,78.0,Charge 6
2025-11-12T05:30:03Z,78.0,Charge 6
2025-11-12T05:30:05Z,78.0,Charge 6
2025-11-12T05:30:08Z,78.0,Charge 6
2025-11-12T05:30:11Z,78.0,Charge 6
2025-11-12T05:30:13Z,76.0,Charge 6
2025-11-12T05:30:16Z,76.0,Charge 6
2025-11-12T05:30:19Z,76.0,Charge 6
2025-11-12T05:30:21Z,77.0,Charge 6
2025-11-12T05:30:24Z,77.0,Charge 6
2025-11-12T05:30:25Z,76.0,Charge 6
2025-11-12T05:30:27Z,76.0,Charge 6
2025-11-12T05:30:29Z,77.0,Charge 6
2025-11-12T05:30:30Z,78.0,Charge 6
2025-11-12T05:30:32Z,83.0,Charge 6
2025-11-12T05:30:34Z,87.0,Charge 6
2025-11-12T05:30:36Z,89.0,Charge 6
2025-11-12T05:30:38Z,95.0,Charge 6
2025-11-12T05:30:40Z,97.0,Charge 6
2025-11-12T05:30:42Z,93.0,Charge 6
2025-11-12T05:30:44Z,81.0,Charge 6
2025-11-12T05:30:46Z,80.0,Charge 6
2025-11-12T05:30:48Z,77.0,Charge 6
2025-11-12T05:30:50Z,73.0,Charge 6
2025-11-12T05:30:52Z,71.0,Charge 6
2025-11-12T05:30:55Z,72.0,Charge 6
2025-11-12T05:30:57Z,71.0,Charge 6
2025-11-12T05:30:59Z,70.0,Charge 6
2025-11-12T05:31:01Z,69.0,Charge 6
2025-11-12T05:31:03Z,67.0,Charge 6
2025-11-12T05:31:05Z,67.0,Charge 6
2025-11-12T05:31:07Z,68.0,Charge 6
2025-11-12T05:31:09Z,69.0,Charge 6
2025-11-12T05:31:11Z,70.0,Charge 6
2025-11-12T05:31:13Z,70.0,Charge 6
2025-11-12T05:31:15Z,71.0,Charge 6
2025-11-12T05:31:17Z,70.0,Charge 6
2025-11-12T05:31:18Z,71.0,Charge 6
2025-11-12T05:31:20Z,70.0,Charge 6
2025-11-12T05:31:23Z,70.0,Charge 6
2025-11-12T05:31:26Z,69.0,Charge 6
2025-11-12T05:31:28Z,70.0,Charge 6
2025-11-12T05:31:30Z,71.0,Charge 6
2025-11-12T05:31:32Z,73.0,Charge 6
2025-11-12T05:31:34Z,72.0,Charge 6
2025-11-12T05:31:36Z,69.0,Charge 6
2025-11-12T05:31:38Z,68.0,Charge 6
2025-11-12T05:31:40Z,67.0,Charge 6
2025-11-12T05:31:43Z,68.0,Charge 6
2025-11-12T05:31:46Z,68.0,Charge 6
2025-11-12T05:31:49Z,68.0,Charge 6
2025-11-12T05:31:51Z,68.0,Charge 6
2025-11-12T05:31:53Z,66.0,Charge 6
2025-11-12T05:31:55Z,64.0,Charge 6
2025-11-12T05:31:58Z,64.0,Charge 6
2025-11-12T05:32:01Z,64.0,Charge 6
2025-11-12T05:32:04Z,64.0,Charge 6
2025-11-12T05:32:05Z,66.0,Charge 6
2025-11-12T05:32:06Z,71.0,Charge 6
2025-11-12T05:32:08Z,75.0,Charge 6
2025-11-12T05:32:10Z,72.0,Charge 6
2025-11-12T05:32:12Z,68.0,Charge 6
2025-11-12T05:32:14Z,66.0,Charge 6
2025-11-12T05:32:16Z,68.0,Charge 6
2025-11-12T05:32:19Z,68.0,Charge 6
2025-11-12T05:32:22Z,68.0,Charge 6
2025-11-12T05:32:25Z,68.0,Charge 6
2025-11-12T05:32:26Z,67.0,Charge 6
2025-11-12T05:32:28Z,69.0,Charge 6
2025-11-12T05:32:29Z,70.0,Charge 6
2025-11-12T05:32:32Z,70.0,Charge 6
2025-11-12T05:32:33Z,69.0,Charge 6
2025-11-12T05:32:35Z,68.0,Charge 6
2025-11-12T05:32:37Z,69.0,Charge 6
2025-11-12T05:32:40Z,69.0,Charge 6
2025-11-12T05:32:43Z,69.0,Charge 6
2025-11-12T05:32:46Z,69.0,Charge 6
2025-11-12T05:32:49Z,69.0,Charge 6
2025-11-12T05:32:52Z,69.0,Charge 6
2025-11-12T05:32:55Z,69.0,Charge 6
2025-11-12T05:32:56Z,70.0,Charge 6
2025-11-12T05:32:59Z,70.0,Charge 6
2025-11-12T05:33:00Z,71.0,Charge 6
2025-11-12T05:33:02Z,72.0,Charge 6
2025-11-12T05:33:05Z,72.0,Charge 6
2025-11-12T05:33:06Z,71.0,Charge 6
2025-11-12T05:33:09Z,71.0,Charge 6
2025-11-12T05:33:12Z,72.0,Charge 6
2025-11-12T05:33:14Z,72.0,Charge 6
2025-11-12T05:33:16Z,70.0,Charge 6
2025-11-12T05:33:17Z,69.0,Charge 6
2025-11-12T05:33:19Z,68.0,Charge 6
2025-11-12T05:33:22Z,68.0,Charge 6
2025-11-12T05:33:23Z,70.0,Charge 6
2025-11-12T05:33:25Z,69.0,Charge 6
2025-11-12T05:33:27Z,68.0,Charge 6
2025-11-12T05:33:29Z,67.0,Charge 6
2025-11-12T05:33:32Z,67.0,Charge 6
2025-11-12T05:33:33Z,68.0,Charge 6
2025-11-12T05:33:35Z,67.0,Charge 6
2025-11-12T05:33:37Z,65.0,Charge 6
2025-11-12T05:33:39Z,63.0,Charge 6
2025-11-12T05:33:41Z,62.0,Charge 6
2025-11-12T05:33:44Z,62.0,Charge 6
2025-11-12T05:33:46Z,63.0,Charge 6
2025-11-12T05:33:48Z,64.0,Charge 6
2025-11-12T05:33:50Z,65.0,Charge 6
2025-11-12T05:33:52Z,67.0,Charge 6
2025-11-12T05:33:54Z,69.0,Charge 6
2025-11-12T05:33:56Z,71.0,Charge 6
2025-11-12T05:33:58Z,72.0,Charge 6
2025-11-12T05:34:01Z,72.0,Charge 6
2025-11-12T05:34:02Z,73.0,Charge 6
2025-11-12T05:34:05Z,74.0,Charge 6
2025-11-12T05:34:07Z,78.0,Charge 6
2025-11-12T05:34:09Z,78.0,Charge 6
2025-11-12T05:34:11Z,80.0,Charge 6
2025-11-12T05:34:13Z,82.0,Charge 6
2025-11-12T05:34:15Z,82.0,Charge 6
2025-11-12T05:34:17Z,83.0,Charge 6
2025-11-12T05:34:20Z,83.0,Charge 6
2025-11-12T05:34:21Z,83.0,Charge 6
2025-11-12T05:34:23Z,74.0,Charge 6
2025-11-12T05:34:25Z,72.0,Charge 6
2025-11-12T05:34:28Z,72.0,Charge 6
2025-11-12T05:34:29Z,73.0,Charge 6
2025-11-12T05:34:30Z,74.0,Charge 6
2025-11-12T05:34:33Z,74.0,Charge 6
2025-11-12T05:34:34Z,76.0,Charge 6
2025-11-12T05:34:36Z,78.0,Charge 6
2025-11-12T05:34:38Z,80.0,Charge 6
2025-11-12T05:34:41Z,80.0,Charge 6
2025-11-12T05:34:42Z,81.0,Charge 6
2025-11-12T05:34:45Z,81.0,Charge 6
2025-11-12T05:34:48Z,82.0,Charge 6
2025-11-12T05:34:50Z,80.0,Charge 6
2025-11-12T05:34:52Z,78.0,Charge 6
2025-11-12T05:34:53Z,77.0,Charge 6
2025-11-12T05:34:55Z,76.0,Charge 6
2025-11-12T05:34:58Z,76.0,Charge 6
2025-11-12T05:34:59Z,74.0,Charge 6
2025-11-12T05:35:01Z,73.0,Charge 6
2025-11-12T05:35:03Z,73.0,Charge 6
2025-11-12T05:35:05Z,75.0,Charge 6
2025-11-12T05:35:07Z,77.0,Charge 6
2025-11-12T05:35:09Z,78.0,Charge 6
2025-11-12T05:35:11Z,75.0,Charge 6
2025-11-12T05:35:14Z,75.0,Charge 6
2025-11-12T05:35:15Z,75.0,Charge 6
2025-11-12T05:35:17Z,74.0,Charge 6
2025-11-12T05:35:20Z,75.0,Charge 6
2025-11-12T05:35:23Z,75.0,Charge 6
2025-11-12T05:35:24Z,76.0,Charge 6
2025-11-12T05:35:26Z,78.0,Charge 6
2025-11-12T05:35:29Z,78.0,Charge 6
2025-11-12T05:35:30Z,79.0,Charge 6
2025-11-12T05:35:32Z,81.0,Charge 6
2025-11-12T05:35:34Z,82.0,Charge 6
2025-11-12T05:35:36Z,83.0,Charge 6
2025-11-12T05:35:38Z,86.0,Charge 6
2025-11-12T05:35:40Z,90.0,Charge 6
2025-11-12T05:35:41Z,94.0,Charge 6
2025-11-12T05:35:43Z,95.0,Charge 6
2025-11-12T05:35:45Z,96.0,Charge 6
2025-11-12T05:35:47Z,95.0,Charge 6
2025-11-12T05:35:49Z,92.0,Charge 6
2025-11-12T05:35:51Z,83.0,Charge 6
2025-11-12T05:35:53Z,79.0,Charge 6
2025-11-12T05:35:55Z,78.0,Charge 6
2025-11-12T05:35:58Z,78.0,Charge 6
2025-11-12T05:35:59Z,80.0,Charge 6
2025-11-12T05:36:01Z,85.0,Charge 6
2025-11-12T05:36:03Z,89.0,Charge 6
2025-11-12T05:36:05Z,91.0,Charge 6
2025-11-12T05:36:06Z,93.0,Charge 6
2025-11-12T05:36:08Z,92.0,Charge 6
2025-11-12T05:36:10Z,90.0,Charge 6
2025-11-12T05:36:12Z,89.0,Charge 6
2025-11-12T05:36:15Z,89.0,Charge 6
2025-11-12T05:36:16Z,87.0,Charge 6
2025-11-12T05:36:18Z,85.0,Charge 6
2025-11-12T05:36:20Z,83.0,Charge 6
2025-11-12T05:36:22Z,81.0,Charge 6
2025-11-12T05:36:24Z,80.0,Charge 6
2025-11-12T05:36:26Z,79.0,Charge 6
2025-11-12T05:36:28Z,77.0,Charge 6
2025-11-12T05:36:29Z,76.0,Charge 6
2025-11-12T05:36:31Z,75.0,Charge 6
2025-11-12T05:36:33Z,76.0,Charge 6
2025-11-12T05:36:35Z,75.0,Charge 6
2025-11-12T05:36:37Z,76.0,Charge 6
2025-11-12T05:36:39Z,78.0,Charge 6
2025-11-12T05:36:42Z,78.0,Charge 6
2025-11-12T05:36:45Z,78.0,Charge 6
2025-11-12T05:36:47Z,77.0,Charge 6
2025-11-12T05:36:49Z,76.0,Charge 6
2025-11-12T05:36:51Z,75.0,Charge 6
2025-11-12T05:36:53Z,74.0,Charge 6
2025-11-12T05:36:56Z,74.0,Charge 6
2025-11-12T05:36:59Z,74.0,Charge 6
2025-11-12T05:37:00Z,74.0,Charge 6
2025-11-12T05:37:03Z,74.0,Charge 6
2025-11-12T05:37:06Z,73.0,Charge 6
2025-11-12T05:37:08Z,73.0,Charge 6
2025-11-12T05:37:10Z,73.0,Charge 6
2025-11-12T05:37:13Z,73.0,Charge 6
2025-11-12T05:37:14Z,74.0,Charge 6
2025-11-12T05:37:17Z,74.0,Charge 6
2025-11-12T05:37:19Z,73.0,Charge 6
2025-11-12T05:37:21Z,74.0,Charge 6
2025-11-12T05:37:23Z,74.0,Charge 6
2025-11-12T05:37:25Z,73.0,Charge 6
2025-11-12T05:37:27Z,72.0,Charge 6
2025-11-12T05:37:29Z,71.0,Charge 6
2025-11-12T05:37:31Z,71.0,Charge 6
2025-11-12T05:37:34Z,71.0,Charge 6
2025-11-12T05:37:35Z,71.0,Charge 6
2025-11-12T05:37:38Z,71.0,Charge 6
2025-11-12T05:37:39Z,72.0,Charge 6
2025-11-12T05:37:42Z,72.0,Charge 6
2025-11-12T05:37:45Z,72.0,Charge 6
2025-11-12T05:37:46Z,72.0,Charge 6
2025-11-12T05:37:49Z,72.0,Charge 6
2025-11-12T05:37:52Z,72.0,Charge 6
2025-11-12T05:37:55Z,72.0,Charge 6
2025-11-12T05:37:58Z,72.0,Charge 6
2025-11-12T05:38:01Z,72.0,Charge 6
2025-11-12T05:38:04Z,72.0,Charge 6
2025-11-12T05:38:07Z,73.0,Charge 6
2025-11-12T05:38:10Z,73.0,Charge 6
2025-11-12T05:38:13Z,73.0,Charge 6
2025-11-12T05:38:16Z,73.0,Charge 6
2025-11-12T05:38:17Z,72.0,Charge 6
2025-11-12T05:38:20Z,72.0,Charge 6
2025-11-12T05:38:21Z,72.0,Charge 6
2025-11-12T05:38:24Z,72.0,Charge 6
2025-11-12T05:38:25Z,72.0,Charge 6
2025-11-12T05:38:28Z,72.0,Charge 6
2025-11-12T05:38:31Z,72.0,Charge 6
2025-11-12T05:38:34Z,72.0,Charge 6
2025-11-12T05:38:36Z,72.0,Charge 6
2025-11-12T05:38:39Z,72.0,Charge 6
2025-11-12T05:38:42Z,72.0,Charge 6
2025-11-12T05:38:45Z,72.0,Charge 6
2025-11-12T05:38:46Z,72.0,Charge 6
2025-11-12T05:38:48Z,74.0,Charge 6
2025-11-12T05:38:50Z,76.0,Charge 6
2025-11-12T05:38:53Z,76.0,Charge 6
2025-11-12T05:38:55Z,75.0,Charge 6
2025-11-12T05:38:58Z,75.0,Charge 6
2025-11-12T05:39:01Z,74.0,Charge 6
2025-11-12T05:39:04Z,74.0,Charge 6
2025-11-12T05:39:05Z,73.0,Charge 6
2025-11-12T05:39:07Z,72.0,Charge 6
2025-11-12T05:39:10Z,72.0,Charge 6
2025-11-12T05:39:11Z,71.0,Charge 6
2025-11-12T05:39:13Z,71.0,Charge 6
2025-11-12T05:39:15Z,72.0,Charge 6
2025-11-12T05:39:18Z,73.0,Charge 6
2025-11-12T05:39:20Z,74.0,Charge 6
2025-11-12T05:39:22Z,75.0,Charge 6
2025-11-12T05:39:24Z,78.0,Charge 6
2025-11-12T05:39:26Z,77.0,Charge 6
2025-11-12T05:39:28Z,78.0,Charge 6
2025-11-12T05:39:30Z,78.0,Charge 6
2025-11-12T05:39:32Z,77.0,Charge 6
2025-11-12T05:39:34Z,76.0,Charge 6
2025-11-12T05:39:36Z,76.0,Charge 6
2025-11-12T05:39:39Z,76.0,Charge 6
2025-11-12T05:39:40Z,75.0,Charge 6
2025-11-12T05:39:43Z,74.0,Charge 6
2025-11-12T05:39:45Z,75.0,Charge 6
2025-11-12T05:39:48Z,75.0,Charge 6
2025-11-12T05:39:51Z,75.0,Charge 6
2025-11-12T05:39:54Z,75.0,Charge 6
2025-11-12T05:39:55Z,75.0,Charge 6
2025-11-12T05:39:58Z,75.0,Charge 6
2025-11-12T05:40:01Z,76.0,Charge 6
2025-11-12T05:40:04Z,76.0,Charge 6
2025-11-12T05:40:05Z,76.0,Charge 6
2025-11-12T05:40:08Z,76.0,Charge 6
2025-11-12T05:40:09Z,75.0,Charge 6
2025-11-12T05:40:11Z,75.0,Charge 6
2025-11-12T05:40:13Z,74.0,Charge 6
2025-11-12T05:40:15Z,75.0,Charge 6
2025-11-12T05:40:18Z,75.0,Charge 6
2025-11-12T05:40:19Z,74.0,Charge 6
2025-11-12T05:40:22Z,74.0,Charge 6
2025-11-12T05:40:23Z,74.0,Charge 6
2025-11-12T05:40:26Z,74.0,Charge 6
2025-11-12T05:40:27Z,74.0,Charge 6
2025-11-12T05:40:30Z,74.0,Charge 6
2025-11-12T05:40:33Z,74.0,Charge 6
2025-11-12T05:40:36Z,74.0,Charge 6
2025-11-12T05:40:39Z,74.0,Charge 6
2025-11-12T05:40:40Z,73.0,Charge 6
2025-11-12T05:40:42Z,72.0,Charge 6
2025-11-12T05:40:44Z,71.0,Charge 6
2025-11-12T05:40:46Z,70.0,Charge 6
2025-11-12T05:40:49Z,70.0,Charge 6
2025-11-12T05:40:52Z,71.0,Charge 6
2025-11-12T05:40:55Z,70.0,Charge 6
2025-11-12T05:40:58Z,70.0,Charge 6
2025-11-12T05:40:59Z,71.0,Charge 6
2025-11-12T05:41:01Z,71.0,Charge 6
2025-11-12T05:41:03Z,70.0,Charge 6
2025-11-12T05:41:05Z,70.0,Charge 6
2025-11-12T05:41:08Z,70.0,Charge 6
2025-11-12T05:41:09Z,71.0,Charge 6
2025-11-12T05:41:11Z,72.0,Charge 6
2025-11-12T05:41:14Z,72.0,Charge 6
2025-11-12T05:41:17Z,72.0,Charge 6
2025-11-12T05:41:20Z,72.0,Charge 6
2025-11-12T05:41:22Z,73.0,Charge 6
2025-11-12T05:41:25Z,73.0,Charge 6
2025-11-12T05:41:26Z,74.0,Charge 6
2025-11-12T05:41:29Z,74.0,Charge 6
2025-11-12T05:41:30Z,72.0,Charge 6
2025-11-12T05:41:33Z,72.0,Charge 6
2025-11-12T05:41:36Z,71.0,Charge 6
2025-11-12T05:41:39Z,71.0,Charge 6
2025-11-12T05:41:41Z,70.0,Charge 6
2025-11-12T05:41:43Z,69.0,Charge 6
2025-11-12T05:41:45Z,68.0,Charge 6
2025-11-12T05:41:47Z,67.0,Charge 6
2025-11-12T05:41:50Z,67.0,Charge 6
2025-11-12T05:41:51Z,68.0,Charge 6
2025-11-12T05:41:54Z,68.0,Charge 6
2025-11-12T05:41:57Z,68.0,Charge 6
2025-11-12T05:42:00Z,68.0,Charge 6
2025-11-12T05:42:03Z,69.0,Charge 6
2025-11-12T05:42:04Z,70.0,Charge 6
2025-11-12T05:42:07Z,70.0,Charge 6
2025-11-12T05:42:08Z,68.0,Charge 6
2025-11-12T05:42:11Z,68.0,Charge 6
2025-11-12T05:42:14Z,68.0,Charge 6
2025-11-12T05:42:16Z,69.0,Charge 6
2025-11-12T05:42:18Z,70.0,Charge 6
2025-11-12T05:42:20Z,69.0,Charge 6
2025-11-12T05:42:22Z,68.0,Charge 6
2025-11-12T05:42:24Z,68.0,Charge 6
2025-11-12T05:42:27Z,68.0,Charge 6
2025-11-12T05:42:29Z,69.0,Charge 6
2025-11-12T05:42:31Z,68.0,Charge 6
2025-11-12T05:42:34Z,68.0,Charge 6
2025-11-12T05:42:37Z,69.0,Charge 6
2025-11-12T05:42:39Z,68.0,Charge 6
2025-11-12T05:42:42Z,68.0,Charge 6
2025-11-12T05:42:45Z,68.0,Charge 6
2025-11-12T05:42:48Z,68.0,Charge 6
2025-11-12T05:42:51Z,68.0,Charge 6
2025-11-12T05:42:52Z,69.0,Charge 6
2025-11-12T05:42:54Z,70.0,Charge 6
2025-11-12T05:42:57Z,70.0,Charge 6
2025-11-12T05:42:58Z,70.0,Charge 6
2025-11-12T05:43:01Z,70.0,Charge 6
2025-11-12T05:43:04Z,69.0,Charge 6
2025-11-12T05:43:06Z,70.0,Charge 6
2025-11-12T05:43:09Z,70.0,Charge 6
2025-11-12T05:43:12Z,70.0,Charge 6
2025-11-12T05:43:14Z,70.0,Charge 6
2025-11-12T05:43:16Z,69.0,Charge 6
2025-11-12T05:43:19Z,69.0,Charge 6
2025-11-12T05:43:21Z,68.0,Charge 6
2025-11-12T05:43:23Z,69.0,Charge 6
2025-11-12T05:43:26Z,69.0,Charge 6
2025-11-12T05:43:27Z,68.0,Charge 6
2025-11-12T05:43:29Z,69.0,Charge 6
2025-11-12T05:43:32Z,69.0,Charge 6
2025-11-12T05:43:33Z,68.0,Charge 6
2025-11-12T05:43:35Z,68.0,Charge 6
2025-11-12T05:43:38Z,68.0,Charge 6
2025-11-12T05:43:39Z,69.0,Charge 6
2025-11-12T05:43:42Z,69.0,Charge 6
2025-11-12T05:43:45Z,69.0,Charge 6
2025-11-12T05:43:46Z,70.0,Charge 6
2025-11-12T05:43:49Z,70.0,Charge 6
2025-11-12T05:43:52Z,69.0,Charge 6
2025-11-12T05:43:54Z,68.0,Charge 6
2025-11-12T05:43:56Z,69.0,Charge 6
2025-11-12T05:43:58Z,70.0,Charge 6
2025-11-12T05:44:00Z,69.0,Charge 6
2025-11-12T05:44:02Z,68.0,Charge 6
2025-11-12T05:44:05Z,69.0,Charge 6
2025-11-12T05:44:07Z,68.0,Charge 6
2025-11-12T05:44:10Z,68.0,Charge 6
2025-11-12T05:44:13Z,68.0,Charge 6
2025-11-12T05:44:15Z,68.0,Charge 6
2025-11-12T05:44:18Z,68.0,Charge 6
2025-11-12T05:44:21Z,68.0,Charge 6
2025-11-12T05:44:23Z,69.0,Charge 6
2025-11-12T05:44:26Z,69.0,Charge 6
2025-11-12T05:44:27Z,70.0,Charge 6
2025-11-12T05:44:28Z,71.0,Charge 6
2025-11-12T05:44:30Z,70.0,Charge 6
2025-11-12T05:44:32Z,69.0,Charge 6
2025-11-12T05:44:35Z,69.0,Charge 6
2025-11-12T05:44:36Z,70.0,Charge 6
2025-11-12T05:44:38Z,71.0,Charge 6
2025-11-12T05:44:41Z,71.0,Charge 6
2025-11-12T05:44:42Z,70.0,Charge 6
2025-11-12T05:44:45Z,70.0,Charge 6
2025-11-12T05:44:46Z,70.0,Charge 6
2025-11-12T05:44:48Z,70.0,Charge 6
2025-11-12T05:44:51Z,70.0,Charge 6
2025-11-12T05:44:53Z,71.0,Charge 6
2025-11-12T05:44:55Z,73.0,Charge 6
2025-11-12T05:44:57Z,75.0,Charge 6
2025-11-12T05:44:59Z,77.0,Charge 6
2025-11-12T05:45:02Z,77.0,Charge 6
2025-11-12T05:45:05Z,77.0,Charge 6
2025-11-12T05:45:07Z,76.0,Charge 6
2025-11-12T05:45:09Z,74.0,Charge 6
2025-11-12T05:45:11Z,72.0,Charge 6
2025-11-12T05:45:13Z,70.0,Charge 6
2025-11-12T05:45:15Z,70.0,Charge 6
2025-11-12T05:45:16Z,69.0,Charge 6
2025-11-12T05:45:18Z,68.0,Charge 6
2025-11-12T05:45:20Z,68.0,Charge 6
2025-11-12T05:45:23Z,68.0,Charge 6
2025-11-12T05:45:26Z,69.0,Charge 6
2025-11-12T05:45:29Z,69.0,Charge 6
2025-11-12T05:45:30Z,68.0,Charge 6
2025-11-12T05:45:32Z,69.0,Charge 6
2025-11-12T05:45:34Z,69.0,Charge 6
2025-11-12T05:45:37Z,69.0,Charge 6
2025-11-12T05:45:40Z,70.0,Charge 6
2025-11-12T05:45:43Z,70.0,Charge 6
2025-11-12T05:45:45Z,69.0,Charge 6
2025-11-12T05:45:48Z,69.0,Charge 6
2025-11-12T05:45:49Z,69.0,Charge 6
2025-11-12T05:45:51Z,70.0,Charge 6
2025-11-12T05:45:54Z,70.0,Charge 6
2025-11-12T05:45:57Z,70.0,Charge 6
2025-11-12T05:46:00Z,70.0,Charge 6
2025-11-12T05:46:01Z,71.0,Charge 6
2025-11-12T05:46:03Z,72.0,Charge 6
2025-11-12T05:46:06Z,71.0,Charge 6
2025-11-12T05:46:09Z,71.0,Charge 6
2025-11-12T05:46:10Z,70.0,Charge 6
2025-11-12T05:46:13Z,70.0,Charge 6
2025-11-12T05:46:14Z,70.0,Charge 6
2025-11-12T05:46:17Z,70.0,Charge 6
2025-11-12T05:46:20Z,71.0,Charge 6
2025-11-12T05:46:22Z,72.0,Charge 6
2025-11-12T05:46:25Z,72.0,Charge 6
2025-11-12T05:46:26Z,71.0,Charge 6
2025-11-12T05:46:28Z,70.0,Charge 6
2025-11-12T05:46:29Z,69.0,Charge 6
2025-11-12T05:46:32Z,69.0,Charge 6
2025-11-12T05:46:33Z,69.0,Charge 6
2025-11-12T05:46:35Z,68.0,Charge 6
2025-11-12T05:46:38Z,68.0,Charge 6
2025-11-12T05:46:39Z,69.0,Charge 6
2025-11-12T05:46:41Z,70.0,Charge 6
2025-11-12T05:46:44Z,70.0,Charge 6
2025-11-12T05:46:47Z,70.0,Charge 6
2025-11-12T05:46:50Z,70.0,Charge 6
2025-11-12T05:46:53Z,70.0,Charge 6
2025-11-12T05:46:56Z,70.0,Charge 6
2025-11-12T05:46:58Z,71.0,Charge 6
2025-11-12T05:47:00Z,74.0,Charge 6
2025-11-12T05:47:02Z,75.0,Charge 6
2025-11-12T05:47:05Z,75.0,Charge 6
2025-11-12T05:47:06Z,76.0,Charge 6
2025-11-12T05:47:08Z,77.0,Charge 6
2025-11-12T05:47:10Z,78.0,Charge 6
2025-11-12T05:47:12Z,80.0,Charge 6
2025-11-12T05:47:14Z,80.0,Charge 6
2025-11-12T05:47:16Z,82.0,Charge 6
2025-11-12T05:47:19Z,83.0,Charge 6
2025-11-12T05:47:22Z,83.0,Charge 6
2025-11-12T05:47:23Z,81.0,Charge 6
2025-11-12T05:47:26Z,81.0,Charge 6
2025-11-12T05:47:29Z,82.0,Charge 6
2025-11-12T05:47:32Z,82.0,Charge 6
2025-11-12T05:47:33Z,79.0,Charge 6
2025-11-12T05:47:36Z,79.0,Charge 6
2025-11-12T05:47:39Z,79.0,Charge 6
2025-11-12T05:47:40Z,80.0,Charge 6
2025-11-12T05:47:43Z,80.0,Charge 6
2025-11-12T05:47:44Z,81.0,Charge 6
2025-11-12T05:47:47Z,81.0,Charge 6
2025-11-12T05:47:50Z,80.0,Charge 6
2025-11-12T05:47:52Z,84.0,Charge 6
2025-11-12T05:47:55Z,84.0,Charge 6
2025-11-12T05:47:58Z,82.0,Charge 6
2025-11-12T05:48:01Z,82.0,Charge 6
2025-11-12T05:48:02Z,81.0,Charge 6
2025-11-12T05:48:04Z,80.0,Charge 6
2025-11-12T05:48:05Z,81.0,Charge 6
2025-11-12T05:48:07Z,80.0,Charge 6
2025-11-12T05:48:10Z,80.0,Charge 6
2025-11-12T05:48:13Z,80.0,Charge 6
2025-11-12T05:48:15Z,81.0,Charge 6
2025-11-12T05:48:17Z,81.0,Charge 6
2025-11-12T05:48:19Z,79.0,Charge 6
2025-11-12T05:48:21Z,80.0,Charge 6
2025-11-12T05:48:23Z,81.0,Charge 6
2025-11-12T05:48:25Z,83.0,Charge 6
2025-11-12T05:48:28Z,82.0,Charge 6
2025-11-12T05:48:31Z,82.0,Charge 6
2025-11-12T05:48:32Z,80.0,Charge 6
2025-11-12T05:48:34Z,78.0,Charge 6
2025-11-12T05:48:36Z,76.0,Charge 6
2025-11-12T05:48:38Z,75.0,Charge 6
2025-11-12T05:48:40Z,73.0,Charge 6
2025-11-12T05:48:42Z,72.0,Charge 6
2025-11-12T05:48:44Z,71.0,Charge 6
2025-11-12T05:48:46Z,70.0,Charge 6
2025-11-12T05:48:48Z,69.0,Charge 6
2025-11-12T05:48:50Z,68.0,Charge 6
2025-11-12T05:48:53Z,68.0,Charge 6
2025-11-12T05:48:55Z,68.0,Charge 6
2025-11-12T05:48:57Z,68.0,Charge 6
2025-11-12T05:48:59Z,67.0,Charge 6
2025-11-12T05:49:02Z,67.0,Charge 6
2025-11-12T05:49:03Z,68.0,Charge 6
2025-11-12T05:49:06Z,68.0,Charge 6
2025-11-12T05:49:09Z,68.0,Charge 6
2025-11-12T05:49:11Z,69.0,Charge 6
2025-11-12T05:49:13Z,70.0,Charge 6
2025-11-12T05:49:15Z,70.0,Charge 6
2025-11-12T05:49:16Z,71.0,Charge 6
2025-11-12T05:49:18Z,68.0,Charge 6
2025-11-12T05:49:20Z,68.0,Charge 6
2025-11-12T05:49:23Z,68.0,Charge 6
2025-11-12T05:49:24Z,67.0,Charge 6
2025-11-12T05:49:27Z,67.0,Charge 6
2025-11-12T05:49:28Z,66.0,Charge 6
2025-11-12T05:49:30Z,66.0,Charge 6
2025-11-12T05:49:33Z,66.0,Charge 6
2025-11-12T05:49:36Z,66.0,Charge 6
2025-11-12T05:49:38Z,66.0,Charge 6
2025-11-12T05:49:40Z,67.0,Charge 6
2025-11-12T05:49:41Z,68.0,Charge 6
2025-11-12T05:49:44Z,68.0,Charge 6
2025-11-12T05:49:45Z,68.0,Charge 6
2025-11-12T05:49:48Z,68.0,Charge 6
2025-11-12T05:49:49Z,68.0,Charge 6
2025-11-12T05:49:52Z,68.0,Charge 6
2025-11-12T05:49:53Z,68.0,Charge 6
2025-11-12T05:49:56Z,68.0,Charge 6
2025-11-12T05:49:59Z,68.0,Charge 6
2025-11-12T05:50:02Z,68.0,Charge 6
2025-11-12T05:50:03Z,70.0,Charge 6
2025-11-12T05:50:06Z,70.0,Charge 6
2025-11-12T05:50:08Z,69.0,Charge 6
2025-11-12T05:50:10Z,68.0,Charge 6
2025-11-12T05:50:12Z,68.0,Charge 6
2025-11-12T05:50:14Z,69.0,Charge 6
2025-11-12T05:50:17Z,69.0,Charge 6
2025-11-12T05:50:20Z,68.0,Charge 6
2025-11-12T05:50:22Z,69.0,Charge 6
2025-11-12T05:50:24Z,69.0,Charge 6
2025-11-12T05:50:27Z,69.0,Charge 6
2025-11-12T05:50:28Z,69.0,Charge 6
2025-11-12T05:50:29Z,68.0,Charge 6
2025-11-12T05:50:31Z,69.0,Charge 6
2025-11-12T05:50:33Z,70.0,Charge 6
2025-11-12T05:50:35Z,71.0,Charge 6
2025-11-12T05:50:38Z,71.0,Charge 6
2025-11-12T05:50:39Z,70.0,Charge 6
2025-11-12T05:50:41Z,69.0,Charge 6
2025-11-12T05:50:43Z,68.0,Charge 6
2025-11-12T05:50:45Z,68.0,Charge 6
2025-11-12T05:50:48Z,68.0,Charge 6
2025-11-12T05:50:49Z,69.0,Charge 6
2025-11-12T05:50:51Z,69.0,Charge 6
2025-11-12T05:50:54Z,69.0,Charge 6
2025-11-12T05:50:56Z,71.0,Charge 6
2025-11-12T05:50:58Z,70.0,Charge 6
2025-11-12T05:51:01Z,70.0,Charge 6
2025-11-12T05:51:02Z,70.0,Charge 6
2025-11-12T05:51:04Z,70.0,Charge 6
2025-11-12T05:51:07Z,70.0,Charge 6
2025-11-12T05:51:08Z,70.0,Charge 6
2025-11-12T05:51:10Z,71.0,Charge 6
2025-11-12T05:51:12Z,72.0,Charge 6
2025-11-12T05:51:14Z,72.0,Charge 6
2025-11-12T05:51:17Z,72.0,Charge 6
2025-11-12T05:51:19Z,72.0,Charge 6
2025-11-12T05:51:22Z,72.0,Charge 6
2025-11-12T05:51:23Z,71.0,Charge 6
2025-11-12T05:51:25Z,70.0,Charge 6
2025-11-12T05:51:27Z,69.0,Charge 6
2025-11-12T05:51:29Z,68.0,Charge 6
2025-11-12T05:51:32Z,68.0,Charge 6
2025-11-12T05:51:35Z,68.0,Charge 6
2025-11-12T05:51:38Z,68.0,Charge 6
2025-11-12T05:51:39Z,69.0,Charge 6
2025-11-12T05:51:42Z,69.0,Charge 6
2025-11-12T05:51:44Z,70.0,Charge 6
2025-11-12T05:51:46Z,71.0,Charge 6
2025-11-12T05:51:49Z,71.0,Charge 6
2025-11-12T05:51:50Z,72.0,Charge 6
2025-11-12T05:51:52Z,71.0,Charge 6
2025-11-12T05:51:55Z,71.0,Charge 6
2025-11-12T05:51:56Z,72.0,Charge 6
2025-11-12T05:51:59Z,72.0,Charge 6
2025-11-12T05:52:02Z,72.0,Charge 6
2025-11-12T05:52:04Z,70.0,Charge 6
2025-11-12T05:52:07Z,70.0,Charge 6
2025-11-12T05:52:09Z,70.0,Charge 6
2025-11-12T05:52:11Z,71.0,Charge 6
2025-11-12T05:52:13Z,73.0,Charge 6
2025-11-12T05:52:15Z,74.0,Charge 6
2025-11-12T05:52:17Z,75.0,Charge 6
2025-11-12T05:52:19Z,74.0,Charge 6
2025-11-12T05:52:21Z,72.0,Charge 6
2025-11-12T05:52:24Z,72.0,Charge 6
2025-11-12T05:52:27Z,71.0,Charge 6
2025-11-12T05:52:30Z,70.0,Charge 6
2025-11-12T05:52:33Z,70.0,Charge 6
2025-11-12T05:52:34Z,69.0,Charge 6
2025-11-12T05:52:37Z,69.0,Charge 6
2025-11-12T05:52:38Z,70.0,Charge 6
2025-11-12T05:52:41Z,70.0,Charge 6
2025-11-12T05:52:42Z,71.0,Charge 6
2025-11-12T05:52:44Z,72.0,Charge 6
2025-11-12T05:52:47Z,72.0,Charge 6
2025-11-12T05:52:50Z,72.0,Charge 6
2025-11-12T05:52:52Z,71.0,Charge 6
2025-11-12T05:52:53Z,70.0,Charge 6
2025-11-12T05:52:56Z,70.0,Charge 6
2025-11-12T05:52:59Z,70.0,Charge 6
2025-11-12T05:53:02Z,70.0,Charge 6
2025-11-12T05:53:05Z,70.0,Charge 6
2025-11-12T05:53:08Z,70.0,Charge 6
2025-11-12T05:53:11Z,71.0,Charge 6
2025-11-12T05:53:13Z,71.0,Charge 6
2025-11-12T05:53:16Z,72.0,Charge 6
2025-11-12T05:53:19Z,72.0,Charge 6
2025-11-12T05:53:22Z,72.0,Charge 6
2025-11-12T05:53:24Z,71.0,Charge 6
2025-11-12T05:53:26Z,70.0,Charge 6
2025-11-12T05:53:29Z,70.0,Charge 6
2025-11-12T05:53:30Z,69.0,Charge 6
2025-11-12T05:53:33Z,69.0,Charge 6
2025-11-12T05:53:36Z,69.0,Charge 6
2025-11-12T05:53:39Z,69.0,Charge 6
2025-11-12T05:53:41Z,68.0,Charge 6
2025-11-12T05:53:44Z,68.0,Charge 6
2025-11-12T05:53:47Z,69.0,Charge 6
2025-11-12T05:53:50Z,69.0,Charge 6
2025-11-12T05:53:51Z,70.0,Charge 6
2025-11-12T05:53:54Z,70.0,Charge 6
2025-11-12T05:53:55Z,70.0,Charge 6
2025-11-12T05:53:57Z,70.0,Charge 6
2025-11-12T05:54:00Z,70.0,Charge 6
2025-11-12T05:54:03Z,70.0,Charge 6
2025-11-12T05:54:04Z,70.0,Charge 6
2025-11-12T05:54:06Z,72.0,Charge 6
2025-11-12T05:54:08Z,73.0,Charge 6
2025-11-12T05:54:10Z,72.0,Charge 6
2025-11-12T05:54:12Z,71.0,Charge 6
2025-11-12T05:54:15Z,71.0,Charge 6
2025-11-12T05:54:16Z,71.0,Charge 6
2025-11-12T05:54:18Z,72.0,Charge 6
2025-11-12T05:54:20Z,71.0,Charge 6
2025-11-12T05:54:22Z,70.0,Charge 6
2025-11-12T05:54:24Z,68.0,Charge 6
2025-11-12T05:54:26Z,66.0,Charge 6
2025-11-12T05:54:29Z,66.0,Charge 6
2025-11-12T05:54:32Z,66.0,Charge 6
2025-11-12T05:54:35Z,68.0,Charge 6
2025-11-12T05:54:37Z,69.0,Charge 6
2025-11-12T05:54:39Z,68.0,Charge 6
2025-11-12T05:54:42Z,68.0,Charge 6
2025-11-12T05:54:43Z,69.0,Charge 6
2025-11-12T05:54:46Z,69.0,Charge 6
2025-11-12T05:54:47Z,68.0,Charge 6
2025-11-12T05:54:50Z,68.0,Charge 6
2025-11-12T05:54:53Z,68.0,Charge 6
2025-11-12T05:54:54Z,67.0,Charge 6
2025-11-12T05:54:57Z,67.0,Charge 6
2025-11-12T05:54:58Z,67.0,Charge 6
2025-11-12T05:55:01Z,67.0,Charge 6
2025-11-12T05:55:04Z,68.0,Charge 6
2025-11-12T05:55:07Z,68.0,Charge 6
2025-11-12T05:55:08Z,69.0,Charge 6
2025-11-12T05:55:10Z,69.0,Charge 6
2025-11-12T05:55:12Z,70.0,Charge 6
2025-11-12T05:55:15Z,70.0,Charge 6
2025-11-12T05:55:16Z,71.0,Charge 6
2025-11-12T05:55:19Z,71.0,Charge 6
2025-11-12T05:55:22Z,71.0,Charge 6
2025-11-12T05:55:24Z,70.0,Charge 6
2025-11-12T05:55:27Z,70.0,Charge 6
2025-11-12T05:55:28Z,69.0,Charge 6
2025-11-12T05:55:30Z,69.0,Charge 6
2025-11-12T05:55:32Z,69.0,Charge 6
2025-11-12T05:55:34Z,68.0,Charge 6
2025-11-12T05:55:37Z,68.0,Charge 6
2025-11-12T05:55:40Z,68.0,Charge 6
2025-11-12T05:55:43Z,68.0,Charge 6
2025-11-12T05:55:46Z,68.0,Charge 6
2025-11-12T05:55:49Z,68.0,Charge 6
2025-11-12T05:55:52Z,68.0,Charge 6
2025-11-12T05:55:53Z,68.0,Charge 6
2025-11-12T05:55:56Z,68.0,Charge 6
2025-11-12T05:55:59Z,68.0,Charge 6
2025-11-12T05:56:02Z,69.0,Charge 6
2025-11-12T05:56:04Z,70.0,Charge 6
2025-11-12T05:56:07Z,70.0,Charge 6
2025-11-12T05:56:10Z,70.0,Charge 6
2025-11-12T05:56:13Z,70.0,Charge 6
2025-11-12T05:56:14Z,70.0,Charge 6
2025-11-12T05:56:16Z,72.0,Charge 6
2025-11-12T05:56:18Z,71.0,Charge 6
2025-11-12T05:56:21Z,71.0,Charge 6
2025-11-12T05:56:22Z,72.0,Charge 6
2025-11-12T05:56:23Z,73.0,Charge 6
2025-11-12T05:56:25Z,74.0,Charge 6
2025-11-12T05:56:27Z,75.0,Charge 6
2025-11-12T05:56:29Z,76.0,Charge 6
2025-11-12T05:56:32Z,76.0,Charge 6
2025-11-12T05:56:35Z,77.0,Charge 6
2025-11-12T05:56:37Z,76.0,Charge 6
2025-11-12T05:56:39Z,75.0,Charge 6
2025-11-12T05:56:42Z,75.0,Charge 6
2025-11-12T05:56:45Z,74.0,Charge 6
2025-11-12T05:56:47Z,73.0,Charge 6
2025-11-12T05:56:48Z,72.0,Charge 6
2025-11-12T05:56:50Z,71.0,Charge 6
2025-11-12T05:56:53Z,71.0,Charge 6
2025-11-12T05:56:56Z,70.0,Charge 6
2025-11-12T05:56:58Z,69.0,Charge 6
2025-11-12T05:57:01Z,69.0,Charge 6
2025-11-12T05:57:04Z,69.0,Charge 6
2025-11-12T05:57:07Z,69.0,Charge 6
2025-11-12T05:57:08Z,67.0,Charge 6
2025-11-12T05:57:10Z,68.0,Charge 6
2025-11-12T05:57:11Z,69.0,Charge 6
2025-11-12T05:57:14Z,69.0,Charge 6
2025-11-12T05:57:15Z,68.0,Charge 6
2025-11-12T05:57:17Z,69.0,Charge 6
2025-11-12T05:57:19Z,70.0,Charge 6
2025-11-12T05:57:21Z,70.0,Charge 6
2025-11-12T05:57:23Z,68.0,Charge 6
2025-11-12T05:57:25Z,67.0,Charge 6
2025-11-12T05:57:28Z,67.0,Charge 6
2025-11-12T05:57:31Z,67.0,Charge 6
2025-11-12T05:57:34Z,67.0,Charge 6
2025-11-12T05:57:35Z,67.0,Charge 6
2025-11-12T05:57:36Z,68.0,Charge 6
2025-11-12T05:57:39Z,68.0,Charge 6
2025-11-12T05:57:40Z,67.0,Charge 6
2025-11-12T05:57:42Z,66.0,Charge 6
2025-11-12T05:57:45Z,66.0,Charge 6
2025-11-12T05:57:48Z,67.0,Charge 6
2025-11-12T05:57:50Z,68.0,Charge 6
2025-11-12T05:57:52Z,69.0,Charge 6
2025-11-12T05:57:55Z,69.0,Charge 6
2025-11-12T05:57:58Z,68.0,Charge 6
2025-11-12T05:57:59Z,69.0,Charge 6
2025-11-12T05:58:01Z,68.0,Charge 6
2025-11-12T05:58:03Z,68.0,Charge 6
2025-11-12T05:58:06Z,68.0,Charge 6
2025-11-12T05:58:07Z,68.0,Charge 6
2025-11-12T05:58:10Z,68.0,Charge 6
2025-11-12T05:58:13Z,68.0,Charge 6
2025-11-12T05:58:15Z,67.0,Charge 6
2025-11-12T05:58:18Z,67.0,Charge 6
2025-11-12T05:58:19Z,70.0,Charge 6
2025-11-12T05:58:21Z,71.0,Charge 6
2025-11-12T05:58:23Z,72.0,Charge 6
2025-11-12T05:58:26Z,72.0,Charge 6
2025-11-12T05:58:28Z,71.0,Charge 6
2025-11-12T05:58:30Z,70.0,Charge 6
2025-11-12T05:58:32Z,71.0,Charge 6
2025-11-12T05:58:35Z,71.0,Charge 6
2025-11-12T05:58:36Z,69.0,Charge 6
2025-11-12T05:58:39Z,69.0,Charge 6
2025-11-12T05:58:42Z,70.0,Charge 6
2025-11-12T05:58:45Z,70.0,Charge 6
2025-11-12T05:58:47Z,72.0,Charge 6
2025-11-12T05:58:50Z,72.0,Charge 6
2025-11-12T05:58:51Z,73.0,Charge 6
2025-11-12T05:58:54Z,73.0,Charge 6
2025-11-12T05:58:55Z,72.0,Charge 6
2025-11-12T05:58:57Z,73.0,Charge 6
2025-11-12T05:58:59Z,74.0,Charge 6
2025-11-12T05:59:02Z,74.0,Charge 6
2025-11-12T05:59:03Z,73.0,Charge 6
2025-11-12T05:59:05Z,72.0,Charge 6
2025-11-12T05:59:07Z,73.0,Charge 6
2025-11-12T05:59:10Z,73.0,Charge 6
2025-11-12T05:59:11Z,71.0,Charge 6
2025-11-12T05:59:14Z,70.0,Charge 6
2025-11-12T05:59:16Z,69.0,Charge 6
2025-11-12T05:59:19Z,69.0,Charge 6
2025-11-12T05:59:20Z,70.0,Charge 6
2025-11-12T05:59:22Z,69.0,Charge 6
2025-11-12T05:59:25Z,69.0,Charge 6
2025-11-12T05:59:26Z,70.0,Charge 6
2025-11-12T05:59:28Z,69.0,Charge 6
2025-11-12T05:59:31Z,69.0,Charge 6
2025-11-12T05:59:32Z,68.0,Charge 6
2025-11-12T05:59:34Z,67.0,Charge 6
2025-11-12T05:59:37Z,67.0,Charge 6
2025-11-12T05:59:39Z,66.0,Charge 6
2025-11-12T05:59:42Z,66.0,Charge 6
2025-11-12T05:59:45Z,65.0,Charge 6
2025-11-12T05:59:47Z,66.0,Charge 6
2025-11-12T05:59:50Z,66.0,Charge 6
2025-11-12T05:59:51Z,67.0,Charge 6
2025-11-12T05:59:54Z,67.0,Charge 6
2025-11-12T05:59:57Z,68.0,Charge 6
2025-11-12T05:59:59Z,68.0,Charge 6
2025-11-12T06:00:02Z,68.0,Charge 6
2025-11-12T06:00:04Z,67.0,Charge 6
2025-11-12T06:00:06Z,66.0,Charge 6
2025-11-12T06:00:09Z,66.0,Charge 6
2025-11-12T06:00:12Z,66.0,Charge 6
2025-11-12T06:00:14Z,67.0,Charge 6
2025-11-12T06:00:16Z,68.0,Charge 6
2025-11-12T06:00:18Z,67.0,Charge 6
2025-11-12T06:00:21Z,67.0,Charge 6
2025-11-12T06:00:22Z,66.0,Charge 6
2025-11-12T06:00:25Z,67.0,Charge 6
2025-11-12T06:00:27Z,69.0,Charge 6
2025-11-12T06:00:30Z,69.0,Charge 6
2025-11-12T06:00:31Z,70.0,Charge 6
2025-11-12T06:00:33Z,72.0,Charge 6
2025-11-12T06:00:35Z,74.0,Charge 6
2025-11-12T06:00:38Z,74.0,Charge 6
2025-11-12T06:00:41Z,72.0,Charge 6
2025-11-12T06:00:43Z,71.0,Charge 6
2025-11-12T06:00:45Z,70.0,Charge 6
2025-11-12T06:00:48Z,70.0,Charge 6
2025-11-12T06:00:50Z,69.0,Charge 6
2025-11-12T06:00:52Z,68.0,Charge 6
2025-11-12T06:00:54Z,69.0,Charge 6
2025-11-12T06:00:57Z,69.0,Charge 6
2025-11-12T06:01:00Z,70.0,Charge 6
2025-11-12T06:01:03Z,70.0,Charge 6
2025-11-12T06:01:06Z,70.0,Charge 6
2025-11-12T06:01:09Z,70.0,Charge 6
2025-11-12T06:01:10Z,70.0,Charge 6
2025-11-12T06:01:13Z,70.0,Charge 6
2025-11-12T06:01:16Z,70.0,Charge 6
2025-11-12T06:01:19Z,70.0,Charge 6
2025-11-12T06:01:21Z,69.0,Charge 6
2025-11-12T06:01:23Z,70.0,Charge 6
2025-11-12T06:01:26Z,70.0,Charge 6
2025-11-12T06:01:27Z,70.0,Charge 6
2025-11-12T06:01:30Z,70.0,Charge 6
2025-11-12T06:01:33Z,70.0,Charge 6
2025-11-12T06:01:35Z,72.0,Charge 6
2025-11-12T06:01:36Z,72.0,Charge 6
2025-11-12T06:01:39Z,72.0,Charge 6
2025-11-12T06:01:40Z,73.0,Charge 6
2025-11-12T06:01:42Z,74.0,Charge 6
2025-11-12T06:01:44Z,75.0,Charge 6
2025-11-12T06:01:46Z,76.0,Charge 6
2025-11-12T06:01:48Z,75.0,Charge 6
2025-11-12T06:01:50Z,74.0,Charge 6
2025-11-12T06:01:52Z,73.0,Charge 6
2025-11-12T06:01:54Z,72.0,Charge 6
2025-11-12T06:01:56Z,70.0,Charge 6
2025-11-12T06:01:58Z,69.0,Charge 6
2025-11-12T06:01:59Z,68.0,Charge 6
2025-11-12T06:02:02Z,68.0,Charge 6
2025-11-12T06:02:03Z,67.0,Charge 6
2025-11-12T06:02:05Z,68.0,Charge 6
2025-11-12T06:02:07Z,67.0,Charge 6
2025-11-12T06:02:09Z,67.0,Charge 6
2025-11-12T06:02:11Z,68.0,Charge 6
2025-11-12T06:02:13Z,68.0,Charge 6
2025-11-12T06:02:15Z,67.0,Charge 6
2025-11-12T06:02:17Z,66.0,Charge 6
2025-11-12T06:02:20Z,66.0,Charge 6
2025-11-12T06:02:21Z,67.0,Charge 6
2025-11-12T06:02:23Z,68.0,Charge 6
2025-11-12T06:02:24Z,69.0,Charge 6
2025-11-12T06:02:27Z,69.0,Charge 6
2025-11-12T06:02:28Z,70.0,Charge 6
2025-11-12T06:02:30Z,69.0,Charge 6
2025-11-12T06:02:33Z,69.0,Charge 6
2025-11-12T06:02:34Z,70.0,Charge 6
2025-11-12T06:02:36Z,71.0,Charge 6
2025-11-12T06:02:39Z,71.0,Charge 6
2025-11-12T06:02:40Z,70.0,Charge 6
2025-11-12T06:02:42Z,71.0,Charge 6
2025-11-12T06:02:44Z,72.0,Charge 6
2025-11-12T06:02:47Z,70.0,Charge 6
2025-11-12T06:02:49Z,69.0,Charge 6
2025-11-12T06:02:51Z,70.0,Charge 6
2025-11-12T06:02:53Z,69.0,Charge 6
2025-11-12T06:02:55Z,68.0,Charge 6
2025-11-12T06:02:58Z,68.0,Charge 6
2025-11-12T06:03:01Z,68.0,Charge 6
2025-11-12T06:03:04Z,68.0,Charge 6
2025-11-12T06:03:07Z,68.0,Charge 6
2025-11-12T06:03:10Z,68.0,Charge 6
2025-11-12T06:03:13Z,68.0,Charge 6
2025-11-12T06:03:16Z,68.0,Charge 6
2025-11-12T06:03:19Z,68.0,Charge 6
2025-11-12T06:03:20Z,67.0,Charge 6
2025-11-12T06:03:22Z,67.0,Charge 6
2025-11-12T06:03:24Z,68.0,Charge 6
2025-11-12T06:03:26Z,69.0,Charge 6
2025-11-12T06:03:28Z,70.0,Charge 6
2025-11-12T06:03:30Z,71.0,Charge 6
2025-11-12T06:03:33Z,71.0,Charge 6
2025-11-12T06:03:34Z,72.0,Charge 6
2025-11-12T06:03:37Z,72.0,Charge 6
2025-11-12T06:03:40Z,72.0,Charge 6
2025-11-12T06:03:43Z,71.0,Charge 6
2025-11-12T06:03:46Z,71.0,Charge 6
2025-11-12T06:03:47Z,70.0,Charge 6
2025-11-12T06:03:50Z,70.0,Charge 6
2025-11-12T06:03:53Z,69.0,Charge 6
2025-11-12T06:03:56Z,69.0,Charge 6
2025-11-12T06:03:57Z,70.0,Charge 6
2025-11-12T06:04:00Z,70.0,Charge 6
2025-11-12T06:04:03Z,70.0,Charge 6
2025-11-12T06:04:06Z,70.0,Charge 6
2025-11-12T06:04:09Z,70.0,Charge 6
2025-11-12T06:04:10Z,69.0,Charge 6
2025-11-12T06:04:12Z,68.0,Charge 6
2025-11-12T06:04:15Z,68.0,Charge 6
2025-11-12T06:04:18Z,68.0,Charge 6
2025-11-12T06:04:21Z,68.0,Charge 6
2025-11-12T06:04:24Z,68.0,Charge 6
2025-11-12T06:04:25Z,67.0,Charge 6
2025-11-12T06:04:27Z,66.0,Charge 6
2025-11-12T06:04:29Z,68.0,Charge 6
2025-11-12T06:04:32Z,68.0,Charge 6
2025-11-12T06:04:33Z,69.0,Charge 6
2025-11-12T06:04:35Z,68.0,Charge 6
2025-11-12T06:04:38Z,68.0,Charge 6
2025-11-12T06:04:41Z,69.0,Charge 6
2025-11-12T06:04:44Z,69.0,Charge 6
2025-11-12T06:04:45Z,70.0,Charge 6
2025-11-12T06:04:47Z,69.0,Charge 6
2025-11-12T06:04:50Z,70.0,Charge 6
2025-11-12T06:04:53Z,70.0,Charge 6
2025-11-12T06:04:54Z,71.0,Charge 6
2025-11-12T06:04:56Z,72.0,Charge 6
2025-11-12T06:04:58Z,71.0,Charge 6
2025-11-12T06:05:01Z,71.0,Charge 6
2025-11-12T06:05:02Z,70.0,Charge 6
2025-11-12T06:05:05Z,70.0,Charge 6
2025-11-12T06:05:06Z,70.0,Charge 6
2025-11-12T06:05:08Z,72.0,Charge 6
2025-11-12T06:05:10Z,74.0,Charge 6
2025-11-12T06:05:11Z,78.0,Charge 6
2025-11-12T06:05:14Z,78.0,Charge 6
2025-11-12T06:05:15Z,79.0,Charge 6
2025-11-12T06:05:17Z,78.0,Charge 6
2025-11-12T06:05:19Z,79.0,Charge 6
2025-11-12T06:05:21Z,78.0,Charge 6
2025-11-12T06:05:23Z,76.0,Charge 6
2025-11-12T06:05:25Z,73.0,Charge 6
2025-11-12T06:05:27Z,70.0,Charge 6
2025-11-12T06:05:29Z,69.0,Charge 6
2025-11-12T06:05:31Z,68.0,Charge 6
2025-11-12T06:05:34Z,68.0,Charge 6
2025-11-12T06:05:36Z,69.0,Charge 6
2025-11-12T06:05:38Z,73.0,Charge 6
2025-11-12T06:05:40Z,81.0,Charge 6
2025-11-12T06:05:42Z,87.0,Charge 6
2025-11-12T06:05:44Z,93.0,Charge 6
2025-11-12T06:05:47Z,93.0,Charge 6
2025-11-12T06:05:48Z,87.0,Charge 6
2025-11-12T06:05:50Z,84.0,Charge 6
2025-11-12T06:05:52Z,77.0,Charge 6
2025-11-12T06:05:54Z,74.0,Charge 6
2025-11-12T06:05:56Z,73.0,Charge 6
2025-11-12T06:05:58Z,71.0,Charge 6
2025-11-12T06:05:59Z,70.0,Charge 6
2025-11-12T06:06:02Z,70.0,Charge 6
2025-11-12T06:06:05Z,72.0,Charge 6
2025-11-12T06:06:07Z,74.0,Charge 6
2025-11-12T06:06:09Z,73.0,Charge 6
2025-11-12T06:06:11Z,73.0,Charge 6
2025-11-12T06:06:14Z,73.0,Charge 6
2025-11-12T06:06:15Z,71.0,Charge 6
2025-11-12T06:06:17Z,71.0,Charge 6
2025-11-12T06:06:19Z,70.0,Charge 6
2025-11-12T06:06:22Z,70.0,Charge 6
2025-11-12T06:06:23Z,70.0,Charge 6
2025-11-12T06:06:26Z,71.0,Charge 6
2025-11-12T06:06:29Z,71.0,Charge 6
2025-11-12T06:06:30Z,70.0,Charge 6
2025-11-12T06:06:32Z,70.0,Charge 6
2025-11-12T06:06:35Z,70.0,Charge 6
2025-11-12T06:06:36Z,71.0,Charge 6
2025-11-12T06:06:38Z,72.0,Charge 6
2025-11-12T06:06:40Z,74.0,Charge 6
2025-11-12T06:06:42Z,75.0,Charge 6
2025-11-12T06:06:44Z,76.0,Charge 6
2025-11-12T06:06:46Z,75.0,Charge 6
2025-11-12T06:06:47Z,73.0,Charge 6
2025-11-12T06:06:49Z,71.0,Charge 6
2025-11-12T06:06:51Z,70.0,Charge 6
2025-11-12T06:06:54Z,70.0,Charge 6
2025-11-12T06:06:55Z,71.0,Charge 6
2025-11-12T06:06:57Z,73.0,Charge 6
2025-11-12T06:06:59Z,74.0,Charge 6
2025-11-12T06:07:02Z,74.0,Charge 6
2025-11-12T06:07:03Z,73.0,Charge 6
2025-11-12T06:07:05Z,73.0,Charge 6
2025-11-12T06:07:07Z,74.0,Charge 6
2025-11-12T06:07:10Z,74.0,Charge 6
2025-11-12T06:07:11Z,74.0,Charge 6
2025-11-12T06:07:14Z,73.0,Charge 6
2025-11-12T06:07:16Z,72.0,Charge 6
2025-11-12T06:07:18Z,74.0,Charge 6
2025-11-12T06:07:20Z,76.0,Charge 6
2025-11-12T06:07:23Z,76.0,Charge 6
2025-11-12T06:07:24Z,75.0,Charge 6
2025-11-12T06:07:26Z,76.0,Charge 6
2025-11-12T06:07:28Z,75.0,Charge 6
2025-11-12T06:07:30Z,73.0,Charge 6
2025-11-12T06:07:32Z,71.0,Charge 6
2025-11-12T06:07:34Z,69.0,Charge 6
2025-11-12T06:07:37Z,69.0,Charge 6
2025-11-12T06:07:39Z,70.0,Charge 6
2025-11-12T06:07:41Z,69.0,Charge 6
2025-11-12T06:07:43Z,68.0,Charge 6
2025-11-12T06:07:45Z,66.0,Charge 6
2025-11-12T06:07:47Z,67.0,Charge 6
2025-11-12T06:07:49Z,69.0,Charge 6
2025-11-12T06:07:51Z,71.0,Charge 6
2025-11-12T06:07:53Z,70.0,Charge 6
2025-11-12T06:07:55Z,71.0,Charge 6
2025-11-12T06:07:57Z,72.0,Charge 6
2025-11-12T06:08:00Z,72.0,Charge 6
2025-11-12T06:08:02Z,73.0,Charge 6
2025-11-12T06:08:04Z,74.0,Charge 6
2025-11-12T06:08:07Z,74.0,Charge 6
2025-11-12T06:08:08Z,73.0,Charge 6
2025-11-12T06:08:10Z,69.0,Charge 6
2025-11-12T06:08:12Z,68.0,Charge 6
2025-11-12T06:08:14Z,70.0,Charge 6
2025-11-12T06:08:17Z,70.0,Charge 6
2025-11-12T06:08:20Z,69.0,Charge 6
2025-11-12T06:08:23Z,68.0,Charge 6
2025-11-12T06:08:25Z,67.0,Charge 6
2025-11-12T06:08:28Z,67.0,Charge 6
2025-11-12T06:08:29Z,68.0,Charge 6
2025-11-12T06:08:32Z,68.0,Charge 6
2025-11-12T06:08:35Z,67.0,Charge 6
2025-11-12T06:08:38Z,67.0,Charge 6
2025-11-12T06:08:39Z,68.0,Charge 6
2025-11-12T06:08:42Z,68.0,Charge 6
2025-11-12T06:08:43Z,70.0,Charge 6
2025-11-12T06:08:45Z,69.0,Charge 6
2025-11-12T06:08:48Z,69.0,Charge 6
2025-11-12T06:08:50Z,68.0,Charge 6
2025-11-12T06:08:52Z,67.0,Charge 6
2025-11-12T06:08:54Z,68.0,Charge 6
2025-11-12T06:08:56Z,69.0,Charge 6
2025-11-12T06:08:58Z,67.0,Charge 6
2025-11-12T06:09:01Z,67.0,Charge 6
2025-11-12T06:09:02Z,66.0,Charge 6
2025-11-12T06:09:04Z,64.0,Charge 6
2025-11-12T06:09:06Z,65.0,Charge 6
2025-11-12T06:09:08Z,66.0,Charge 6
2025-11-12T06:09:10Z,66.0,Charge 6
2025-11-12T06:09:13Z,67.0,Charge 6
2025-11-12T06:09:16Z,67.0,Charge 6
2025-11-12T06:09:17Z,68.0,Charge 6
2025-11-12T06:09:19Z,68.0,Charge 6
2025-11-12T06:09:21Z,69.0,Charge 6
2025-11-12T06:09:23Z,70.0,Charge 6
2025-11-12T06:09:25Z,71.0,Charge 6
2025-11-12T06:09:27Z,72.0,Charge 6
2025-11-12T06:09:30Z,72.0,Charge 6
2025-11-12T06:09:33Z,71.0,Charge 6
2025-11-12T06:09:36Z,70.0,Charge 6
2025-11-12T06:09:38Z,69.0,Charge 6
2025-11-12T06:09:41Z,69.0,Charge 6
2025-11-12T06:09:42Z,68.0,Charge 6
2025-11-12T06:09:45Z,68.0,Charge 6
2025-11-12T06:09:48Z,68.0,Charge 6
2025-11-12T06:09:51Z,68.0,Charge 6
2025-11-12T06:09:54Z,70.0,Charge 6
2025-11-12T06:09:56Z,69.0,Charge 6
2025-11-12T06:09:59Z,68.0,Charge 6
2025-11-12T06:10:02Z,68.0,Charge 6
2025-11-12T06:10:03Z,69.0,Charge 6
2025-11-12T06:10:05Z,70.0,Charge 6
2025-11-12T06:10:07Z,71.0,Charge 6
2025-11-12T06:10:09Z,72.0,Charge 6
2025-11-12T06:10:11Z,73.0,Charge 6
2025-11-12T06:10:13Z,72.0,Charge 6
2025-11-12T06:10:15Z,70.0,Charge 6
2025-11-12T06:10:18Z,70.0,Charge 6
2025-11-12T06:10:21Z,72.0,Charge 6
2025-11-12T06:10:22Z,74.0,Charge 6
2025-11-12T06:10:24Z,75.0,Charge 6
2025-11-12T06:10:26Z,78.0,Charge 6
2025-11-12T06:10:28Z,79.0,Charge 6
2025-11-12T06:10:30Z,78.0,Charge 6
2025-11-12T06:10:32Z,75.0,Charge 6
2025-11-12T06:10:34Z,72.0,Charge 6
2025-11-12T06:10:36Z,70.0,Charge 6
2025-11-12T06:10:38Z,71.0,Charge 6
2025-11-12T06:10:40Z,70.0,Charge 6
2025-11-12T06:10:42Z,67.0,Charge 6
2025-11-12T06:10:45Z,67.0,Charge 6
2025-11-12T06:10:46Z,69.0,Charge 6
2025-11-12T06:10:47Z,71.0,Charge 6
2025-11-12T06:10:49Z,70.0,Charge 6
2025-11-12T06:10:51Z,67.0,Charge 6
2025-11-12T06:10:53Z,65.0,Charge 6
2025-11-12T06:10:56Z,65.0,Charge 6
2025-11-12T06:10:57Z,66.0,Charge 6
2025-11-12T06:10:59Z,67.0,Charge 6
2025-11-12T06:11:02Z,67.0,Charge 6
2025-11-12T06:11:05Z,67.0,Charge 6
2025-11-12T06:11:07Z,67.0,Charge 6
2025-11-12T06:11:10Z,67.0,Charge 6
2025-11-12T06:11:12Z,66.0,Charge 6
2025-11-12T06:11:15Z,66.0,Charge 6
2025-11-12T06:11:16Z,65.0,Charge 6
2025-11-12T06:11:18Z,66.0,Charge 6
2025-11-12T06:11:20Z,67.0,Charge 6
2025-11-12T06:11:22Z,68.0,Charge 6
2025-11-12T06:11:25Z,68.0,Charge 6
2025-11-12T06:11:26Z,69.0,Charge 6
2025-11-12T06:11:28Z,70.0,Charge 6
2025-11-12T06:11:31Z,70.0,Charge 6
2025-11-12T06:11:32Z,71.0,Charge 6
2025-11-12T06:11:34Z,72.0,Charge 6
2025-11-12T06:11:35Z,69.0,Charge 6
2025-11-12T06:11:37Z,68.0,Charge 6
2025-11-12T06:11:40Z,68.0,Charge 6
2025-11-12T06:11:41Z,69.0,Charge 6
2025-11-12T06:11:44Z,69.0,Charge 6
2025-11-12T06:11:47Z,68.0,Charge 6
2025-11-12T06:11:49Z,67.0,Charge 6
2025-11-12T06:11:51Z,68.0,Charge 6
2025-11-12T06:11:53Z,68.0,Charge 6
2025-11-12T06:11:56Z,68.0,Charge 6
2025-11-12T06:11:59Z,68.0,Charge 6
2025-11-12T06:12:00Z,67.0,Charge 6
2025-11-12T06:12:02Z,67.0,Charge 6
2025-11-12T06:12:04Z,67.0,Charge 6
2025-11-12T06:12:06Z,68.0,Charge 6
2025-11-12T06:12:09Z,68.0,Charge 6
2025-11-12T06:12:10Z,68.0,Charge 6
2025-11-12T06:12:13Z,68.0,Charge 6
2025-11-12T06:12:16Z,68.0,Charge 6
2025-11-12T06:12:19Z,68.0,Charge 6
2025-11-12T06:12:22Z,68.0,Charge 6
2025-11-12T06:12:23Z,67.0,Charge 6
2025-11-12T06:12:26Z,67.0,Charge 6
2025-11-12T06:12:27Z,68.0,Charge 6
2025-11-12T06:12:29Z,70.0,Charge 6
2025-11-12T06:12:32Z,70.0,Charge 6
2025-11-12T06:12:33Z,71.0,Charge 6
2025-11-12T06:12:35Z,72.0,Charge 6
2025-11-12T06:12:38Z,72.0,Charge 6
2025-11-12T06:12:41Z,70.0,Charge 6
2025-11-12T06:12:44Z,70.0,Charge 6
2025-11-12T06:12:45Z,69.0,Charge 6
2025-11-12T06:12:48Z,68.0,Charge 6
2025-11-12T06:12:50Z,68.0,Charge 6
2025-11-12T06:12:53Z,68.0,Charge 6
2025-11-12T06:12:54Z,66.0,Charge 6
2025-11-12T06:12:56Z,66.0,Charge 6
2025-11-12T06:12:59Z,66.0,Charge 6
2025-11-12T06:13:00Z,67.0,Charge 6
2025-11-12T06:13:02Z,68.0,Charge 6
2025-11-12T06:13:04Z,68.0,Charge 6
2025-11-12T06:13:06Z,69.0,Charge 6
2025-11-12T06:13:08Z,70.0,Charge 6
2025-11-12T06:13:10Z,71.0,Charge 6
2025-11-12T06:13:11Z,72.0,Charge 6
2025-11-12T06:13:14Z,72.0,Charge 6
2025-11-12T06:13:15Z,70.0,Charge 6
2025-11-12T06:13:18Z,70.0,Charge 6
2025-11-12T06:13:19Z,69.0,Charge 6
2025-11-12T06:13:21Z,68.0,Charge 6
2025-11-12T06:13:24Z,68.0,Charge 6
2025-11-12T06:13:25Z,67.0,Charge 6
2025-11-12T06:13:28Z,67.0,Charge 6
2025-11-12T06:13:29Z,66.0,Charge 6
2025-11-12T06:13:32Z,66.0,Charge 6
2025-11-12T06:13:35Z,66.0,Charge 6
2025-11-12T06:13:36Z,66.0,Charge 6
2025-11-12T06:13:38Z,65.0,Charge 6
2025-11-12T06:13:40Z,65.0,Charge 6
2025-11-12T06:13:42Z,67.0,Charge 6
2025-11-12T06:13:44Z,69.0,Charge 6
2025-11-12T06:13:46Z,70.0,Charge 6
2025-11-12T06:13:48Z,69.0,Charge 6
2025-11-12T06:13:51Z,69.0,Charge 6
2025-11-12T06:13:52Z,68.0,Charge 6
2025-11-12T06:13:55Z,68.0,Charge 6
2025-11-12T06:13:56Z,67.0,Charge 6
2025-11-12T06:13:58Z,66.0,Charge 6
2025-11-12T06:13:59Z,66.0,Charge 6
2025-11-12T06:14:02Z,66.0,Charge 6
2025-11-12T06:14:03Z,66.0,Charge 6
2025-11-12T06:14:06Z,66.0,Charge 6
2025-11-12T06:14:09Z,66.0,Charge 6
2025-11-12T06:14:12Z,66.0,Charge 6
2025-11-12T06:14:13Z,64.0,Charge 6
2025-11-12T06:14:16Z,64.0,Charge 6
2025-11-12T06:14:19Z,64.0,Charge 6
2025-11-12T06:14:21Z,64.0,Charge 6
2025-11-12T06:14:22Z,66.0,Charge 6
2025-11-12T06:14:25Z,66.0,Charge 6
2025-11-12T06:14:26Z,65.0,Charge 6
2025-11-12T06:14:29Z,65.0,Charge 6
2025-11-12T06:14:30Z,66.0,Charge 6
2025-11-12T06:14:32Z,67.0,Charge 6
2025-11-12T06:14:34Z,68.0,Charge 6
2025-11-12T06:14:37Z,68.0,Charge 6
2025-11-12T06:14:40Z,70.0,Charge 6
2025-11-12T06:14:42Z,71.0,Charge 6
2025-11-12T06:14:44Z,70.0,Charge 6
2025-11-12T06:14:47Z,69.0,Charge 6
2025-11-12T06:14:49Z,68.0,Charge 6
2025-11-12T06:14:52Z,68.0,Charge 6
2025-11-12T06:14:53Z,68.0,Charge 6
2025-11-12T06:14:55Z,67.0,Charge 6
2025-11-12T06:14:57Z,66.0,Charge 6
2025-11-12T06:15:00Z,66.0,Charge 6
2025-11-12T06:15:01Z,65.0,Charge 6
2025-11-12T06:15:04Z,65.0,Charge 6
2025-11-12T06:15:05Z,66.0,Charge 6
2025-11-12T06:15:07Z,66.0,Charge 6
2025-11-12T06:15:10Z,66.0,Charge 6
2025-11-12T06:15:13Z,66.0,Charge 6
2025-11-12T06:15:16Z,66.0,Charge 6
2025-11-12T06:15:18Z,66.0,Charge 6
2025-11-12T06:15:21Z,66.0,Charge 6
2025-11-12T06:15:24Z,66.0,Charge 6
2025-11-12T06:15:26Z,67.0,Charge 6
2025-11-12T06:15:28Z,68.0,Charge 6
2025-11-12T06:15:31Z,68.0,Charge 6
2025-11-12T06:15:32Z,68.0,Charge 6
2025-11-12T06:15:35Z,68.0,Charge 6
2025-11-12T06:15:38Z,68.0,Charge 6
2025-11-12T06:15:41Z,68.0,Charge 6
2025-11-12T06:15:43Z,67.0,Charge 6
2025-11-12T06:15:46Z,67.0,Charge 6
2025-11-12T06:15:47Z,66.0,Charge 6
2025-11-12T06:15:50Z,66.0,Charge 6
2025-11-12T06:15:51Z,68.0,Charge 6
2025-11-12T06:15:54Z,68.0,Charge 6
2025-11-12T06:15:55Z,67.0,Charge 6
2025-11-12T06:15:57Z,68.0,Charge 6
2025-11-12T06:15:58Z,68.0,Charge 6
2025-11-12T06:16:01Z,68.0,Charge 6
2025-11-12T06:16:04Z,68.0,Charge 6
2025-11-12T06:16:06Z,67.0,Charge 6
2025-11-12T06:16:08Z,68.0,Charge 6
2025-11-12T06:16:10Z,70.0,Charge 6
2025-11-12T06:16:13Z,70.0,Charge 6
2025-11-12T06:16:14Z,67.0,Charge 6
2025-11-12T06:16:16Z,66.0,Charge 6
2025-11-12T06:16:18Z,66.0,Charge 6
2025-11-12T06:16:21Z,66.0,Charge 6
2025-11-12T06:16:23Z,65.0,Charge 6
2025-11-12T06:16:26Z,65.0,Charge 6
2025-11-12T06:16:29Z,66.0,Charge 6
2025-11-12T06:16:32Z,66.0,Charge 6
2025-11-12T06:16:35Z,67.0,Charge 6
2025-11-12T06:16:37Z,68.0,Charge 6
2025-11-12T06:16:40Z,68.0,Charge 6
2025-11-12T06:16:43Z,69.0,Charge 6
2025-11-12T06:16:46Z,70.0,Charge 6
2025-11-12T06:16:49Z,70.0,Charge 6
2025-11-12T06:16:52Z,69.0,Charge 6
2025-11-12T06:16:54Z,68.0,Charge 6
2025-11-12T06:16:57Z,68.0,Charge 6
2025-11-12T06:16:58Z,67.0,Charge 6
2025-11-12T06:17:00Z,66.0,Charge 6
2025-11-12T06:17:03Z,66.0,Charge 6
2025-11-12T06:17:04Z,66.0,Charge 6
2025-11-12T06:17:07Z,66.0,Charge 6
2025-11-12T06:17:10Z,68.0,Charge 6
2025-11-12T06:17:11Z,70.0,Charge 6
2025-11-12T06:17:13Z,71.0,Charge 6
2025-11-12T06:17:15Z,72.0,Charge 6
2025-11-12T06:17:17Z,74.0,Charge 6
2025-11-12T06:17:19Z,74.0,Charge 6
2025-11-12T06:17:21Z,74.0,Charge 6
2025-11-12T06:17:23Z,73.0,Charge 6
2025-11-12T06:17:25Z,72.0,Charge 6
2025-11-12T06:17:28Z,72.0,Charge 6
2025-11-12T06:17:31Z,70.0,Charge 6
2025-11-12T06:17:34Z,70.0,Charge 6
2025-11-12T06:17:36Z,70.0,Charge 6
2025-11-12T06:17:38Z,70.0,Charge 6
2025-11-12T06:17:40Z,70.0,Charge 6
2025-11-12T06:17:42Z,69.0,Charge 6
2025-11-12T06:17:44Z,68.0,Charge 6
2025-11-12T06:17:47Z,68.0,Charge 6
2025-11-12T06:17:50Z,69.0,Charge 6
2025-11-12T06:17:53Z,69.0,Charge 6
2025-11-12T06:17:56Z,69.0,Charge 6
2025-11-12T06:17:58Z,69.0,Charge 6
2025-11-12T06:18:01Z,69.0,Charge 6
2025-11-12T06:18:03Z,70.0,Charge 6
2025-11-12T06:18:06Z,70.0,Charge 6
2025-11-12T06:18:07Z,70.0,Charge 6
2025-11-12T06:18:10Z,70.0,Charge 6
2025-11-12T06:18:11Z,71.0,Charge 6
2025-11-12T06:18:13Z,72.0,Charge 6
2025-11-12T06:18:15Z,73.0,Charge 6
2025-11-12T06:18:17Z,72.0,Charge 6
2025-11-12T06:18:19Z,71.0,Charge 6
2025-11-12T06:18:21Z,72.0,Charge 6
2025-11-12T06:18:22Z,72.0,Charge 6
2025-11-12T06:18:25Z,72.0,Charge 6
2025-11-12T06:18:28Z,72.0,Charge 6
2025-11-12T06:18:30Z,71.0,Charge 6
2025-11-12T06:18:32Z,72.0,Charge 6
2025-11-12T06:18:34Z,72.0,Charge 6
2025-11-12T06:18:36Z,73.0,Charge 6
2025-11-12T06:18:38Z,74.0,Charge 6
2025-11-12T06:18:41Z,74.0,Charge 6
2025-11-12T06:18:42Z,74.0,Charge 6
2025-11-12T06:18:45Z,74.0,Charge 6
2025-11-12T06:18:46Z,73.0,Charge 6
2025-11-12T06:18:47Z,72.0,Charge 6
2025-11-12T06:18:50Z,72.0,Charge 6
2025-11-12T06:18:53Z,72.0,Charge 6
2025-11-12T06:18:55Z,73.0,Charge 6
2025-11-12T06:18:58Z,73.0,Charge 6
2025-11-12T06:18:59Z,72.0,Charge 6
2025-11-12T06:19:02Z,72.0,Charge 6
2025-11-12T06:19:03Z,72.0,Charge 6
2025-11-12T06:19:05Z,73.0,Charge 6
2025-11-12T06:19:07Z,74.0,Charge 6
2025-11-12T06:19:10Z,74.0,Charge 6
2025-11-12T06:19:12Z,72.0,Charge 6
2025-11-12T06:19:15Z,72.0,Charge 6
2025-11-12T06:19:18Z,71.0,Charge 6
2025-11-12T06:19:20Z,69.0,Charge 6
2025-11-12T06:19:22Z,70.0,Charge 6
2025-11-12T06:19:25Z,70.0,Charge 6
2025-11-12T06:19:26Z,72.0,Charge 6
2025-11-12T06:19:29Z,72.0,Charge 6
2025-11-12T06:19:30Z,73.0,Charge 6
2025-11-12T06:19:33Z,73.0,Charge 6
2025-11-12T06:19:35Z,75.0,Charge 6
2025-11-12T06:19:38Z,75.0,Charge 6
2025-11-12T06:19:39Z,74.0,Charge 6
2025-11-12T06:19:41Z,75.0,Charge 6
2025-11-12T06:19:43Z,76.0,Charge 6
2025-11-12T06:19:46Z,76.0,Charge 6
2025-11-12T06:19:47Z,76.0,Charge 6
2025-11-12T06:19:50Z,76.0,Charge 6
2025-11-12T06:19:51Z,75.0,Charge 6
2025-11-12T06:19:53Z,74.0,Charge 6
2025-11-12T06:19:55Z,73.0,Charge 6
2025-11-12T06:19:57Z,72.0,Charge 6
2025-11-12T06:19:58Z,73.0,Charge 6
2025-11-12T06:20:00Z,74.0,Charge 6
2025-11-12T06:20:02Z,73.0,Charge 6
2025-11-12T06:20:04Z,71.0,Charge 6
2025-11-12T06:20:06Z,69.0,Charge 6
2025-11-12T06:20:08Z,66.0,Charge 6
2025-11-12T06:20:10Z,65.0,Charge 6
2025-11-12T06:20:13Z,65.0,Charge 6
2025-11-12T06:20:14Z,63.0,Charge 6
2025-11-12T06:20:16Z,62.0,Charge 6
2025-11-12T06:20:18Z,64.0,Charge 6
2025-11-12T06:20:21Z,64.0,Charge 6
2025-11-12T06:20:24Z,64.0,Charge 6
2025-11-12T06:20:25Z,65.0,Charge 6
2025-11-12T06:20:27Z,68.0,Charge 6
2025-11-12T06:20:29Z,70.0,Charge 6
2025-11-12T06:20:32Z,70.0,Charge 6
2025-11-12T06:20:35Z,69.0,Charge 6
2025-11-12T06:20:37Z,66.0,Charge 6
2025-11-12T06:20:39Z,67.0,Charge 6
2025-11-12T06:20:41Z,66.0,Charge 6
2025-11-12T06:20:44Z,66.0,Charge 6
2025-11-12T06:20:45Z,66.0,Charge 6
2025-11-12T06:20:46Z,65.0,Charge 6
2025-11-12T06:20:48Z,64.0,Charge 6
2025-11-12T06:20:51Z,64.0,Charge 6
2025-11-12T06:20:52Z,65.0,Charge 6
2025-11-12T06:20:55Z,65.0,Charge 6
2025-11-12T06:20:56Z,64.0,Charge 6
2025-11-12T06:20:58Z,63.0,Charge 6
2025-11-12T06:21:00Z,62.0,Charge 6
2025-11-12T06:21:03Z,62.0,Charge 6
2025-11-12T06:21:04Z,62.0,Charge 6
2025-11-12T06:21:06Z,63.0,Charge 6
2025-11-12T06:21:08Z,65.0,Charge 6
2025-11-12T06:21:10Z,66.0,Charge 6
2025-11-12T06:21:13Z,66.0,Charge 6
2025-11-12T06:21:16Z,66.0,Charge 6
2025-11-12T06:21:19Z,66.0,Charge 6
2025-11-12T06:21:22Z,66.0,Charge 6
2025-11-12T06:21:25Z,65.0,Charge 6
2025-11-12T06:21:27Z,64.0,Charge 6
2025-11-12T06:21:30Z,64.0,Charge 6
2025-11-12T06:21:33Z,66.0,Charge 6
2025-11-12T06:21:36Z,66.0,Charge 6
2025-11-12T06:21:39Z,66.0,Charge 6
2025-11-12T06:21:42Z,67.0,Charge 6
2025-11-12T06:21:45Z,67.0,Charge 6
2025-11-12T06:21:46Z,66.0,Charge 6
2025-11-12T06:21:49Z,66.0,Charge 6
2025-11-12T06:21:52Z,66.0,Charge 6
2025-11-12T06:21:55Z,66.0,Charge 6
2025-11-12T06:21:58Z,66.0,Charge 6
2025-11-12T06:22:01Z,66.0,Charge 6
2025-11-12T06:22:04Z,66.0,Charge 6
2025-11-12T06:22:05Z,66.0,Charge 6
2025-11-12T06:22:07Z,66.0,Charge 6
2025-11-12T06:22:10Z,66.0,Charge 6
2025-11-12T06:22:13Z,66.0,Charge 6
2025-11-12T06:22:15Z,66.0,Charge 6
2025-11-12T06:22:18Z,66.0,Charge 6
2025-11-12T06:22:21Z,66.0,Charge 6
2025-11-12T06:22:24Z,66.0,Charge 6
2025-11-12T06:22:26Z,67.0,Charge 6
2025-11-12T06:22:29Z,67.0,Charge 6
2025-11-12T06:22:30Z,66.0,Charge 6
2025-11-12T06:22:33Z,66.0,Charge 6
2025-11-12T06:22:34Z,66.0,Charge 6
2025-11-12T06:22:36Z,68.0,Charge 6
2025-11-12T06:22:38Z,69.0,Charge 6
2025-11-12T06:22:40Z,71.0,Charge 6
2025-11-12T06:22:42Z,70.0,Charge 6
2025-11-12T06:22:44Z,69.0,Charge 6
2025-11-12T06:22:47Z,68.0,Charge 6
2025-11-12T06:22:49Z,68.0,Charge 6
2025-11-12T06:22:52Z,68.0,Charge 6
2025-11-12T06:22:53Z,69.0,Charge 6
2025-11-12T06:22:56Z,69.0,Charge 6
2025-11-12T06:22:57Z,70.0,Charge 6
2025-11-12T06:23:00Z,70.0,Charge 6
2025-11-12T06:23:03Z,70.0,Charge 6
2025-11-12T06:23:05Z,68.0,Charge 6
2025-11-12T06:23:07Z,68.0,Charge 6
2025-11-12T06:23:10Z,69.0,Charge 6
2025-11-12T06:23:13Z,69.0,Charge 6
2025-11-12T06:23:16Z,69.0,Charge 6
2025-11-12T06:23:19Z,69.0,Charge 6
2025-11-12T06:23:22Z,70.0,Charge 6
2025-11-12T06:23:24Z,71.0,Charge 6
2025-11-12T06:23:27Z,71.0,Charge 6
2025-11-12T06:23:30Z,69.0,Charge 6
2025-11-12T06:23:32Z,67.0,Charge 6
2025-11-12T06:23:34Z,66.0,Charge 6
2025-11-12T06:23:35Z,64.0,Charge 6
2025-11-12T06:23:38Z,64.0,Charge 6
2025-11-12T06:23:39Z,65.0,Charge 6
2025-11-12T06:23:42Z,65.0,Charge 6
2025-11-12T06:23:43Z,64.0,Charge 6
2025-11-12T06:23:46Z,64.0,Charge 6
2025-11-12T06:23:47Z,63.0,Charge 6
2025-11-12T06:23:50Z,63.0,Charge 6
2025-11-12T06:23:53Z,64.0,Charge 6
2025-11-12T06:23:55Z,63.0,Charge 6
2025-11-12T06:23:57Z,62.0,Charge 6
2025-11-12T06:23:58Z,63.0,Charge 6
2025-11-12T06:24:00Z,63.0,Charge 6
2025-11-12T06:24:02Z,62.0,Charge 6
2025-11-12T06:24:05Z,62.0,Charge 6
2025-11-12T06:24:06Z,62.0,Charge 6
2025-11-12T06:24:08Z,62.0,Charge 6
2025-11-12T06:24:10Z,63.0,Charge 6
2025-11-12T06:24:12Z,64.0,Charge 6
2025-11-12T06:24:15Z,64.0,Charge 6
2025-11-12T06:24:18Z,64.0,Charge 6
2025-11-12T06:24:21Z,64.0,Charge 6
2025-11-12T06:24:22Z,66.0,Charge 6
2025-11-12T06:24:23Z,67.0,Charge 6
2025-11-12T06:24:25Z,68.0,Charge 6
2025-11-12T06:24:27Z,68.0,Charge 6
2025-11-12T06:24:30Z,68.0,Charge 6
2025-11-12T06:24:31Z,68.0,Charge 6
2025-11-12T06:24:33Z,69.0,Charge 6
2025-11-12T06:24:35Z,70.0,Charge 6
2025-11-12T06:24:37Z,71.0,Charge 6
2025-11-12T06:24:39Z,72.0,Charge 6
2025-11-12T06:24:41Z,73.0,Charge 6
2025-11-12T06:24:43Z,75.0,Charge 6
2025-11-12T06:24:45Z,74.0,Charge 6
2025-11-12T06:24:46Z,75.0,Charge 6
2025-11-12T06:24:48Z,76.0,Charge 6
2025-11-12T06:24:51Z,76.0,Charge 6
2025-11-12T06:24:52Z,78.0,Charge 6
2025-11-12T06:24:55Z,78.0,Charge 6
2025-11-12T06:24:56Z,73.0,Charge 6
2025-11-12T06:24:58Z,71.0,Charge 6
2025-11-12T06:25:01Z,71.0,Charge 6
2025-11-12T06:25:02Z,69.0,Charge 6
2025-11-12T06:25:04Z,68.0,Charge 6
2025-11-12T06:25:06Z,67.0,Charge 6
2025-11-12T06:25:08Z,66.0,Charge 6
2025-11-12T06:25:10Z,68.0,Charge 6
2025-11-12T06:25:13Z,68.0,Charge 6
2025-11-12T06:25:16Z,68.0,Charge 6
2025-11-12T06:25:17Z,68.0,Charge 6
2025-11-12T06:25:19Z,68.0,Charge 6
2025-11-12T06:25:21Z,70.0,Charge 6
2025-11-12T06:25:24Z,70.0,Charge 6
2025-11-12T06:25:27Z,70.0,Charge 6
2025-11-12T06:25:30Z,72.0,Charge 6
2025-11-12T06:25:33Z,72.0,Charge 6
2025-11-12T06:25:35Z,74.0,Charge 6
2025-11-12T06:25:37Z,75.0,Charge 6
2025-11-12T06:25:39Z,76.0,Charge 6
2025-11-12T06:25:41Z,77.0,Charge 6
2025-11-12T06:25:44Z,77.0,Charge 6
2025-11-12T06:25:45Z,76.0,Charge 6
2025-11-12T06:25:48Z,76.0,Charge 6
2025-11-12T06:25:49Z,77.0,Charge 6
2025-11-12T06:25:52Z,77.0,Charge 6
2025-11-12T06:25:55Z,74.0,Charge 6
2025-11-12T06:25:57Z,73.0,Charge 6
2025-11-12T06:25:58Z,74.0,Charge 6
2025-11-12T06:26:00Z,73.0,Charge 6
2025-11-12T06:26:02Z,68.0,Charge 6
2025-11-12T06:26:04Z,67.0,Charge 6
2025-11-12T06:26:06Z,68.0,Charge 6
2025-11-12T06:26:08Z,71.0,Charge 6
2025-11-12T06:26:10Z,73.0,Charge 6
2025-11-12T06:26:12Z,74.0,Charge 6
2025-11-12T06:26:14Z,75.0,Charge 6
2025-11-12T06:26:16Z,76.0,Charge 6
2025-11-12T06:26:18Z,77.0,Charge 6
2025-11-12T06:26:21Z,78.0,Charge 6
2025-11-12T06:26:23Z,77.0,Charge 6
2025-11-12T06:26:25Z,78.0,Charge 6
2025-11-12T06:26:27Z,76.0,Charge 6
2025-11-12T06:26:30Z,76.0,Charge 6
2025-11-12T06:26:31Z,77.0,Charge 6
2025-11-12T06:26:33Z,76.0,Charge 6
2025-11-12T06:26:35Z,78.0,Charge 6
2025-11-12T06:26:37Z,81.0,Charge 6
2025-11-12T06:26:39Z,82.0,Charge 6
2025-11-12T06:26:41Z,83.0,Charge 6
2025-11-12T06:26:43Z,80.0,Charge 6
2025-11-12T06:26:45Z,77.0,Charge 6
2025-11-12T06:26:46Z,75.0,Charge 6
2025-11-12T06:26:48Z,74.0,Charge 6
2025-11-12T06:26:50Z,72.0,Charge 6
2025-11-12T06:26:52Z,71.0,Charge 6
2025-11-12T06:26:54Z,70.0,Charge 6
2025-11-12T06:26:56Z,69.0,Charge 6
2025-11-12T06:26:58Z,70.0,Charge 6
2025-11-12T06:27:00Z,72.0,Charge 6
2025-11-12T06:27:02Z,71.0,Charge 6
2025-11-12T06:27:05Z,71.0,Charge 6
2025-11-12T06:27:06Z,72.0,Charge 6
2025-11-12T06:27:08Z,71.0,Charge 6
2025-11-12T06:27:09Z,72.0,Charge 6
2025-11-12T06:27:11Z,71.0,Charge 6
2025-11-12T06:27:13Z,70.0,Charge 6
2025-11-12T06:27:16Z,70.0,Charge 6
2025-11-12T06:27:19Z,70.0,Charge 6
2025-11-12T06:27:22Z,70.0,Charge 6
2025-11-12T06:27:23Z,71.0,Charge 6
2025-11-12T06:27:25Z,72.0,Charge 6
2025-11-12T06:27:27Z,74.0,Charge 6
2025-11-12T06:27:29Z,75.0,Charge 6
2025-11-12T06:27:31Z,74.0,Charge 6
2025-11-12T06:27:33Z,73.0,Charge 6
2025-11-12T06:27:34Z,73.0,Charge 6
2025-11-12T06:27:36Z,72.0,Charge 6
2025-11-12T06:27:38Z,70.0,Charge 6
2025-11-12T06:27:40Z,70.0,Charge 6
2025-11-12T06:27:43Z,70.0,Charge 6
2025-11-12T06:27:44Z,69.0,Charge 6
2025-11-12T06:27:46Z,70.0,Charge 6
2025-11-12T06:27:48Z,69.0,Charge 6
2025-11-12T06:27:50Z,66.0,Charge 6
2025-11-12T06:27:52Z,64.0,Charge 6
2025-11-12T06:27:55Z,64.0,Charge 6
2025-11-12T06:27:56Z,65.0,Charge 6
2025-11-12T06:27:57Z,64.0,Charge 6
2025-11-12T06:27:59Z,63.0,Charge 6
2025-11-12T06:28:01Z,62.0,Charge 6
2025-11-12T06:28:04Z,62.0,Charge 6
2025-11-12T06:28:05Z,63.0,Charge 6
2025-11-12T06:28:07Z,62.0,Charge 6
2025-11-12T06:28:09Z,63.0,Charge 6
2025-11-12T06:28:11Z,62.0,Charge 6
2025-11-12T06:28:14Z,62.0,Charge 6
2025-11-12T06:28:15Z,61.0,Charge 6
2025-11-12T06:28:17Z,61.0,Charge 6
2025-11-12T06:28:19Z,62.0,Charge 6
2025-11-12T06:28:22Z,62.0,Charge 6
2025-11-12T06:28:24Z,63.0,Charge 6
2025-11-12T06:28:26Z,62.0,Charge 6
2025-11-12T06:28:29Z,62.0,Charge 6
2025-11-12T06:28:32Z,61.0,Charge 6
2025-11-12T06:28:35Z,61.0,Charge 6
2025-11-12T06:28:36Z,60.0,Charge 6
2025-11-12T06:28:39Z,60.0,Charge 6
2025-11-12T06:28:42Z,60.0,Charge 6
2025-11-12T06:28:45Z,60.0,Charge 6
2025-11-12T06:28:48Z,60.0,Charge 6
2025-11-12T06:28:49Z,61.0,Charge 6
2025-11-12T06:28:51Z,62.0,Charge 6
2025-11-12T06:28:54Z,62.0,Charge 6
2025-11-12T06:28:55Z,63.0,Charge 6
2025-11-12T06:28:58Z,63.0,Charge 6
2025-11-12T06:28:59Z,64.0,Charge 6
2025-11-12T06:29:02Z,64.0,Charge 6
2025-11-12T06:29:05Z,64.0,Charge 6
2025-11-12T06:29:07Z,64.0,Charge 6
2025-11-12T06:29:09Z,64.0,Charge 6
2025-11-12T06:29:12Z,65.0,Charge 6
2025-11-12T06:29:14Z,64.0,Charge 6
2025-11-12T06:29:17Z,64.0,Charge 6
2025-11-12T06:29:18Z,63.0,Charge 6
2025-11-12T06:29:20Z,62.0,Charge 6
2025-11-12T06:29:23Z,62.0,Charge 6
2025-11-12T06:29:24Z,62.0,Charge 6
2025-11-12T06:29:26Z,60.0,Charge 6
2025-11-12T06:29:29Z,60.0,Charge 6
2025-11-12T06:29:32Z,60.0,Charge 6
2025-11-12T06:29:35Z,60.0,Charge 6
2025-11-12T06:29:38Z,60.0,Charge 6
2025-11-12T06:29:41Z,60.0,Charge 6
2025-11-12T06:29:43Z,61.0,Charge 6
2025-11-12T06:29:45Z,63.0,Charge 6
2025-11-12T06:29:47Z,64.0,Charge 6
2025-11-12T06:29:49Z,65.0,Charge 6
2025-11-12T06:29:51Z,68.0,Charge 6
2025-11-12T06:29:53Z,69.0,Charge 6
2025-11-12T06:29:55Z,70.0,Charge 6
2025-11-12T06:29:57Z,73.0,Charge 6
2025-11-12T06:29:58Z,75.0,Charge 6
2025-11-12T06:30:00Z,88.0,Charge 6
2025-11-12T06:30:02Z,91.0,Charge 6
2025-11-12T06:30:04Z,93.0,Charge 6
2025-11-12T06:30:06Z,89.0,Charge 6
2025-11-12T06:30:08Z,87.0,Charge 6
2025-11-12T06:30:10Z,86.0,Charge 6
2025-11-12T06:30:12Z,78.0,Charge 6
2025-11-12T06:30:14Z,73.0,Charge 6
2025-11-12T06:30:16Z,70.0,Charge 6
2025-11-12T06:30:18Z,69.0,Charge 6
2025-11-12T06:30:21Z,68.0,Charge 6
2025-11-12T06:30:23Z,69.0,Charge 6
2025-11-12T06:30:25Z,71.0,Charge 6
2025-11-12T06:30:27Z,72.0,Charge 6
2025-11-12T06:30:29Z,74.0,Charge 6
2025-11-12T06:30:32Z,74.0,Charge 6
2025-11-12T06:30:35Z,74.0,Charge 6
2025-11-12T06:30:37Z,75.0,Charge 6
2025-11-12T06:30:39Z,77.0,Charge 6
2025-11-12T06:30:42Z,77.0,Charge 6
2025-11-12T06:30:45Z,77.0,Charge 6
2025-11-12T06:30:46Z,77.0,Charge 6
2025-11-12T06:30:49Z,77.0,Charge 6
2025-11-12T06:30:50Z,76.0,Charge 6
2025-11-12T06:30:52Z,75.0,Charge 6
2025-11-12T06:30:54Z,76.0,Charge 6
2025-11-12T06:30:57Z,76.0,Charge 6
2025-11-12T06:30:58Z,78.0,Charge 6
2025-11-12T06:31:00Z,80.0,Charge 6
2025-11-12T06:31:02Z,79.0,Charge 6
2025-11-12T06:31:04Z,81.0,Charge 6
2025-11-12T06:31:07Z,81.0,Charge 6
2025-11-12T06:31:08Z,79.0,Charge 6
2025-11-12T06:31:09Z,76.0,Charge 6
2025-11-12T06:31:11Z,75.0,Charge 6
2025-11-12T06:31:13Z,74.0,Charge 6
2025-11-12T06:31:15Z,75.0,Charge 6
2025-11-12T06:31:17Z,74.0,Charge 6
2025-11-12T06:31:19Z,72.0,Charge 6
2025-11-12T06:31:22Z,72.0,Charge 6
2025-11-12T06:31:25Z,72.0,Charge 6
2025-11-12T06:31:27Z,73.0,Charge 6
2025-11-12T06:31:29Z,74.0,Charge 6
2025-11-12T06:31:32Z,74.0,Charge 6
2025-11-12T06:31:33Z,75.0,Charge 6
2025-11-12T06:31:36Z,73.0,Charge 6
2025-11-12T06:31:39Z,73.0,Charge 6
2025-11-12T06:31:40Z,74.0,Charge 6
2025-11-12T06:31:42Z,74.0,Charge 6
2025-11-12T06:31:45Z,74.0,Charge 6
2025-11-12T06:31:46Z,79.0,Charge 6
2025-11-12T06:31:48Z,75.0,Charge 6
2025-11-12T06:31:50Z,78.0,Charge 6
2025-11-12T06:31:52Z,80.0,Charge 6
2025-11-12T06:31:54Z,77.0,Charge 6
2025-11-12T06:31:56Z,72.0,Charge 6
2025-11-12T06:31:57Z,69.0,Charge 6
2025-11-12T06:31:59Z,68.0,Charge 6
2025-11-12T06:32:01Z,66.0,Charge 6
2025-11-12T06:32:04Z,66.0,Charge 6
2025-11-12T06:32:05Z,67.0,Charge 6
2025-11-12T06:32:08Z,67.0,Charge 6
2025-11-12T06:32:09Z,70.0,Charge 6
2025-11-12T06:32:11Z,69.0,Charge 6
2025-11-12T06:32:13Z,68.0,Charge 6
2025-11-12T06:32:15Z,70.0,Charge 6
2025-11-12T06:32:18Z,70.0,Charge 6
2025-11-12T06:32:19Z,69.0,Charge 6
2025-11-12T06:32:21Z,70.0,Charge 6
2025-11-12T06:32:22Z,72.0,Charge 6
2025-11-12T06:32:24Z,75.0,Charge 6
2025-11-12T06:32:26Z,76.0,Charge 6
2025-11-12T06:32:28Z,77.0,Charge 6
2025-11-12T06:32:30Z,76.0,Charge 6
2025-11-12T06:32:32Z,75.0,Charge 6
2025-11-12T06:32:34Z,75.0,Charge 6
2025-11-12T06:32:36Z,73.0,Charge 6
2025-11-12T06:32:38Z,71.0,Charge 6
2025-11-12T06:32:41Z,71.0,Charge 6
2025-11-12T06:32:44Z,72.0,Charge 6
2025-11-12T06:32:45Z,71.0,Charge 6
2025-11-12T06:32:47Z,70.0,Charge 6
2025-11-12T06:32:50Z,70.0,Charge 6
2025-11-12T06:32:51Z,71.0,Charge 6
2025-11-12T06:32:53Z,75.0,Charge 6
2025-11-12T06:32:55Z,76.0,Charge 6
2025-11-12T06:32:57Z,77.0,Charge 6
2025-11-12T06:32:59Z,78.0,Charge 6
2025-11-12T06:33:02Z,78.0,Charge 6
2025-11-12T06:33:03Z,80.0,Charge 6
2025-11-12T06:33:05Z,79.0,Charge 6
2025-11-12T06:33:07Z,78.0,Charge 6
2025-11-12T06:33:09Z,77.0,Charge 6
2025-11-12T06:33:10Z,76.0,Charge 6
2025-11-12T06:33:12Z,75.0,Charge 6
2025-11-12T06:33:14Z,74.0,Charge 6
2025-11-12T06:33:16Z,72.0,Charge 6
2025-11-12T06:33:18Z,70.0,Charge 6
2025-11-12T06:33:20Z,70.0,Charge 6
2025-11-12T06:33:23Z,70.0,Charge 6
2025-11-12T06:33:24Z,69.0,Charge 6
2025-11-12T06:33:26Z,68.0,Charge 6
2025-11-12T06:33:28Z,67.0,Charge 6
2025-11-12T06:33:30Z,66.0,Charge 6
2025-11-12T06:33:32Z,68.0,Charge 6
2025-11-12T06:33:35Z,68.0,Charge 6
2025-11-12T06:33:37Z,67.0,Charge 6
2025-11-12T06:33:39Z,69.0,Charge 6
2025-11-12T06:33:41Z,73.0,Charge 6
2025-11-12T06:33:44Z,73.0,Charge 6
2025-11-12T06:33:45Z,76.0,Charge 6
2025-11-12T06:33:48Z,76.0,Charge 6
2025-11-12T06:33:49Z,72.0,Charge 6
2025-11-12T06:33:52Z,72.0,Charge 6
2025-11-12T06:33:53Z,74.0,Charge 6
2025-11-12T06:33:55Z,72.0,Charge 6
2025-11-12T06:33:57Z,70.0,Charge 6
2025-11-12T06:34:00Z,71.0,Charge 6
2025-11-12T06:34:03Z,71.0,Charge 6
2025-11-12T06:34:04Z,72.0,Charge 6
2025-11-12T06:34:06Z,76.0,Charge 6
2025-11-12T06:34:08Z,77.0,Charge 6
2025-11-12T06:34:10Z,80.0,Charge 6
2025-11-12T06:34:13Z,80.0,Charge 6
2025-11-12T06:34:14Z,77.0,Charge 6
2025-11-12T06:34:16Z,74.0,Charge 6
2025-11-12T06:34:18Z,73.0,Charge 6
2025-11-12T06:34:20Z,75.0,Charge 6
2025-11-12T06:34:21Z,76.0,Charge 6
2025-11-12T06:34:23Z,77.0,Charge 6
2025-11-12T06:34:25Z,76.0,Charge 6
2025-11-12T06:34:27Z,74.0,Charge 6
2025-11-12T06:34:29Z,73.0,Charge 6
2025-11-12T06:34:31Z,72.0,Charge 6
2025-11-12T06:34:33Z,71.0,Charge 6
2025-11-12T06:34:36Z,71.0,Charge 6
2025-11-12T06:34:39Z,69.0,Charge 6
2025-11-12T06:34:41Z,70.0,Charge 6
2025-11-12T06:34:43Z,71.0,Charge 6
2025-11-12T06:34:45Z,73.0,Charge 6
2025-11-12T06:34:48Z,73.0,Charge 6
2025-11-12T06:34:50Z,74.0,Charge 6
2025-11-12T06:34:52Z,75.0,Charge 6
2025-11-12T06:34:54Z,74.0,Charge 6
2025-11-12T06:34:56Z,73.0,Charge 6
2025-11-12T06:34:58Z,72.0,Charge 6
2025-11-12T06:35:00Z,73.0,Charge 6
2025-11-12T06:35:03Z,73.0,Charge 6
2025-11-12T06:35:06Z,72.0,Charge 6
2025-11-12T06:35:08Z,70.0,Charge 6
2025-11-12T06:35:09Z,68.0,Charge 6
2025-11-12T06:35:11Z,67.0,Charge 6
2025-11-12T06:35:13Z,66.0,Charge 6
2025-11-12T06:35:16Z,66.0,Charge 6
2025-11-12T06:35:19Z,66.0,Charge 6
2025-11-12T06:35:21Z,67.0,Charge 6
2025-11-12T06:35:23Z,67.0,Charge 6
2025-11-12T06:35:25Z,67.0,Charge 6
2025-11-12T06:35:27Z,68.0,Charge 6
2025-11-12T06:35:30Z,68.0,Charge 6
2025-11-12T06:35:31Z,69.0,Charge 6
2025-11-12T06:35:34Z,68.0,Charge 6
2025-11-12T06:35:37Z,68.0,Charge 6
2025-11-12T06:35:40Z,68.0,Charge 6
2025-11-12T06:35:43Z,68.0,Charge 6
2025-11-12T06:35:44Z,69.0,Charge 6
2025-11-12T06:35:46Z,70.0,Charge 6
2025-11-12T06:35:48Z,71.0,Charge 6
2025-11-12T06:35:50Z,73.0,Charge 6
2025-11-12T06:35:52Z,74.0,Charge 6
2025-11-12T06:35:55Z,74.0,Charge 6
2025-11-12T06:35:57Z,75.0,Charge 6
2025-11-12T06:35:59Z,77.0,Charge 6
2025-11-12T06:36:01Z,75.0,Charge 6
2025-11-12T06:36:03Z,70.0,Charge 6
2025-11-12T06:36:05Z,66.0,Charge 6
2025-11-12T06:36:07Z,63.0,Charge 6
2025-11-12T06:36:10Z,63.0,Charge 6
2025-11-12T06:36:11Z,65.0,Charge 6
2025-11-12T06:36:13Z,64.0,Charge 6
2025-11-12T06:36:15Z,63.0,Charge 6
2025-11-12T06:36:18Z,63.0,Charge 6
2025-11-12T06:36:19Z,61.0,Charge 6
2025-11-12T06:36:21Z,60.0,Charge 6
2025-11-12T06:36:24Z,59.0,Charge 6
2025-11-12T06:36:26Z,60.0,Charge 6
2025-11-12T06:36:28Z,63.0,Charge 6
2025-11-12T06:36:30Z,61.0,Charge 6
2025-11-12T06:36:32Z,62.0,Charge 6
2025-11-12T06:36:34Z,64.0,Charge 6
2025-11-12T06:36:36Z,64.0,Charge 6
2025-11-12T06:36:39Z,64.0,Charge 6
2025-11-12T06:36:42Z,65.0,Charge 6
2025-11-12T06:36:44Z,64.0,Charge 6
2025-11-12T06:36:45Z,63.0,Charge 6
2025-11-12T06:36:47Z,62.0,Charge 6
2025-11-12T06:36:50Z,62.0,Charge 6
2025-11-12T06:36:51Z,64.0,Charge 6
2025-11-12T06:36:54Z,64.0,Charge 6
2025-11-12T06:36:55Z,63.0,Charge 6
2025-11-12T06:36:57Z,63.0,Charge 6
2025-11-12T06:36:59Z,62.0,Charge 6
2025-11-12T06:37:02Z,62.0,Charge 6
2025-11-12T06:37:03Z,61.0,Charge 6
2025-11-12T06:37:06Z,61.0,Charge 6
2025-11-12T06:37:07Z,60.0,Charge 6
2025-11-12T06:37:09Z,61.0,Charge 6
2025-11-12T06:37:10Z,62.0,Charge 6
2025-11-12T06:37:13Z,62.0,Charge 6
2025-11-12T06:37:16Z,61.0,Charge 6
2025-11-12T06:37:18Z,61.0,Charge 6
2025-11-12T06:37:20Z,62.0,Charge 6
2025-11-12T06:37:23Z,62.0,Charge 6
2025-11-12T06:37:26Z,62.0,Charge 6
2025-11-12T06:37:28Z,61.0,Charge 6
2025-11-12T06:37:30Z,60.0,Charge 6
2025-11-12T06:37:33Z,60.0,Charge 6
2025-11-12T06:37:36Z,60.0,Charge 6
2025-11-12T06:37:39Z,60.0,Charge 6
2025-11-12T06:37:41Z,60.0,Charge 6
2025-11-12T06:37:44Z,60.0,Charge 6
2025-11-12T06:37:45Z,61.0,Charge 6
2025-11-12T06:37:48Z,61.0,Charge 6
2025-11-12T06:37:49Z,62.0,Charge 6
2025-11-12T06:37:52Z,62.0,Charge 6
2025-11-12T06:37:53Z,61.0,Charge 6
2025-11-12T06:37:56Z,61.0,Charge 6
2025-11-12T06:37:59Z,61.0,Charge 6
2025-11-12T06:38:02Z,60.0,Charge 6
2025-11-12T06:38:05Z,60.0,Charge 6
2025-11-12T06:38:08Z,60.0,Charge 6
2025-11-12T06:38:11Z,60.0,Charge 6
2025-11-12T06:38:14Z,60.0,Charge 6
2025-11-12T06:38:16Z,60.0,Charge 6
2025-11-12T06:38:19Z,60.0,Charge 6
2025-11-12T06:38:20Z,60.0,Charge 6
2025-11-12T06:38:21Z,59.0,Charge 6
2025-11-12T06:38:23Z,60.0,Charge 6
2025-11-12T06:38:26Z,60.0,Charge 6
2025-11-12T06:38:29Z,60.0,Charge 6
2025-11-12T06:38:32Z,60.0,Charge 6
2025-11-12T06:38:33Z,60.0,Charge 6
2025-11-12T06:38:36Z,60.0,Charge 6
2025-11-12T06:38:37Z,60.0,Charge 6
2025-11-12T06:38:40Z,60.0,Charge 6
2025-11-12T06:38:43Z,60.0,Charge 6
2025-11-12T06:38:46Z,60.0,Charge 6
2025-11-12T06:38:49Z,60.0,Charge 6
2025-11-12T06:38:52Z,60.0,Charge 6
2025-11-12T06:38:55Z,60.0,Charge 6
2025-11-12T06:38:58Z,60.0,Charge 6
2025-11-12T06:39:01Z,60.0,Charge 6
2025-11-12T06:39:02Z,60.0,Charge 6
2025-11-12T06:39:04Z,60.0,Charge 6
2025-11-12T06:39:07Z,60.0,Charge 6
2025-11-12T06:39:09Z,61.0,Charge 6
2025-11-12T06:39:11Z,62.0,Charge 6
2025-11-12T06:39:14Z,62.0,Charge 6
2025-11-12T06:39:17Z,63.0,Charge 6
2025-11-12T06:39:19Z,62.0,Charge 6
2025-11-12T06:39:22Z,62.0,Charge 6
2025-11-12T06:39:25Z,61.0,Charge 6
2025-11-12T06:39:27Z,62.0,Charge 6
2025-11-12T06:39:30Z,62.0,Charge 6
2025-11-12T06:39:31Z,62.0,Charge 6
2025-11-12T06:39:34Z,61.0,Charge 6
2025-11-12T06:39:36Z,60.0,Charge 6
2025-11-12T06:39:38Z,60.0,Charge 6
2025-11-12T06:39:41Z,60.0,Charge 6
2025-11-12T06:39:44Z,60.0,Charge 6
2025-11-12T06:39:46Z,60.0,Charge 6
2025-11-12T06:39:49Z,60.0,Charge 6
2025-11-12T06:39:50Z,61.0,Charge 6
2025-11-12T06:39:52Z,60.0,Charge 6
2025-11-12T06:39:55Z,60.0,Charge 6
2025-11-12T06:39:58Z,60.0,Charge 6
2025-11-12T06:40:01Z,63.0,Charge 6
2025-11-12T06:40:03Z,67.0,Charge 6
2025-11-12T06:40:05Z,70.0,Charge 6
2025-11-12T06:40:07Z,71.0,Charge 6
2025-11-12T06:40:09Z,65.0,Charge 6
2025-11-12T06:40:12Z,65.0,Charge 6
2025-11-12T06:40:13Z,66.0,Charge 6
2025-11-12T06:40:15Z,64.0,Charge 6
2025-11-12T06:40:17Z,62.0,Charge 6
2025-11-12T06:40:20Z,62.0,Charge 6
2025-11-12T06:40:21Z,61.0,Charge 6
2025-11-12T06:40:24Z,62.0,Charge 6
2025-11-12T06:40:26Z,63.0,Charge 6
2025-11-12T06:40:28Z,64.0,Charge 6
2025-11-12T06:40:30Z,66.0,Charge 6
2025-11-12T06:40:32Z,64.0,Charge 6
2025-11-12T06:40:34Z,63.0,Charge 6
2025-11-12T06:40:36Z,64.0,Charge 6
2025-11-12T06:40:38Z,65.0,Charge 6
2025-11-12T06:40:40Z,64.0,Charge 6
2025-11-12T06:40:41Z,63.0,Charge 6
2025-11-12T06:40:44Z,63.0,Charge 6
2025-11-12T06:40:47Z,63.0,Charge 6
2025-11-12T06:40:49Z,62.0,Charge 6
2025-11-12T06:40:52Z,62.0,Charge 6
2025-11-12T06:40:53Z,63.0,Charge 6
2025-11-12T06:40:55Z,62.0,Charge 6
2025-11-12T06:40:58Z,62.0,Charge 6
2025-11-12T06:40:59Z,63.0,Charge 6
2025-11-12T06:41:02Z,63.0,Charge 6
2025-11-12T06:41:04Z,62.0,Charge 6
2025-11-12T06:41:07Z,62.0,Charge 6
2025-11-12T06:41:08Z,61.0,Charge 6
2025-11-12T06:41:11Z,61.0,Charge 6
2025-11-12T06:41:14Z,61.0,Charge 6
2025-11-12T06:41:16Z,61.0,Charge 6
2025-11-12T06:41:18Z,62.0,Charge 6
2025-11-12T06:41:20Z,64.0,Charge 6
2025-11-12T06:41:23Z,64.0,Charge 6
2025-11-12T06:41:26Z,64.0,Charge 6
2025-11-12T06:41:29Z,64.0,Charge 6
2025-11-12T06:41:31Z,65.0,Charge 6
2025-11-12T06:41:33Z,66.0,Charge 6
2025-11-12T06:41:35Z,65.0,Charge 6
2025-11-12T06:41:37Z,64.0,Charge 6
2025-11-12T06:41:39Z,63.0,Charge 6
2025-11-12T06:41:41Z,62.0,Charge 6
2025-11-12T06:41:43Z,60.0,Charge 6
2025-11-12T06:41:46Z,60.0,Charge 6
2025-11-12T06:41:49Z,61.0,Charge 6
2025-11-12T06:41:51Z,64.0,Charge 6
2025-11-12T06:41:52Z,63.0,Charge 6
2025-11-12T06:41:54Z,62.0,Charge 6
2025-11-12T06:41:57Z,62.0,Charge 6
2025-11-12T06:41:58Z,61.0,Charge 6
2025-11-12T06:42:00Z,60.0,Charge 6
2025-11-12T06:42:03Z,60.0,Charge 6
2025-11-12T06:42:04Z,60.0,Charge 6
2025-11-12T06:42:06Z,59.0,Charge 6
2025-11-12T06:42:08Z,58.0,Charge 6
2025-11-12T06:42:11Z,58.0,Charge 6
2025-11-12T06:42:12Z,57.0,Charge 6
2025-11-12T06:42:15Z,57.0,Charge 6
2025-11-12T06:42:16Z,58.0,Charge 6
2025-11-12T06:42:17Z,60.0,Charge 6
2025-11-12T06:42:19Z,61.0,Charge 6
2025-11-12T06:42:22Z,61.0,Charge 6
2025-11-12T06:42:23Z,62.0,Charge 6
2025-11-12T06:42:25Z,63.0,Charge 6
2025-11-12T06:42:27Z,61.0,Charge 6
2025-11-12T06:42:30Z,61.0,Charge 6
2025-11-12T06:42:31Z,62.0,Charge 6
2025-11-12T06:42:34Z,62.0,Charge 6
2025-11-12T06:42:37Z,63.0,Charge 6
2025-11-12T06:42:40Z,63.0,Charge 6
2025-11-12T06:42:42Z,66.0,Charge 6
2025-11-12T06:42:45Z,66.0,Charge 6
2025-11-12T06:42:46Z,67.0,Charge 6
2025-11-12T06:42:49Z,67.0,Charge 6
2025-11-12T06:42:50Z,66.0,Charge 6
2025-11-12T06:42:52Z,64.0,Charge 6
2025-11-12T06:42:54Z,64.0,Charge 6
2025-11-12T06:42:56Z,63.0,Charge 6
2025-11-12T06:42:59Z,63.0,Charge 6
2025-11-12T06:43:02Z,63.0,Charge 6
2025-11-12T06:43:04Z,64.0,Charge 6
2025-11-12T06:43:07Z,62.0,Charge 6
2025-11-12T06:43:10Z,62.0,Charge 6
2025-11-12T06:43:13Z,63.0,Charge 6
2025-11-12T06:43:15Z,64.0,Charge 6
2025-11-12T06:43:18Z,64.0,Charge 6
2025-11-12T06:43:21Z,64.0,Charge 6
2025-11-12T06:43:24Z,64.0,Charge 6
2025-11-12T06:43:27Z,64.0,Charge 6
2025-11-12T06:43:28Z,63.0,Charge 6
2025-11-12T06:43:30Z,62.0,Charge 6
2025-11-12T06:43:32Z,62.0,Charge 6
2025-11-12T06:43:34Z,63.0,Charge 6
2025-11-12T06:43:37Z,63.0,Charge 6
2025-11-12T06:43:38Z,64.0,Charge 6
2025-11-12T06:43:41Z,64.0,Charge 6
2025-11-12T06:43:42Z,64.0,Charge 6
2025-11-12T06:43:45Z,64.0,Charge 6
2025-11-12T06:43:48Z,64.0,Charge 6
2025-11-12T06:43:51Z,64.0,Charge 6
2025-11-12T06:43:53Z,63.0,Charge 6
2025-11-12T06:43:55Z,64.0,Charge 6
2025-11-12T06:43:58Z,64.0,Charge 6
2025-11-12T06:44:01Z,64.0,Charge 6
2025-11-12T06:44:04Z,64.0,Charge 6
2025-11-12T06:44:05Z,66.0,Charge 6
2025-11-12T06:44:07Z,67.0,Charge 6
2025-11-12T06:44:09Z,64.0,Charge 6
2025-11-12T06:44:11Z,63.0,Charge 6
2025-11-12T06:44:13Z,64.0,Charge 6
2025-11-12T06:44:16Z,67.0,Charge 6
2025-11-12T06:44:18Z,66.0,Charge 6
2025-11-12T06:44:20Z,65.0,Charge 6
2025-11-12T06:44:22Z,64.0,Charge 6
2025-11-12T06:44:25Z,64.0,Charge 6
2025-11-12T06:44:26Z,63.0,Charge 6
2025-11-12T06:44:28Z,64.0,Charge 6
2025-11-12T06:44:31Z,64.0,Charge 6
2025-11-12T06:44:32Z,64.0,Charge 6
2025-11-12T06:44:34Z,63.0,Charge 6
2025-11-12T06:44:36Z,64.0,Charge 6
2025-11-12T06:44:38Z,65.0,Charge 6
2025-11-12T06:44:40Z,66.0,Charge 6
2025-11-12T06:44:43Z,67.0,Charge 6
2025-11-12T06:44:46Z,67.0,Charge 6
2025-11-12T06:44:47Z,66.0,Charge 6
2025-11-12T06:44:49Z,65.0,Charge 6
2025-11-12T06:44:52Z,65.0,Charge 6
2025-11-12T06:44:53Z,66.0,Charge 6
2025-11-12T06:44:56Z,66.0,Charge 6
2025-11-12T06:44:57Z,68.0,Charge 6
2025-11-12T06:44:59Z,69.0,Charge 6
2025-11-12T06:45:02Z,69.0,Charge 6
2025-11-12T06:45:05Z,69.0,Charge 6
2025-11-12T06:45:06Z,68.0,Charge 6
2025-11-12T06:45:08Z,67.0,Charge 6
2025-11-12T06:45:10Z,66.0,Charge 6
2025-11-12T06:45:12Z,65.0,Charge 6
2025-11-12T06:45:14Z,64.0,Charge 6
2025-11-12T06:45:16Z,63.0,Charge 6
2025-11-12T06:45:18Z,64.0,Charge 6
2025-11-12T06:45:20Z,65.0,Charge 6
2025-11-12T06:45:22Z,66.0,Charge 6
2025-11-12T06:45:25Z,66.0,Charge 6
2025-11-12T06:45:26Z,67.0,Charge 6
2025-11-12T06:45:28Z,67.0,Charge 6
2025-11-12T06:45:29Z,68.0,Charge 6
2025-11-12T06:45:32Z,68.0,Charge 6
2025-11-12T06:45:33Z,69.0,Charge 6
2025-11-12T06:45:35Z,68.0,Charge 6
2025-11-12T06:45:38Z,68.0,Charge 6
2025-11-12T06:45:39Z,69.0,Charge 6
2025-11-12T06:45:41Z,68.0,Charge 6
2025-11-12T06:45:43Z,67.0,Charge 6
2025-11-12T06:45:45Z,66.0,Charge 6
2025-11-12T06:45:47Z,67.0,Charge 6
2025-11-12T06:45:49Z,66.0,Charge 6
2025-11-12T06:45:51Z,65.0,Charge 6
2025-11-12T06:45:54Z,64.0,Charge 6
2025-11-12T06:45:56Z,63.0,Charge 6
2025-11-12T06:45:58Z,65.0,Charge 6
2025-11-12T06:46:01Z,65.0,Charge 6
2025-11-12T06:46:04Z,66.0,Charge 6
2025-11-12T06:46:06Z,64.0,Charge 6
2025-11-12T06:46:09Z,64.0,Charge 6
2025-11-12T06:46:12Z,63.0,Charge 6
2025-11-12T06:46:15Z,63.0,Charge 6
2025-11-12T06:46:17Z,62.0,Charge 6
2025-11-12T06:46:19Z,63.0,Charge 6
2025-11-12T06:46:21Z,64.0,Charge 6
2025-11-12T06:46:23Z,65.0,Charge 6
2025-11-12T06:46:25Z,66.0,Charge 6
2025-11-12T06:46:27Z,69.0,Charge 6
2025-11-12T06:46:29Z,68.0,Charge 6
2025-11-12T06:46:31Z,71.0,Charge 6
2025-11-12T06:46:33Z,72.0,Charge 6
2025-11-12T06:46:35Z,67.0,Charge 6
2025-11-12T06:46:38Z,67.0,Charge 6
2025-11-12T06:46:39Z,66.0,Charge 6
2025-11-12T06:46:40Z,65.0,Charge 6
2025-11-12T06:46:42Z,64.0,Charge 6
2025-11-12T06:46:45Z,64.0,Charge 6
2025-11-12T06:46:46Z,62.0,Charge 6
2025-11-12T06:46:48Z,63.0,Charge 6
2025-11-12T06:46:51Z,63.0,Charge 6
2025-11-12T06:46:52Z,64.0,Charge 6
2025-11-12T06:46:54Z,63.0,Charge 6
2025-11-12T06:46:57Z,63.0,Charge 6
2025-11-12T06:46:58Z,62.0,Charge 6
2025-11-12T06:47:01Z,62.0,Charge 6
2025-11-12T06:47:02Z,63.0,Charge 6
2025-11-12T06:47:04Z,62.0,Charge 6
2025-11-12T06:47:05Z,63.0,Charge 6
2025-11-12T06:47:07Z,64.0,Charge 6
2025-11-12T06:47:09Z,61.0,Charge 6
2025-11-12T06:47:12Z,61.0,Charge 6
2025-11-12T06:47:13Z,64.0,Charge 6
2025-11-12T06:47:15Z,66.0,Charge 6
2025-11-12T06:47:18Z,66.0,Charge 6
2025-11-12T06:47:19Z,65.0,Charge 6
2025-11-12T06:47:21Z,63.0,Charge 6
2025-11-12T06:47:23Z,62.0,Charge 6
2025-11-12T06:47:25Z,61.0,Charge 6
2025-11-12T06:47:27Z,58.0,Charge 6
2025-11-12T06:47:28Z,59.0,Charge 6
2025-11-12T06:47:30Z,60.0,Charge 6
2025-11-12T06:47:32Z,61.0,Charge 6
2025-11-12T06:47:34Z,62.0,Charge 6
2025-11-12T06:47:36Z,61.0,Charge 6
2025-11-12T06:47:38Z,60.0,Charge 6
2025-11-12T06:47:41Z,60.0,Charge 6
2025-11-12T06:47:42Z,59.0,Charge 6
2025-11-12T06:47:44Z,58.0,Charge 6
2025-11-12T06:47:46Z,59.0,Charge 6
2025-11-12T06:47:48Z,60.0,Charge 6
2025-11-12T06:47:50Z,62.0,Charge 6
2025-11-12T06:47:53Z,64.0,Charge 6
2025-11-12T06:47:55Z,66.0,Charge 6
2025-11-12T06:47:58Z,66.0,Charge 6
2025-11-12T06:48:01Z,65.0,Charge 6
2025-11-12T06:48:04Z,65.0,Charge 6
2025-11-12T06:48:05Z,66.0,Charge 6
2025-11-12T06:48:07Z,65.0,Charge 6
2025-11-12T06:48:09Z,64.0,Charge 6
2025-11-12T06:48:11Z,63.0,Charge 6
2025-11-12T06:48:13Z,62.0,Charge 6
2025-11-12T06:48:15Z,62.0,Charge 6
2025-11-12T06:48:18Z,61.0,Charge 6
2025-11-12T06:48:21Z,61.0,Charge 6
2025-11-12T06:48:22Z,62.0,Charge 6
2025-11-12T06:48:24Z,63.0,Charge 6
2025-11-12T06:48:26Z,64.0,Charge 6
2025-11-12T06:48:29Z,64.0,Charge 6
2025-11-12T06:48:30Z,67.0,Charge 6
2025-11-12T06:48:33Z,67.0,Charge 6
2025-11-12T06:48:34Z,66.0,Charge 6
2025-11-12T06:48:36Z,65.0,Charge 6
2025-11-12T06:48:39Z,65.0,Charge 6
2025-11-12T06:48:40Z,64.0,Charge 6
2025-11-12T06:48:41Z,65.0,Charge 6
2025-11-12T06:48:43Z,66.0,Charge 6
2025-11-12T06:48:45Z,67.0,Charge 6
2025-11-12T06:48:47Z,68.0,Charge 6
2025-11-12T06:48:49Z,70.0,Charge 6
2025-11-12T06:48:51Z,72.0,Charge 6
2025-11-12T06:48:53Z,73.0,Charge 6
2025-11-12T06:48:56Z,73.0,Charge 6
2025-11-12T06:48:57Z,74.0,Charge 6
2025-11-12T06:48:59Z,68.0,Charge 6
2025-11-12T06:49:01Z,67.0,Charge 6
2025-11-12T06:49:04Z,66.0,Charge 6
2025-11-12T06:49:07Z,66.0,Charge 6
2025-11-12T06:49:08Z,65.0,Charge 6
2025-11-12T06:49:10Z,64.0,Charge 6
2025-11-12T06:49:12Z,63.0,Charge 6
2025-11-12T06:49:14Z,65.0,Charge 6
2025-11-12T06:49:16Z,66.0,Charge 6
2025-11-12T06:49:19Z,66.0,Charge 6
2025-11-12T06:49:22Z,67.0,Charge 6
2025-11-12T06:49:25Z,67.0,Charge 6
2025-11-12T06:49:26Z,68.0,Charge 6
2025-11-12T06:49:28Z,69.0,Charge 6
2025-11-12T06:49:29Z,70.0,Charge 6
2025-11-12T06:49:31Z,71.0,Charge 6
2025-11-12T06:49:33Z,67.0,Charge 6
2025-11-12T06:49:36Z,67.0,Charge 6
2025-11-12T06:49:39Z,66.0,Charge 6
2025-11-12T06:49:41Z,65.0,Charge 6
2025-11-12T06:49:43Z,64.0,Charge 6
2025-11-12T06:49:45Z,63.0,Charge 6
2025-11-12T06:49:48Z,63.0,Charge 6
2025-11-12T06:49:49Z,64.0,Charge 6
2025-11-12T06:49:52Z,66.0,Charge 6
2025-11-12T06:49:54Z,65.0,Charge 6
2025-11-12T06:49:56Z,64.0,Charge 6
2025-11-12T06:49:59Z,64.0,Charge 6
2025-11-12T06:50:02Z,64.0,Charge 6
2025-11-12T06:50:04Z,63.0,Charge 6
2025-11-12T06:50:06Z,63.0,Charge 6
2025-11-12T06:50:09Z,63.0,Charge 6
2025-11-12T06:50:10Z,63.0,Charge 6
2025-11-12T06:50:13Z,63.0,Charge 6
2025-11-12T06:50:14Z,64.0,Charge 6
2025-11-12T06:50:16Z,63.0,Charge 6
2025-11-12T06:50:17Z,62.0,Charge 6
2025-11-12T06:50:19Z,63.0,Charge 6
2025-11-12T06:50:21Z,65.0,Charge 6
2025-11-12T06:50:23Z,66.0,Charge 6
2025-11-12T06:50:26Z,66.0,Charge 6
2025-11-12T06:50:27Z,65.0,Charge 6
2025-11-12T06:50:29Z,66.0,Charge 6
2025-11-12T06:50:31Z,67.0,Charge 6
2025-11-12T06:50:33Z,68.0,Charge 6
2025-11-12T06:50:35Z,69.0,Charge 6
2025-11-12T06:50:37Z,71.0,Charge 6
2025-11-12T06:50:39Z,70.0,Charge 6
2025-11-12T06:50:40Z,69.0,Charge 6
2025-11-12T06:50:43Z,69.0,Charge 6
2025-11-12T06:50:46Z,69.0,Charge 6
2025-11-12T06:50:48Z,67.0,Charge 6
2025-11-12T06:50:50Z,66.0,Charge 6
2025-11-12T06:50:53Z,66.0,Charge 6
2025-11-12T06:50:56Z,66.0,Charge 6
2025-11-12T06:50:59Z,66.0,Charge 6
2025-11-12T06:51:02Z,66.0,Charge 6
2025-11-12T06:51:05Z,66.0,Charge 6
2025-11-12T06:51:08Z,66.0,Charge 6
2025-11-12T06:51:09Z,64.0,Charge 6
2025-11-12T06:51:12Z,64.0,Charge 6
2025-11-12T06:51:13Z,63.0,Charge 6
2025-11-12T06:51:15Z,62.0,Charge 6
2025-11-12T06:51:17Z,63.0,Charge 6
2025-11-12T06:51:19Z,64.0,Charge 6
2025-11-12T06:51:21Z,64.0,Charge 6
2025-11-12T06:51:24Z,64.0,Charge 6
2025-11-12T06:51:25Z,66.0,Charge 6
2025-11-12T06:51:28Z,66.0,Charge 6
2025-11-12T06:51:31Z,66.0,Charge 6
2025-11-12T06:51:34Z,65.0,Charge 6
2025-11-12T06:51:36Z,66.0,Charge 6
2025-11-12T06:51:38Z,65.0,Charge 6
2025-11-12T06:51:40Z,64.0,Charge 6
2025-11-12T06:51:43Z,64.0,Charge 6
2025-11-12T06:51:46Z,64.0,Charge 6
2025-11-12T06:51:48Z,63.0,Charge 6
2025-11-12T06:51:50Z,62.0,Charge 6
2025-11-12T06:51:53Z,62.0,Charge 6
2025-11-12T06:51:56Z,62.0,Charge 6
2025-11-12T06:51:57Z,63.0,Charge 6
2025-11-12T06:51:59Z,64.0,Charge 6
2025-11-12T06:52:01Z,63.0,Charge 6
2025-11-12T06:52:04Z,63.0,Charge 6
2025-11-12T06:52:07Z,64.0,Charge 6
2025-11-12T06:52:10Z,64.0,Charge 6
2025-11-12T06:52:11Z,64.0,Charge 6
2025-11-12T06:52:13Z,64.0,Charge 6
2025-11-12T06:52:15Z,65.0,Charge 6
2025-11-12T06:52:16Z,64.0,Charge 6
2025-11-12T06:52:19Z,64.0,Charge 6
2025-11-12T06:52:22Z,63.0,Charge 6
2025-11-12T06:52:25Z,63.0,Charge 6
2025-11-12T06:52:28Z,63.0,Charge 6
2025-11-12T06:52:30Z,62.0,Charge 6
2025-11-12T06:52:33Z,62.0,Charge 6
2025-11-12T06:52:36Z,64.0,Charge 6
2025-11-12T06:52:38Z,64.0,Charge 6
2025-11-12T06:52:40Z,63.0,Charge 6
2025-11-12T06:52:43Z,64.0,Charge 6
2025-11-12T06:52:46Z,64.0,Charge 6
2025-11-12T06:52:49Z,64.0,Charge 6
2025-11-12T06:52:52Z,64.0,Charge 6
2025-11-12T06:52:55Z,64.0,Charge 6
2025-11-12T06:52:57Z,64.0,Charge 6
2025-11-12T06:52:59Z,65.0,Charge 6
2025-11-12T06:53:02Z,65.0,Charge 6
2025-11-12T06:53:05Z,65.0,Charge 6
2025-11-12T06:53:06Z,64.0,Charge 6
2025-11-12T06:53:08Z,65.0,Charge 6
2025-11-12T06:53:10Z,66.0,Charge 6
2025-11-12T06:53:12Z,67.0,Charge 6
2025-11-12T06:53:14Z,66.0,Charge 6
2025-11-12T06:53:16Z,66.0,Charge 6
2025-11-12T06:53:18Z,67.0,Charge 6
2025-11-12T06:53:20Z,68.0,Charge 6
2025-11-12T06:53:23Z,68.0,Charge 6
2025-11-12T06:53:24Z,67.0,Charge 6
2025-11-12T06:53:26Z,66.0,Charge 6
2025-11-12T06:53:28Z,65.0,Charge 6
2025-11-12T06:53:31Z,64.0,Charge 6
2025-11-12T06:53:33Z,63.0,Charge 6
2025-11-12T06:53:35Z,62.0,Charge 6
2025-11-12T06:53:38Z,62.0,Charge 6
2025-11-12T06:53:39Z,61.0,Charge 6
2025-11-12T06:53:42Z,61.0,Charge 6
2025-11-12T06:53:43Z,62.0,Charge 6
2025-11-12T06:53:45Z,61.0,Charge 6
2025-11-12T06:53:47Z,60.0,Charge 6
2025-11-12T06:53:49Z,61.0,Charge 6
2025-11-12T06:53:52Z,61.0,Charge 6
2025-11-12T06:53:55Z,61.0,Charge 6
2025-11-12T06:53:58Z,61.0,Charge 6
2025-11-12T06:54:01Z,61.0,Charge 6
2025-11-12T06:54:04Z,61.0,Charge 6
2025-11-12T06:54:07Z,61.0,Charge 6
2025-11-12T06:54:08Z,62.0,Charge 6
2025-11-12T06:54:10Z,63.0,Charge 6
2025-11-12T06:54:12Z,64.0,Charge 6
2025-11-12T06:54:14Z,65.0,Charge 6
2025-11-12T06:54:16Z,63.0,Charge 6
2025-11-12T06:54:17Z,62.0,Charge 6
2025-11-12T06:54:20Z,62.0,Charge 6
2025-11-12T06:54:23Z,61.0,Charge 6
2025-11-12T06:54:25Z,62.0,Charge 6
2025-11-12T06:54:27Z,62.0,Charge 6
2025-11-12T06:54:30Z,62.0,Charge 6
2025-11-12T06:54:31Z,61.0,Charge 6
2025-11-12T06:54:33Z,60.0,Charge 6
2025-11-12T06:54:36Z,60.0,Charge 6
2025-11-12T06:54:39Z,60.0,Charge 6
2025-11-12T06:54:42Z,60.0,Charge 6
2025-11-12T06:54:44Z,59.0,Charge 6
2025-11-12T06:54:47Z,59.0,Charge 6
2025-11-12T06:54:48Z,60.0,Charge 6
2025-11-12T06:54:50Z,59.0,Charge 6
2025-11-12T06:54:52Z,58.0,Charge 6
2025-11-12T06:54:55Z,58.0,Charge 6
2025-11-12T06:54:58Z,58.0,Charge 6
2025-11-12T06:55:01Z,58.0,Charge 6
2025-11-12T06:55:04Z,59.0,Charge 6
2025-11-12T06:55:05Z,61.0,Charge 6
2025-11-12T06:55:07Z,62.0,Charge 6
2025-11-12T06:55:10Z,62.0,Charge 6
2025-11-12T06:55:11Z,61.0,Charge 6
2025-11-12T06:55:13Z,61.0,Charge 6
2025-11-12T06:55:15Z,60.0,Charge 6
2025-11-12T06:55:17Z,60.0,Charge 6
2025-11-12T06:55:20Z,60.0,Charge 6
2025-11-12T06:55:23Z,60.0,Charge 6
2025-11-12T06:55:26Z,60.0,Charge 6
2025-11-12T06:55:27Z,62.0,Charge 6
2025-11-12T06:55:28Z,64.0,Charge 6
2025-11-12T06:55:30Z,63.0,Charge 6
2025-11-12T06:55:32Z,64.0,Charge 6
2025-11-12T06:55:35Z,64.0,Charge 6
2025-11-12T06:55:38Z,64.0,Charge 6
2025-11-12T06:55:40Z,63.0,Charge 6
2025-11-12T06:55:43Z,63.0,Charge 6
2025-11-12T06:55:44Z,64.0,Charge 6
2025-11-12T06:55:45Z,65.0,Charge 6
2025-11-12T06:55:48Z,65.0,Charge 6
2025-11-12T06:55:49Z,66.0,Charge 6
2025-11-12T06:55:51Z,65.0,Charge 6
2025-11-12T06:55:54Z,65.0,Charge 6
2025-11-12T06:55:57Z,64.0,Charge 6
2025-11-12T06:55:59Z,63.0,Charge 6
2025-11-12T06:56:02Z,63.0,Charge 6
2025-11-12T06:56:05Z,62.0,Charge 6
2025-11-12T06:56:07Z,62.0,Charge 6
2025-11-12T06:56:09Z,63.0,Charge 6
2025-11-12T06:56:10Z,62.0,Charge 6
2025-11-12T06:56:12Z,62.0,Charge 6
2025-11-12T06:56:15Z,62.0,Charge 6
2025-11-12T06:56:16Z,62.0,Charge 6
2025-11-12T06:56:18Z,63.0,Charge 6
2025-11-12T06:56:20Z,64.0,Charge 6
2025-11-12T06:56:22Z,66.0,Charge 6
2025-11-12T06:56:25Z,66.0,Charge 6
2025-11-12T06:56:26Z,65.0,Charge 6
2025-11-12T06:56:28Z,64.0,Charge 6
2025-11-12T06:56:30Z,64.0,Charge 6
2025-11-12T06:56:33Z,64.0,Charge 6
2025-11-12T06:56:35Z,63.0,Charge 6
2025-11-12T06:56:38Z,63.0,Charge 6
2025-11-12T06:56:39Z,64.0,Charge 6
2025-11-12T06:56:41Z,65.0,Charge 6
2025-11-12T06:56:44Z,65.0,Charge 6
2025-11-12T06:56:45Z,63.0,Charge 6
2025-11-12T06:56:48Z,63.0,Charge 6
2025-11-12T06:56:49Z,64.0,Charge 6
2025-11-12T06:56:51Z,63.0,Charge 6
2025-11-12T06:56:54Z,63.0,Charge 6
2025-11-12T06:56:55Z,62.0,Charge 6
2025-11-12T06:56:58Z,62.0,Charge 6
2025-11-12T06:57:01Z,62.0,Charge 6
2025-11-12T06:57:04Z,62.0,Charge 6
2025-11-12T06:57:06Z,64.0,Charge 6
2025-11-12T06:57:08Z,65.0,Charge 6
2025-11-12T06:57:10Z,67.0,Charge 6
2025-11-12T06:57:12Z,69.0,Charge 6
2025-11-12T06:57:14Z,70.0,Charge 6
2025-11-12T06:57:16Z,71.0,Charge 6
2025-11-12T06:57:18Z,74.0,Charge 6
2025-11-12T06:57:21Z,73.0,Charge 6
2025-11-12T06:57:23Z,72.0,Charge 6
2025-11-12T06:57:25Z,71.0,Charge 6
2025-11-12T06:57:27Z,67.0,Charge 6
2025-11-12T06:57:29Z,65.0,Charge 6
2025-11-12T06:57:32Z,65.0,Charge 6
2025-11-12T06:57:35Z,66.0,Charge 6
2025-11-12T06:57:37Z,65.0,Charge 6
2025-11-12T06:57:39Z,64.0,Charge 6
2025-11-12T06:57:42Z,64.0,Charge 6
2025-11-12T06:57:43Z,64.0,Charge 6
2025-11-12T06:57:46Z,63.0,Charge 6
2025-11-12T06:57:49Z,63.0,Charge 6
2025-11-12T06:57:50Z,64.0,Charge 6
2025-11-12T06:57:53Z,64.0,Charge 6
2025-11-12T06:57:54Z,65.0,Charge 6
2025-11-12T06:57:56Z,67.0,Charge 6
2025-11-12T06:57:59Z,67.0,Charge 6
2025-11-12T06:58:00Z,66.0,Charge 6
2025-11-12T06:58:02Z,66.0,Charge 6
2025-11-12T06:58:05Z,66.0,Charge 6
2025-11-12T06:58:08Z,66.0,Charge 6
2025-11-12T06:58:11Z,66.0,Charge 6
2025-11-12T06:58:13Z,67.0,Charge 6
2025-11-12T06:58:15Z,67.0,Charge 6
2025-11-12T06:58:17Z,66.0,Charge 6
2025-11-12T06:58:19Z,68.0,Charge 6
2025-11-12T06:58:21Z,67.0,Charge 6
2025-11-12T06:58:23Z,66.0,Charge 6
2025-11-12T06:58:26Z,66.0,Charge 6
2025-11-12T06:58:29Z,66.0,Charge 6
2025-11-12T06:58:31Z,66.0,Charge 6
2025-11-12T06:58:33Z,67.0,Charge 6
2025-11-12T06:58:36Z,67.0,Charge 6
2025-11-12T06:58:38Z,68.0,Charge 6
2025-11-12T06:58:41Z,68.0,Charge 6
2025-11-12T06:58:44Z,67.0,Charge 6
2025-11-12T06:58:47Z,67.0,Charge 6
2025-11-12T06:58:50Z,66.0,Charge 6
2025-11-12T06:58:53Z,66.0,Charge 6
2025-11-12T06:58:56Z,66.0,Charge 6
2025-11-12T06:58:59Z,66.0,Charge 6
2025-11-12T06:59:01Z,67.0,Charge 6
2025-11-12T06:59:03Z,68.0,Charge 6
2025-11-12T06:59:05Z,69.0,Charge 6
2025-11-12T06:59:07Z,72.0,Charge 6
2025-11-12T06:59:09Z,73.0,Charge 6
2025-11-12T06:59:12Z,73.0,Charge 6
2025-11-12T06:59:13Z,74.0,Charge 6
2025-11-12T06:59:15Z,73.0,Charge 6
2025-11-12T06:59:18Z,73.0,Charge 6
2025-11-12T06:59:19Z,73.0,Charge 6
2025-11-12T06:59:21Z,72.0,Charge 6
2025-11-12T06:59:22Z,71.0,Charge 6
2025-11-12T06:59:24Z,69.0,Charge 6
2025-11-12T06:59:26Z,67.0,Charge 6
2025-11-12T06:59:28Z,66.0,Charge 6
2025-11-12T06:59:30Z,65.0,Charge 6
2025-11-12T06:59:32Z,64.0,Charge 6
2025-11-12T06:59:35Z,64.0,Charge 6
2025-11-12T06:59:36Z,63.0,Charge 6
2025-11-12T06:59:38Z,62.0,Charge 6
2025-11-12T06:59:41Z,62.0,Charge 6
2025-11-12T06:59:44Z,62.0,Charge 6
2025-11-12T06:59:47Z,61.0,Charge 6
2025-11-12T06:59:49Z,62.0,Charge 6
2025-11-12T06:59:51Z,61.0,Charge 6
2025-11-12T06:59:54Z,61.0,Charge 6
2025-11-12T06:59:55Z,63.0,Charge 6
2025-11-12T06:59:58Z,63.0,Charge 6
2025-11-12T06:59:59Z,62.0,Charge 6
2025-11-12T07:00:02Z,62.0,Charge 6
2025-11-12T07:00:05Z,62.0,Charge 6
2025-11-12T07:00:08Z,62.0,Charge 6
2025-11-12T07:00:09Z,62.0,Charge 6
2025-11-12T07:00:12Z,62.0,Charge 6
2025-11-12T07:00:14Z,63.0,Charge 6
2025-11-12T07:00:16Z,63.0,Charge 6
2025-11-12T07:00:18Z,63.0,Charge 6
2025-11-12T07:00:20Z,62.0,Charge 6
2025-11-12T07:00:22Z,62.0,Charge 6
2025-11-12T07:00:25Z,62.0,Charge 6
2025-11-12T07:00:26Z,62.0,Charge 6
2025-11-12T07:00:29Z,62.0,Charge 6
2025-11-12T07:00:32Z,61.0,Charge 6
2025-11-12T07:00:35Z,61.0,Charge 6
2025-11-12T07:00:37Z,62.0,Charge 6
2025-11-12T07:00:40Z,62.0,Charge 6
2025-11-12T07:00:41Z,60.0,Charge 6
2025-11-12T07:00:44Z,60.0,Charge 6
2025-11-12T07:00:45Z,59.0,Charge 6
2025-11-12T07:00:47Z,60.0,Charge 6
2025-11-12T07:00:50Z,60.0,Charge 6
2025-11-12T07:00:53Z,60.0,Charge 6
2025-11-12T07:00:56Z,60.0,Charge 6
2025-11-12T07:00:57Z,61.0,Charge 6
2025-11-12T07:00:58Z,62.0,Charge 6
2025-11-12T07:01:00Z,63.0,Charge 6
2025-11-12T07:01:03Z,63.0,Charge 6
2025-11-12T07:01:06Z,63.0,Charge 6
2025-11-12T07:01:08Z,64.0,Charge 6
2025-11-12T07:01:11Z,64.0,Charge 6
2025-11-12T07:01:14Z,64.0,Charge 6
2025-11-12T07:01:16Z,63.0,Charge 6
2025-11-12T07:01:19Z,63.0,Charge 6
2025-11-12T07:01:20Z,62.0,Charge 6
2025-11-12T07:01:23Z,62.0,Charge 6
2025-11-12T07:01:26Z,62.0,Charge 6
2025-11-12T07:01:29Z,62.0,Charge 6
2025-11-12T07:01:32Z,62.0,Charge 6
2025-11-12T07:01:33Z,60.0,Charge 6
2025-11-12T07:01:36Z,60.0,Charge 6
2025-11-12T07:01:37Z,61.0,Charge 6
2025-11-12T07:01:40Z,61.0,Charge 6
2025-11-12T07:01:41Z,62.0,Charge 6
2025-11-12T07:01:44Z,62.0,Charge 6
2025-11-12T07:01:46Z,63.0,Charge 6
2025-11-12T07:01:49Z,63.0,Charge 6
2025-11-12T07:01:50Z,64.0,Charge 6
2025-11-12T07:01:53Z,64.0,Charge 6
2025-11-12T07:01:54Z,64.0,Charge 6
2025-11-12T07:01:57Z,64.0,Charge 6
2025-11-12T07:02:00Z,64.0,Charge 6
2025-11-12T07:02:02Z,63.0,Charge 6
2025-11-12T07:02:04Z,62.0,Charge 6
2025-11-12T07:02:07Z,62.0,Charge 6
2025-11-12T07:02:10Z,62.0,Charge 6
2025-11-12T07:02:11Z,63.0,Charge 6
2025-11-12T07:02:14Z,63.0,Charge 6
2025-11-12T07:02:15Z,62.0,Charge 6
2025-11-12T07:02:18Z,62.0,Charge 6
2025-11-12T07:02:21Z,63.0,Charge 6
2025-11-12T07:02:23Z,63.0,Charge 6
2025-11-12T07:02:26Z,63.0,Charge 6
2025-11-12T07:02:27Z,62.0,Charge 6
2025-11-12T07:02:30Z,62.0,Charge 6
2025-11-12T07:02:33Z,62.0,Charge 6
2025-11-12T07:02:36Z,63.0,Charge 6
2025-11-12T07:02:38Z,64.0,Charge 6
2025-11-12T07:02:40Z,63.0,Charge 6
2025-11-12T07:02:42Z,63.0,Charge 6
2025-11-12T07:02:45Z,63.0,Charge 6
2025-11-12T07:02:46Z,62.0,Charge 6
2025-11-12T07:02:48Z,62.0,Charge 6
2025-11-12T07:02:51Z,62.0,Charge 6
2025-11-12T07:02:54Z,62.0,Charge 6
2025-11-12T07:02:56Z,63.0,Charge 6
2025-11-12T07:02:57Z,64.0,Charge 6
2025-11-12T07:02:59Z,66.0,Charge 6
2025-11-12T07:03:02Z,66.0,Charge 6
2025-11-12T07:03:05Z,66.0,Charge 6
2025-11-12T07:03:08Z,66.0,Charge 6
2025-11-12T07:03:11Z,65.0,Charge 6
2025-11-12T07:03:13Z,64.0,Charge 6
2025-11-12T07:03:15Z,63.0,Charge 6
2025-11-12T07:03:17Z,61.0,Charge 6
2025-11-12T07:03:19Z,60.0,Charge 6
2025-11-12T07:03:22Z,60.0,Charge 6
2025-11-12T07:03:25Z,60.0,Charge 6
2025-11-12T07:03:26Z,60.0,Charge 6
2025-11-12T07:03:28Z,60.0,Charge 6
2025-11-12T07:03:31Z,60.0,Charge 6
2025-11-12T07:03:34Z,61.0,Charge 6
2025-11-12T07:03:36Z,62.0,Charge 6
2025-11-12T07:03:38Z,63.0,Charge 6
2025-11-12T07:03:41Z,63.0,Charge 6
2025-11-12T07:03:44Z,63.0,Charge 6
2025-11-12T07:03:45Z,64.0,Charge 6
2025-11-12T07:03:48Z,64.0,Charge 6
2025-11-12T07:03:49Z,64.0,Charge 6
2025-11-12T07:03:52Z,64.0,Charge 6
2025-11-12T07:03:53Z,63.0,Charge 6
2025-11-12T07:03:55Z,62.0,Charge 6
2025-11-12T07:03:58Z,62.0,Charge 6
2025-11-12T07:03:59Z,61.0,Charge 6
2025-11-12T07:04:01Z,60.0,Charge 6
2025-11-12T07:04:03Z,60.0,Charge 6
2025-11-12T07:04:06Z,60.0,Charge 6
2025-11-12T07:04:09Z,60.0,Charge 6
2025-11-12T07:04:12Z,60.0,Charge 6
2025-11-12T07:04:15Z,60.0,Charge 6
2025-11-12T07:04:16Z,60.0,Charge 6
2025-11-12T07:04:19Z,60.0,Charge 6
2025-11-12T07:04:22Z,60.0,Charge 6
2025-11-12T07:04:24Z,61.0,Charge 6
2025-11-12T07:04:26Z,62.0,Charge 6
2025-11-12T07:04:28Z,63.0,Charge 6
2025-11-12T07:04:30Z,64.0,Charge 6
2025-11-12T07:04:32Z,64.0,Charge 6
2025-11-12T07:04:33Z,64.0,Charge 6
2025-11-12T07:04:35Z,63.0,Charge 6
2025-11-12T07:04:38Z,63.0,Charge 6
2025-11-12T07:04:41Z,63.0,Charge 6
2025-11-12T07:04:43Z,62.0,Charge 6
2025-11-12T07:04:45Z,61.0,Charge 6
2025-11-12T07:04:47Z,60.0,Charge 6
2025-11-12T07:04:49Z,60.0,Charge 6
2025-11-12T07:04:51Z,60.0,Charge 6
2025-11-12T07:04:54Z,60.0,Charge 6
2025-11-12T07:04:57Z,61.0,Charge 6
2025-11-12T07:05:00Z,61.0,Charge 6
2025-11-12T07:05:02Z,60.0,Charge 6
2025-11-12T07:05:05Z,60.0,Charge 6
2025-11-12T07:05:08Z,60.0,Charge 6
2025-11-12T07:05:11Z,60.0,Charge 6
2025-11-12T07:05:12Z,60.0,Charge 6
2025-11-12T07:05:15Z,60.0,Charge 6
2025-11-12T07:05:18Z,60.0,Charge 6
2025-11-12T07:05:20Z,61.0,Charge 6
2025-11-12T07:05:21Z,62.0,Charge 6
2025-11-12T07:05:24Z,62.0,Charge 6
2025-11-12T07:05:27Z,62.0,Charge 6
2025-11-12T07:05:30Z,62.0,Charge 6
2025-11-12T07:05:31Z,61.0,Charge 6
2025-11-12T07:05:33Z,63.0,Charge 6
2025-11-12T07:05:35Z,64.0,Charge 6
2025-11-12T07:05:37Z,63.0,Charge 6
2025-11-12T07:05:39Z,63.0,Charge 6
2025-11-12T07:05:41Z,63.0,Charge 6
2025-11-12T07:05:43Z,62.0,Charge 6
2025-11-12T07:05:45Z,62.0,Charge 6
2025-11-12T07:05:48Z,62.0,Charge 6
2025-11-12T07:05:51Z,62.0,Charge 6
2025-11-12T07:05:54Z,63.0,Charge 6
2025-11-12T07:05:56Z,63.0,Charge 6
2025-11-12T07:05:58Z,64.0,Charge 6
2025-11-12T07:06:01Z,64.0,Charge 6
2025-11-12T07:06:02Z,63.0,Charge 6
2025-11-12T07:06:04Z,64.0,Charge 6
2025-11-12T07:06:06Z,65.0,Charge 6
2025-11-12T07:06:08Z,67.0,Charge 6
2025-11-12T07:06:09Z,68.0,Charge 6
2025-11-12T07:06:11Z,67.0,Charge 6
2025-11-12T07:06:13Z,65.0,Charge 6
2025-11-12T07:06:16Z,65.0,Charge 6
2025-11-12T07:06:17Z,64.0,Charge 6
2025-11-12T07:06:20Z,64.0,Charge 6
2025-11-12T07:06:23Z,64.0,Charge 6
2025-11-12T07:06:26Z,64.0,Charge 6
2025-11-12T07:06:27Z,63.0,Charge 6
2025-11-12T07:06:29Z,63.0,Charge 6
2025-11-12T07:06:31Z,63.0,Charge 6
2025-11-12T07:06:33Z,62.0,Charge 6
2025-11-12T07:06:36Z,62.0,Charge 6
2025-11-12T07:06:38Z,61.0,Charge 6
2025-11-12T07:06:41Z,61.0,Charge 6
2025-11-12T07:06:44Z,62.0,Charge 6
2025-11-12T07:06:46Z,63.0,Charge 6
2025-11-12T07:06:48Z,64.0,Charge 6
2025-11-12T07:06:51Z,64.0,Charge 6
2025-11-12T07:06:54Z,64.0,Charge 6
2025-11-12T07:06:56Z,63.0,Charge 6
2025-11-12T07:06:57Z,62.0,Charge 6
2025-11-12T07:07:00Z,62.0,Charge 6
2025-11-12T07:07:03Z,62.0,Charge 6
2025-11-12T07:07:05Z,62.0,Charge 6
2025-11-12T07:07:07Z,61.0,Charge 6
2025-11-12T07:07:09Z,60.0,Charge 6
2025-11-12T07:07:12Z,60.0,Charge 6
2025-11-12T07:07:13Z,61.0,Charge 6
2025-11-12T07:07:15Z,62.0,Charge 6
2025-11-12T07:07:17Z,63.0,Charge 6
2025-11-12T07:07:20Z,63.0,Charge 6
2025-11-12T07:07:22Z,65.0,Charge 6
2025-11-12T07:07:25Z,65.0,Charge 6
2025-11-12T07:07:28Z,65.0,Charge 6
2025-11-12T07:07:31Z,65.0,Charge 6
2025-11-12T07:07:32Z,64.0,Charge 6
2025-11-12T07:07:35Z,64.0,Charge 6
2025-11-12T07:07:36Z,63.0,Charge 6
2025-11-12T07:07:38Z,62.0,Charge 6
2025-11-12T07:07:41Z,62.0,Charge 6
2025-11-12T07:07:42Z,62.0,Charge 6
2025-11-12T07:07:44Z,62.0,Charge 6
2025-11-12T07:07:45Z,62.0,Charge 6
2025-11-12T07:07:48Z,62.0,Charge 6
2025-11-12T07:07:51Z,62.0,Charge 6
2025-11-12T07:07:54Z,62.0,Charge 6
2025-11-12T07:07:55Z,63.0,Charge 6
2025-11-12T07:07:57Z,62.0,Charge 6
2025-11-12T07:07:59Z,61.0,Charge 6
2025-11-12T07:08:01Z,60.0,Charge 6
2025-11-12T07:08:04Z,60.0,Charge 6
2025-11-12T07:08:07Z,61.0,Charge 6
2025-11-12T07:08:09Z,60.0,Charge 6
2025-11-12T07:08:10Z,61.0,Charge 6
2025-11-12T07:08:12Z,62.0,Charge 6
2025-11-12T07:08:14Z,62.0,Charge 6
2025-11-12T07:08:17Z,62.0,Charge 6
2025-11-12T07:08:18Z,61.0,Charge 6
2025-11-12T07:08:20Z,62.0,Charge 6
2025-11-12T07:08:23Z,62.0,Charge 6
2025-11-12T07:08:26Z,63.0,Charge 6
2025-11-12T07:08:28Z,64.0,Charge 6
2025-11-12T07:08:30Z,64.0,Charge 6
2025-11-12T07:08:32Z,65.0,Charge 6
2025-11-12T07:08:33Z,64.0,Charge 6
2025-11-12T07:08:35Z,63.0,Charge 6
2025-11-12T07:08:37Z,62.0,Charge 6
2025-11-12T07:08:40Z,62.0,Charge 6
2025-11-12T07:08:43Z,60.0,Charge 6
2025-11-12T07:08:45Z,61.0,Charge 6
2025-11-12T07:08:48Z,61.0,Charge 6
2025-11-12T07:08:51Z,62.0,Charge 6
2025-11-12T07:08:54Z,62.0,Charge 6
2025-11-12T07:08:55Z,62.0,Charge 6
2025-11-12T07:08:58Z,62.0,Charge 6
2025-11-12T07:09:01Z,62.0,Charge 6
2025-11-12T07:09:04Z,64.0,Charge 6
2025-11-12T07:09:06Z,63.0,Charge 6
2025-11-12T07:09:09Z,63.0,Charge 6
2025-11-12T07:09:12Z,62.0,Charge 6
2025-11-12T07:09:14Z,62.0,Charge 6
2025-11-12T07:09:17Z,62.0,Charge 6
2025-11-12T07:09:18Z,63.0,Charge 6
2025-11-12T07:09:20Z,64.0,Charge 6
2025-11-12T07:09:21Z,63.0,Charge 6
2025-11-12T07:09:23Z,63.0,Charge 6
2025-11-12T07:09:25Z,64.0,Charge 6
2025-11-12T07:09:27Z,66.0,Charge 6
2025-11-12T07:09:30Z,66.0,Charge 6
2025-11-12T07:09:31Z,66.0,Charge 6
2025-11-12T07:09:33Z,64.0,Charge 6
2025-11-12T07:09:36Z,64.0,Charge 6
2025-11-12T07:09:39Z,65.0,Charge 6
2025-11-12T07:09:41Z,66.0,Charge 6
2025-11-12T07:09:44Z,66.0,Charge 6
2025-11-12T07:09:45Z,65.0,Charge 6
2025-11-12T07:09:48Z,64.0,Charge 6
2025-11-12T07:09:51Z,64.0,Charge 6
2025-11-12T07:09:54Z,64.0,Charge 6
2025-11-12T07:09:57Z,64.0,Charge 6
2025-11-12T07:10:00Z,64.0,Charge 6
2025-11-12T07:10:02Z,65.0,Charge 6
2025-11-12T07:10:04Z,66.0,Charge 6
2025-11-12T07:10:07Z,66.0,Charge 6
2025-11-12T07:10:08Z,67.0,Charge 6
2025-11-12T07:10:11Z,67.0,Charge 6
2025-11-12T07:10:14Z,67.0,Charge 6
2025-11-12T07:10:17Z,68.0,Charge 6
2025-11-12T07:10:20Z,68.0,Charge 6
2025-11-12T07:10:21Z,66.0,Charge 6
2025-11-12T07:10:23Z,65.0,Charge 6
2025-11-12T07:10:25Z,63.0,Charge 6
2025-11-12T07:10:27Z,62.0,Charge 6
2025-11-12T07:10:30Z,62.0,Charge 6
2025-11-12T07:10:33Z,62.0,Charge 6
2025-11-12T07:10:36Z,62.0,Charge 6
2025-11-12T07:10:38Z,62.0,Charge 6
2025-11-12T07:10:41Z,62.0,Charge 6
2025-11-12T07:10:42Z,61.0,Charge 6
2025-11-12T07:10:44Z,60.0,Charge 6
2025-11-12T07:10:47Z,60.0,Charge 6
2025-11-12T07:10:50Z,61.0,Charge 6
2025-11-12T07:10:52Z,62.0,Charge 6
2025-11-12T07:10:54Z,65.0,Charge 6
2025-11-12T07:10:56Z,64.0,Charge 6
2025-11-12T07:10:59Z,64.0,Charge 6
2025-11-12T07:11:02Z,64.0,Charge 6
2025-11-12T07:11:04Z,66.0,Charge 6
2025-11-12T07:11:07Z,66.0,Charge 6
2025-11-12T07:11:08Z,64.0,Charge 6
2025-11-12T07:11:10Z,63.0,Charge 6
2025-11-12T07:11:12Z,67.0,Charge 6
2025-11-12T07:11:13Z,68.0,Charge 6
2025-11-12T07:11:15Z,67.0,Charge 6
2025-11-12T07:11:18Z,67.0,Charge 6
2025-11-12T07:11:19Z,68.0,Charge 6
2025-11-12T07:11:21Z,67.0,Charge 6
2025-11-12T07:11:23Z,68.0,Charge 6
2025-11-12T07:11:26Z,68.0,Charge 6
2025-11-12T07:11:27Z,67.0,Charge 6
2025-11-12T07:11:30Z,67.0,Charge 6
2025-11-12T07:11:31Z,65.0,Charge 6
2025-11-12T07:11:33Z,64.0,Charge 6
2025-11-12T07:11:36Z,64.0,Charge 6
2025-11-12T07:11:39Z,64.0,Charge 6
2025-11-12T07:11:42Z,63.0,Charge 6
2025-11-12T07:11:44Z,64.0,Charge 6
2025-11-12T07:11:47Z,64.0,Charge 6
2025-11-12T07:11:50Z,64.0,Charge 6
2025-11-12T07:11:53Z,64.0,Charge 6
2025-11-12T07:11:54Z,63.0,Charge 6
2025-11-12T07:11:56Z,64.0,Charge 6
2025-11-12T07:11:58Z,65.0,Charge 6
2025-11-12T07:12:01Z,66.0,Charge 6
2025-11-12T07:12:04Z,66.0,Charge 6
2025-11-12T07:12:05Z,67.0,Charge 6
2025-11-12T07:12:07Z,68.0,Charge 6
2025-11-12T07:12:10Z,68.0,Charge 6
2025-11-12T07:12:13Z,67.0,Charge 6
2025-11-12T07:12:15Z,68.0,Charge 6
2025-11-12T07:12:18Z,68.0,Charge 6
2025-11-12T07:12:19Z,66.0,Charge 6
2025-11-12T07:12:22Z,66.0,Charge 6
2025-11-12T07:12:23Z,67.0,Charge 6
2025-11-12T07:12:26Z,68.0,Charge 6
2025-11-12T07:12:29Z,68.0,Charge 6
2025-11-12T07:12:30Z,69.0,Charge 6
2025-11-12T07:12:32Z,71.0,Charge 6
2025-11-12T07:12:34Z,70.0,Charge 6
2025-11-12T07:12:36Z,71.0,Charge 6
2025-11-12T07:12:38Z,76.0,Charge 6
2025-11-12T07:12:40Z,79.0,Charge 6
2025-11-12T07:12:42Z,83.0,Charge 6
2025-11-12T07:12:44Z,85.0,Charge 6
2025-11-12T07:12:46Z,87.0,Charge 6
2025-11-12T07:12:48Z,88.0,Charge 6
2025-11-12T07:12:51Z,83.0,Charge 6
2025-11-12T07:12:53Z,79.0,Charge 6
2025-11-12T07:12:55Z,78.0,Charge 6
2025-11-12T07:12:57Z,77.0,Charge 6
2025-11-12T07:12:59Z,76.0,Charge 6
2025-11-12T07:13:01Z,79.0,Charge 6
2025-11-12T07:13:03Z,77.0,Charge 6
2025-11-12T07:13:05Z,75.0,Charge 6
2025-11-12T07:13:07Z,77.0,Charge 6
2025-11-12T07:13:09Z,77.0,Charge 6
2025-11-12T07:13:11Z,78.0,Charge 6
2025-11-12T07:13:14Z,78.0,Charge 6
2025-11-12T07:13:16Z,79.0,Charge 6
2025-11-12T07:13:18Z,81.0,Charge 6
2025-11-12T07:13:21Z,81.0,Charge 6
2025-11-12T07:13:22Z,78.0,Charge 6
2025-11-12T07:13:24Z,76.0,Charge 6
2025-11-12T07:13:26Z,74.0,Charge 6
2025-11-12T07:13:28Z,71.0,Charge 6
2025-11-12T07:13:30Z,70.0,Charge 6
2025-11-12T07:13:32Z,69.0,Charge 6
2025-11-12T07:13:34Z,67.0,Charge 6
2025-11-12T07:13:36Z,66.0,Charge 6
2025-11-12T07:13:39Z,66.0,Charge 6
2025-11-12T07:13:42Z,66.0,Charge 6
2025-11-12T07:13:43Z,68.0,Charge 6
2025-11-12T07:13:45Z,69.0,Charge 6
2025-11-12T07:13:47Z,70.0,Charge 6
2025-11-12T07:13:49Z,72.0,Charge 6
2025-11-12T07:13:51Z,74.0,Charge 6
2025-11-12T07:13:54Z,74.0,Charge 6
2025-11-12T07:13:55Z,75.0,Charge 6
2025-11-12T07:13:57Z,73.0,Charge 6
2025-11-12T07:13:59Z,71.0,Charge 6
2025-11-12T07:14:02Z,72.0,Charge 6
2025-11-12T07:14:04Z,74.0,Charge 6
2025-11-12T07:14:06Z,72.0,Charge 6
2025-11-12T07:14:08Z,67.0,Charge 6
2025-11-12T07:14:10Z,69.0,Charge 6
2025-11-12T07:14:12Z,69.0,Charge 6
2025-11-12T07:14:14Z,68.0,Charge 6
2025-11-12T07:14:16Z,69.0,Charge 6
2025-11-12T07:14:19Z,69.0,Charge 6
2025-11-12T07:14:20Z,67.0,Charge 6
2025-11-12T07:14:22Z,68.0,Charge 6
2025-11-12T07:14:24Z,69.0,Charge 6
2025-11-12T07:14:27Z,69.0,Charge 6
2025-11-12T07:14:29Z,68.0,Charge 6
2025-11-12T07:14:31Z,66.0,Charge 6
2025-11-12T07:14:34Z,66.0,Charge 6
2025-11-12T07:14:35Z,66.0,Charge 6
2025-11-12T07:14:37Z,65.0,Charge 6
2025-11-12T07:14:39Z,64.0,Charge 6
2025-11-12T07:14:42Z,64.0,Charge 6
2025-11-12T07:14:43Z,63.0,Charge 6
2025-11-12T07:14:45Z,62.0,Charge 6
2025-11-12T07:14:48Z,63.0,Charge 6
2025-11-12T07:14:51Z,63.0,Charge 6
2025-11-12T07:14:52Z,64.0,Charge 6
2025-11-12T07:14:55Z,64.0,Charge 6
2025-11-12T07:14:58Z,66.0,Charge 6
2025-11-12T07:15:00Z,67.0,Charge 6
2025-11-12T07:15:02Z,69.0,Charge 6
2025-11-12T07:15:04Z,70.0,Charge 6
2025-11-12T07:15:06Z,69.0,Charge 6
2025-11-12T07:15:08Z,70.0,Charge 6
2025-11-12T07:15:11Z,70.0,Charge 6
2025-11-12T07:15:13Z,68.0,Charge 6
2025-11-12T07:15:15Z,67.0,Charge 6
2025-11-12T07:15:17Z,65.0,Charge 6
2025-11-12T07:15:19Z,66.0,Charge 6
2025-11-12T07:15:21Z,65.0,Charge 6
2025-11-12T07:15:24Z,65.0,Charge 6
2025-11-12T07:15:25Z,67.0,Charge 6
2025-11-12T07:15:27Z,69.0,Charge 6
2025-11-12T07:15:29Z,70.0,Charge 6
2025-11-12T07:15:31Z,69.0,Charge 6
2025-11-12T07:15:33Z,67.0,Charge 6
2025-11-12T07:15:35Z,66.0,Charge 6
2025-11-12T07:15:38Z,67.0,Charge 6
2025-11-12T07:15:41Z,67.0,Charge 6
2025-11-12T07:15:42Z,66.0,Charge 6
2025-11-12T07:15:45Z,66.0,Charge 6
2025-11-12T07:15:46Z,66.0,Charge 6
2025-11-12T07:15:48Z,65.0,Charge 6
2025-11-12T07:15:50Z,66.0,Charge 6
2025-11-12T07:15:53Z,66.0,Charge 6
2025-11-12T07:15:54Z,67.0,Charge 6
2025-11-12T07:15:56Z,68.0,Charge 6
2025-11-12T07:15:58Z,67.0,Charge 6
2025-11-12T07:16:01Z,67.0,Charge 6
2025-11-12T07:16:03Z,66.0,Charge 6
2025-11-12T07:16:05Z,65.0,Charge 6
2025-11-12T07:16:07Z,64.0,Charge 6
2025-11-12T07:16:09Z,65.0,Charge 6
2025-11-12T07:16:12Z,65.0,Charge 6
2025-11-12T07:16:13Z,64.0,Charge 6
2025-11-12T07:16:15Z,62.0,Charge 6
2025-11-12T07:16:18Z,62.0,Charge 6
2025-11-12T07:16:19Z,62.0,Charge 6
2025-11-12T07:16:22Z,62.0,Charge 6
2025-11-12T07:16:23Z,62.0,Charge 6
2025-11-12T07:16:26Z,62.0,Charge 6
2025-11-12T07:16:29Z,62.0,Charge 6
2025-11-12T07:16:32Z,63.0,Charge 6
2025-11-12T07:16:34Z,64.0,Charge 6
2025-11-12T07:16:37Z,64.0,Charge 6
2025-11-12T07:16:40Z,64.0,Charge 6
2025-11-12T07:16:43Z,64.0,Charge 6
2025-11-12T07:16:46Z,63.0,Charge 6
2025-11-12T07:16:48Z,62.0,Charge 6
2025-11-12T07:16:51Z,62.0,Charge 6
2025-11-12T07:16:53Z,61.0,Charge 6
2025-11-12T07:16:55Z,60.0,Charge 6
2025-11-12T07:16:58Z,60.0,Charge 6
2025-11-12T07:17:01Z,61.0,Charge 6
2025-11-12T07:17:03Z,62.0,Charge 6
2025-11-12T07:17:05Z,64.0,Charge 6
2025-11-12T07:17:08Z,64.0,Charge 6
2025-11-12T07:17:11Z,64.0,Charge 6
2025-11-12T07:17:12Z,63.0,Charge 6
2025-11-12T07:17:15Z,63.0,Charge 6
2025-11-12T07:17:16Z,62.0,Charge 6
2025-11-12T07:17:18Z,63.0,Charge 6
2025-11-12T07:17:20Z,64.0,Charge 6
2025-11-12T07:17:22Z,65.0,Charge 6
2025-11-12T07:17:24Z,66.0,Charge 6
2025-11-12T07:17:26Z,67.0,Charge 6
2025-11-12T07:17:28Z,67.0,Charge 6
2025-11-12T07:17:30Z,66.0,Charge 6
2025-11-12T07:17:32Z,66.0,Charge 6
2025-11-12T07:17:35Z,66.0,Charge 6
2025-11-12T07:17:37Z,68.0,Charge 6
2025-11-12T07:17:39Z,70.0,Charge 6
2025-11-12T07:17:41Z,73.0,Charge 6
2025-11-12T07:17:43Z,82.0,Charge 6
2025-11-12T07:17:45Z,84.0,Charge 6
2025-11-12T07:17:48Z,84.0,Charge 6
2025-11-12T07:17:49Z,85.0,Charge 6
2025-11-12T07:17:51Z,86.0,Charge 6
2025-11-12T07:17:53Z,84.0,Charge 6
2025-11-12T07:17:55Z,78.0,Charge 6
2025-11-12T07:17:57Z,74.0,Charge 6
2025-11-12T07:17:59Z,73.0,Charge 6
2025-11-12T07:18:00Z,75.0,Charge 6
2025-11-12T07:18:02Z,76.0,Charge 6
2025-11-12T07:18:04Z,77.0,Charge 6
2025-11-12T07:18:07Z,77.0,Charge 6
2025-11-12T07:18:10Z,78.0,Charge 6
2025-11-12T07:18:12Z,79.0,Charge 6
2025-11-12T07:18:14Z,78.0,Charge 6
2025-11-12T07:18:16Z,79.0,Charge 6
2025-11-12T07:18:18Z,77.0,Charge 6
2025-11-12T07:18:20Z,76.0,Charge 6
2025-11-12T07:18:22Z,78.0,Charge 6
2025-11-12T07:18:24Z,74.0,Charge 6
2025-11-12T07:18:25Z,71.0,Charge 6
2025-11-12T07:18:27Z,69.0,Charge 6
2025-11-12T07:18:29Z,70.0,Charge 6
2025-11-12T07:18:31Z,71.0,Charge 6
2025-11-12T07:18:33Z,72.0,Charge 6
2025-11-12T07:18:35Z,70.0,Charge 6
2025-11-12T07:18:37Z,71.0,Charge 6
2025-11-12T07:18:39Z,74.0,Charge 6
2025-11-12T07:18:42Z,74.0,Charge 6
2025-11-12T07:18:43Z,77.0,Charge 6
2025-11-12T07:18:45Z,76.0,Charge 6
2025-11-12T07:18:47Z,75.0,Charge 6
2025-11-12T07:18:48Z,73.0,Charge 6
2025-11-12T07:18:50Z,74.0,Charge 6
2025-11-12T07:18:52Z,75.0,Charge 6
2025-11-12T07:18:54Z,76.0,Charge 6
2025-11-12T07:18:57Z,76.0,Charge 6
2025-11-12T07:18:58Z,74.0,Charge 6
2025-11-12T07:19:01Z,74.0,Charge 6
2025-11-12T07:19:02Z,75.0,Charge 6
2025-11-12T07:19:04Z,74.0,Charge 6
2025-11-12T07:19:06Z,73.0,Charge 6
2025-11-12T07:19:09Z,73.0,Charge 6
2025-11-12T07:19:12Z,73.0,Charge 6
2025-11-12T07:19:13Z,74.0,Charge 6
2025-11-12T07:19:15Z,76.0,Charge 6
2025-11-12T07:19:18Z,76.0,Charge 6
2025-11-12T07:19:21Z,77.0,Charge 6
2025-11-12T07:19:24Z,77.0,Charge 6
2025-11-12T07:19:27Z,77.0,Charge 6
2025-11-12T07:19:30Z,77.0,Charge 6
2025-11-12T07:19:33Z,75.0,Charge 6
2025-11-12T07:19:36Z,75.0,Charge 6
2025-11-12T07:19:38Z,74.0,Charge 6
2025-11-12T07:19:40Z,73.0,Charge 6
2025-11-12T07:19:42Z,72.0,Charge 6
2025-11-12T07:19:44Z,71.0,Charge 6
2025-11-12T07:19:46Z,70.0,Charge 6
2025-11-12T07:19:48Z,71.0,Charge 6
2025-11-12T07:19:50Z,70.0,Charge 6
2025-11-12T07:19:52Z,69.0,Charge 6
2025-11-12T07:19:54Z,68.0,Charge 6
2025-11-12T07:19:56Z,69.0,Charge 6
2025-11-12T07:19:59Z,69.0,Charge 6
2025-11-12T07:20:00Z,70.0,Charge 6
2025-11-12T07:20:01Z,72.0,Charge 6
2025-11-12T07:20:03Z,75.0,Charge 6
2025-11-12T07:20:05Z,76.0,Charge 6
2025-11-12T07:20:07Z,76.0,Charge 6
2025-11-12T07:20:09Z,77.0,Charge 6
2025-11-12T07:20:11Z,76.0,Charge 6
2025-11-12T07:20:14Z,76.0,Charge 6
2025-11-12T07:20:15Z,76.0,Charge 6
2025-11-12T07:20:17Z,75.0,Charge 6
2025-11-12T07:20:20Z,75.0,Charge 6
2025-11-12T07:20:21Z,80.0,Charge 6
2025-11-12T07:20:23Z,81.0,Charge 6
2025-11-12T07:20:26Z,81.0,Charge 6
2025-11-12T07:20:28Z,80.0,Charge 6
2025-11-12T07:20:30Z,81.0,Charge 6
2025-11-12T07:20:32Z,80.0,Charge 6
2025-11-12T07:20:34Z,78.0,Charge 6
2025-11-12T07:20:36Z,76.0,Charge 6
2025-11-12T07:20:38Z,75.0,Charge 6
2025-11-12T07:20:40Z,74.0,Charge 6
2025-11-12T07:20:42Z,75.0,Charge 6
2025-11-12T07:20:45Z,75.0,Charge 6
2025-11-12T07:20:46Z,75.0,Charge 6
2025-11-12T07:20:49Z,75.0,Charge 6
2025-11-12T07:20:52Z,75.0,Charge 6
2025-11-12T07:20:53Z,76.0,Charge 6
2025-11-12T07:20:56Z,76.0,Charge 6
2025-11-12T07:20:57Z,73.0,Charge 6
2025-11-12T07:20:59Z,72.0,Charge 6
2025-11-12T07:21:01Z,71.0,Charge 6
2025-11-12T07:21:03Z,72.0,Charge 6
2025-11-12T07:21:05Z,73.0,Charge 6
2025-11-12T07:21:07Z,72.0,Charge 6
2025-11-12T07:21:09Z,69.0,Charge 6
2025-11-12T07:21:11Z,68.0,Charge 6
2025-11-12T07:21:12Z,66.0,Charge 6
2025-11-12T07:21:15Z,66.0,Charge 6
2025-11-12T07:21:18Z,67.0,Charge 6
2025-11-12T07:21:21Z,67.0,Charge 6
2025-11-12T07:21:22Z,69.0,Charge 6
2025-11-12T07:21:24Z,70.0,Charge 6
2025-11-12T07:21:26Z,71.0,Charge 6
2025-11-12T07:21:28Z,72.0,Charge 6
2025-11-12T07:21:30Z,74.0,Charge 6
2025-11-12T07:21:32Z,73.0,Charge 6
2025-11-12T07:21:34Z,72.0,Charge 6
2025-11-12T07:21:36Z,70.0,Charge 6
2025-11-12T07:21:37Z,69.0,Charge 6
2025-11-12T07:21:39Z,70.0,Charge 6
2025-11-12T07:21:42Z,70.0,Charge 6
2025-11-12T07:21:45Z,70.0,Charge 6
2025-11-12T07:21:47Z,72.0,Charge 6
2025-11-12T07:21:49Z,74.0,Charge 6
2025-11-12T07:21:51Z,73.0,Charge 6
2025-11-12T07:21:54Z,73.0,Charge 6
2025-11-12T07:21:55Z,72.0,Charge 6
2025-11-12T07:21:58Z,72.0,Charge 6
2025-11-12T07:21:59Z,71.0,Charge 6
2025-11-12T07:22:00Z,70.0,Charge 6
2025-11-12T07:22:02Z,68.0,Charge 6
2025-11-12T07:22:04Z,67.0,Charge 6
2025-11-12T07:22:06Z,67.0,Charge 6
2025-11-12T07:22:09Z,67.0,Charge 6
2025-11-12T07:22:12Z,68.0,Charge 6
2025-11-12T07:22:14Z,67.0,Charge 6
2025-11-12T07:22:16Z,66.0,Charge 6
2025-11-12T07:22:19Z,66.0,Charge 6
2025-11-12T07:22:22Z,66.0,Charge 6
2025-11-12T07:22:25Z,65.0,Charge 6
2025-11-12T07:22:27Z,66.0,Charge 6
2025-11-12T07:22:30Z,66.0,Charge 6
2025-11-12T07:22:33Z,66.0,Charge 6
2025-11-12T07:22:36Z,66.0,Charge 6
2025-11-12T07:22:39Z,66.0,Charge 6
2025-11-12T07:22:42Z,66.0,Charge 6
2025-11-12T07:22:43Z,65.0,Charge 6
2025-11-12T07:22:45Z,64.0,Charge 6
2025-11-12T07:22:47Z,65.0,Charge 6
2025-11-12T07:22:48Z,66.0,Charge 6
2025-11-12T07:22:51Z,66.0,Charge 6
2025-11-12T07:22:52Z,68.0,Charge 6
2025-11-12T07:22:55Z,68.0,Charge 6
2025-11-12T07:22:58Z,68.0,Charge 6
2025-11-12T07:23:01Z,68.0,Charge 6
2025-11-12T07:23:04Z,68.0,Charge 6
2025-11-12T07:23:07Z,68.0,Charge 6
2025-11-12T07:23:08Z,68.0,Charge 6
2025-11-12T07:23:11Z,68.0,Charge 6
2025-11-12T07:23:12Z,68.0,Charge 6
2025-11-12T07:23:15Z,68.0,Charge 6
2025-11-12T07:23:18Z,68.0,Charge 6
2025-11-12T07:23:21Z,68.0,Charge 6
2025-11-12T07:23:23Z,68.0,Charge 6
2025-11-12T07:23:25Z,68.0,Charge 6
2025-11-12T07:23:28Z,68.0,Charge 6
2025-11-12T07:23:29Z,66.0,Charge 6
2025-11-12T07:23:31Z,64.0,Charge 6
2025-11-12T07:23:34Z,64.0,Charge 6
2025-11-12T07:23:35Z,66.0,Charge 6
2025-11-12T07:23:38Z,66.0,Charge 6
2025-11-12T07:23:41Z,66.0,Charge 6
2025-11-12T07:23:42Z,67.0,Charge 6
2025-11-12T07:23:44Z,68.0,Charge 6
2025-11-12T07:23:46Z,69.0,Charge 6
2025-11-12T07:23:48Z,68.0,Charge 6
2025-11-12T07:23:50Z,67.0,Charge 6
2025-11-12T07:23:52Z,71.0,Charge 6
2025-11-12T07:23:54Z,73.0,Charge 6
2025-11-12T07:23:56Z,74.0,Charge 6
2025-11-12T07:23:58Z,75.0,Charge 6
2025-11-12T07:24:00Z,74.0,Charge 6
2025-11-12T07:24:01Z,73.0,Charge 6
2025-11-12T07:24:03Z,74.0,Charge 6
2025-11-12T07:24:06Z,74.0,Charge 6
2025-11-12T07:24:07Z,73.0,Charge 6
2025-11-12T07:24:09Z,75.0,Charge 6
2025-11-12T07:24:11Z,76.0,Charge 6
2025-11-12T07:24:14Z,76.0,Charge 6
2025-11-12T07:24:15Z,79.0,Charge 6
2025-11-12T07:24:17Z,81.0,Charge 6
2025-11-12T07:24:20Z,81.0,Charge 6
2025-11-12T07:24:21Z,80.0,Charge 6
2025-11-12T07:24:23Z,81.0,Charge 6
2025-11-12T07:24:24Z,80.0,Charge 6
2025-11-12T07:24:26Z,78.0,Charge 6
2025-11-12T07:24:28Z,77.0,Charge 6
2025-11-12T07:24:30Z,75.0,Charge 6
2025-11-12T07:24:33Z,75.0,Charge 6
2025-11-12T07:24:34Z,72.0,Charge 6
2025-11-12T07:24:36Z,69.0,Charge 6
2025-11-12T07:24:38Z,67.0,Charge 6
2025-11-12T07:24:40Z,64.0,Charge 6
2025-11-12T07:24:43Z,64.0,Charge 6
2025-11-12T07:24:44Z,64.0,Charge 6
2025-11-12T07:24:46Z,63.0,Charge 6
2025-11-12T07:24:48Z,61.0,Charge 6
2025-11-12T07:24:49Z,60.0,Charge 6
2025-11-12T07:24:51Z,59.0,Charge 6
2025-11-12T07:24:53Z,59.0,Charge 6
2025-11-12T07:24:55Z,58.0,Charge 6
2025-11-12T07:24:57Z,57.0,Charge 6
2025-11-12T07:25:00Z,57.0,Charge 6
2025-11-12T07:25:01Z,59.0,Charge 6
2025-11-12T07:25:03Z,61.0,Charge 6
2025-11-12T07:25:05Z,63.0,Charge 6
2025-11-12T07:25:07Z,60.0,Charge 6
2025-11-12T07:25:10Z,60.0,Charge 6
2025-11-12T07:25:12Z,59.0,Charge 6
2025-11-12T07:25:15Z,59.0,Charge 6
2025-11-12T07:25:18Z,59.0,Charge 6
2025-11-12T07:25:20Z,61.0,Charge 6
2025-11-12T07:25:23Z,61.0,Charge 6
2025-11-12T07:25:24Z,63.0,Charge 6
2025-11-12T07:25:26Z,66.0,Charge 6
2025-11-12T07:25:28Z,68.0,Charge 6
2025-11-12T07:25:30Z,66.0,Charge 6
2025-11-12T07:25:33Z,66.0,Charge 6
2025-11-12T07:25:34Z,64.0,Charge 6
2025-11-12T07:25:36Z,62.0,Charge 6
2025-11-12T07:25:37Z,61.0,Charge 6
2025-11-12T07:25:39Z,59.0,Charge 6
2025-11-12T07:25:42Z,59.0,Charge 6
2025-11-12T07:25:43Z,59.0,Charge 6
2025-11-12T07:25:46Z,59.0,Charge 6
2025-11-12T07:25:47Z,60.0,Charge 6
2025-11-12T07:25:49Z,60.0,Charge 6
2025-11-12T07:25:52Z,60.0,Charge 6
2025-11-12T07:25:55Z,60.0,Charge 6
2025-11-12T07:25:58Z,60.0,Charge 6
2025-11-12T07:26:00Z,60.0,Charge 6
2025-11-12T07:26:02Z,61.0,Charge 6
2025-11-12T07:26:03Z,62.0,Charge 6
2025-11-12T07:26:05Z,61.0,Charge 6
2025-11-12T07:26:07Z,60.0,Charge 6
2025-11-12T07:26:09Z,59.0,Charge 6
2025-11-12T07:26:12Z,59.0,Charge 6
2025-11-12T07:26:13Z,58.0,Charge 6
2025-11-12T07:26:16Z,58.0,Charge 6
2025-11-12T07:26:19Z,56.0,Charge 6
2025-11-12T07:26:21Z,56.0,Charge 6
2025-11-12T07:26:23Z,55.0,Charge 6
2025-11-12T07:26:25Z,54.0,Charge 6
2025-11-12T07:26:27Z,55.0,Charge 6
2025-11-12T07:26:28Z,56.0,Charge 6
2025-11-12T07:26:30Z,57.0,Charge 6
2025-11-12T07:26:33Z,57.0,Charge 6
2025-11-12T07:26:34Z,58.0,Charge 6
2025-11-12T07:26:37Z,58.0,Charge 6
2025-11-12T07:26:40Z,59.0,Charge 6
2025-11-12T07:26:42Z,60.0,Charge 6
2025-11-12T07:26:44Z,59.0,Charge 6
2025-11-12T07:26:46Z,58.0,Charge 6
2025-11-12T07:26:49Z,58.0,Charge 6
2025-11-12T07:26:50Z,57.0,Charge 6
2025-11-12T07:26:51Z,56.0,Charge 6
2025-11-12T07:26:54Z,56.0,Charge 6
2025-11-12T07:26:55Z,57.0,Charge 6
2025-11-12T07:26:58Z,57.0,Charge 6
2025-11-12T07:26:59Z,56.0,Charge 6
2025-11-12T07:27:02Z,56.0,Charge 6
2025-11-12T07:27:03Z,56.0,Charge 6
2025-11-12T07:27:06Z,56.0,Charge 6
2025-11-12T07:27:09Z,56.0,Charge 6
2025-11-12T07:27:11Z,58.0,Charge 6
2025-11-12T07:27:13Z,59.0,Charge 6
2025-11-12T07:27:15Z,61.0,Charge 6
2025-11-12T07:27:16Z,60.0,Charge 6
2025-11-12T07:27:18Z,57.0,Charge 6
2025-11-12T07:27:20Z,56.0,Charge 6
2025-11-12T07:27:22Z,57.0,Charge 6
2025-11-12T07:27:24Z,58.0,Charge 6
2025-11-12T07:27:26Z,57.0,Charge 6
2025-11-12T07:27:28Z,56.0,Charge 6
2025-11-12T07:27:30Z,55.0,Charge 6
2025-11-12T07:27:33Z,55.0,Charge 6
2025-11-12T07:27:34Z,54.0,Charge 6
2025-11-12T07:27:37Z,54.0,Charge 6
2025-11-12T07:27:38Z,57.0,Charge 6
2025-11-12T07:27:39Z,59.0,Charge 6
2025-11-12T07:27:41Z,60.0,Charge 6
2025-11-12T07:27:44Z,60.0,Charge 6
2025-11-12T07:27:45Z,59.0,Charge 6
2025-11-12T07:27:47Z,58.0,Charge 6
2025-11-12T07:27:49Z,58.0,Charge 6
2025-11-12T07:27:51Z,57.0,Charge 6
2025-11-12T07:27:53Z,58.0,Charge 6
2025-11-12T07:27:55Z,59.0,Charge 6
2025-11-12T07:27:58Z,59.0,Charge 6
2025-11-12T07:27:59Z,58.0,Charge 6
2025-11-12T07:28:02Z,58.0,Charge 6
2025-11-12T07:28:03Z,60.0,Charge 6
2025-11-12T07:28:06Z,59.0,Charge 6
2025-11-12T07:28:09Z,59.0,Charge 6
2025-11-12T07:28:12Z,59.0,Charge 6
2025-11-12T07:28:14Z,58.0,Charge 6
2025-11-12T07:28:17Z,58.0,Charge 6
2025-11-12T07:28:20Z,58.0,Charge 6
2025-11-12T07:28:23Z,58.0,Charge 6
2025-11-12T07:28:24Z,57.0,Charge 6
2025-11-12T07:28:26Z,56.0,Charge 6
2025-11-12T07:28:29Z,57.0,Charge 6
2025-11-12T07:28:32Z,57.0,Charge 6
2025-11-12T07:33:05Z,68.0,Charge 6
2025-11-12T07:33:07Z,72.0,Charge 6
2025-11-12T07:33:10Z,72.0,Charge 6
2025-11-12T07:33:11Z,71.0,Charge 6
2025-11-12T07:33:13Z,69.0,Charge 6
2025-11-12T07:33:14Z,70.0,Charge 6
2025-11-12T07:33:16Z,71.0,Charge 6
2025-11-12T07:33:18Z,71.0,Charge 6
2025-11-12T07:33:20Z,73.0,Charge 6
2025-11-12T07:33:22Z,73.0,Charge 6
2025-11-12T07:33:24Z,72.0,Charge 6
2025-11-12T07:33:26Z,73.0,Charge 6
2025-11-12T07:33:28Z,72.0,Charge 6
2025-11-12T07:33:30Z,71.0,Charge 6
2025-11-12T07:33:32Z,70.0,Charge 6
2025-11-12T07:33:35Z,70.0,Charge 6
2025-11-12T07:33:36Z,71.0,Charge 6
2025-11-12T07:33:39Z,70.0,Charge 6
2025-11-12T07:33:41Z,71.0,Charge 6
2025-11-12T07:33:43Z,70.0,Charge 6
2025-11-12T07:33:45Z,71.0,Charge 6
2025-11-12T07:33:47Z,70.0,Charge 6
2025-11-12T07:33:49Z,71.0,Charge 6
2025-11-12T07:33:51Z,76.0,Charge 6
2025-11-12T07:33:53Z,79.0,Charge 6
2025-11-12T07:33:55Z,81.0,Charge 6
2025-11-12T07:33:57Z,85.0,Charge 6
2025-11-12T07:33:59Z,86.0,Charge 6
2025-11-12T07:34:01Z,85.0,Charge 6
2025-11-12T07:34:04Z,84.0,Charge 6
2025-11-12T07:34:07Z,84.0,Charge 6
2025-11-12T07:34:08Z,85.0,Charge 6
2025-11-12T07:34:10Z,84.0,Charge 6
2025-11-12T07:34:13Z,84.0,Charge 6
2025-11-12T07:34:16Z,84.0,Charge 6
2025-11-12T07:34:19Z,84.0,Charge 6
2025-11-12T07:34:20Z,83.0,Charge 6
2025-11-12T07:34:22Z,86.0,Charge 6
2025-11-12T07:34:25Z,86.0,Charge 6
2025-11-12T07:34:26Z,74.0,Charge 6
2025-11-12T07:34:27Z,66.0,Charge 6
2025-11-12T07:34:29Z,65.0,Charge 6
2025-11-12T07:34:31Z,64.0,Charge 6
2025-11-12T07:34:33Z,62.0,Charge 6
2025-11-12T07:34:35Z,60.0,Charge 6
2025-11-12T07:34:37Z,62.0,Charge 6
2025-11-12T07:34:39Z,61.0,Charge 6
2025-11-12T07:34:42Z,61.0,Charge 6
2025-11-12T07:34:45Z,60.0,Charge 6
2025-11-12T07:34:47Z,59.0,Charge 6
2025-11-12T07:34:50Z,58.0,Charge 6
2025-11-12T07:34:53Z,58.0,Charge 6
2025-11-12T07:34:56Z,57.0,Charge 6
2025-11-12T07:34:58Z,58.0,Charge 6
2025-11-12T07:35:01Z,58.0,Charge 6
2025-11-12T07:35:04Z,57.0,Charge 6
2025-11-12T07:35:06Z,57.0,Charge 6
2025-11-12T07:35:08Z,56.0,Charge 6
2025-11-12T07:35:10Z,58.0,Charge 6
2025-11-12T07:35:13Z,58.0,Charge 6
2025-11-12T07:35:16Z,58.0,Charge 6
2025-11-12T07:35:17Z,57.0,Charge 6
2025-11-12T07:35:19Z,56.0,Charge 6
2025-11-12T07:35:22Z,56.0,Charge 6
2025-11-12T07:35:25Z,57.0,Charge 6
2025-11-12T07:35:27Z,58.0,Charge 6
2025-11-12T07:35:29Z,59.0,Charge 6
2025-11-12T07:35:31Z,56.0,Charge 6
2025-11-12T07:35:33Z,57.0,Charge 6
2025-11-12T07:35:36Z,57.0,Charge 6
2025-11-12T07:35:37Z,56.0,Charge 6
2025-11-12T07:35:40Z,56.0,Charge 6
2025-11-12T07:35:42Z,55.0,Charge 6
2025-11-12T07:35:44Z,56.0,Charge 6
2025-11-12T07:35:47Z,56.0,Charge 6
2025-11-12T07:35:48Z,55.0,Charge 6
2025-11-12T07:35:51Z,55.0,Charge 6
2025-11-12T07:35:54Z,55.0,Charge 6
2025-11-12T07:35:56Z,56.0,Charge 6
2025-11-12T07:35:59Z,56.0,Charge 6
2025-11-12T07:36:00Z,56.0,Charge 6
2025-11-12T07:36:03Z,55.0,Charge 6
2025-11-12T07:36:05Z,54.0,Charge 6
2025-11-12T07:36:07Z,54.0,Charge 6
2025-11-12T07:36:10Z,54.0,Charge 6
2025-11-12T07:36:11Z,53.0,Charge 6
2025-11-12T07:36:14Z,53.0,Charge 6
2025-11-12T07:36:17Z,52.0,Charge 6
2025-11-12T07:36:19Z,53.0,Charge 6
2025-11-12T07:36:21Z,54.0,Charge 6
2025-11-12T07:36:24Z,54.0,Charge 6
2025-11-12T07:36:26Z,55.0,Charge 6
2025-11-12T07:36:28Z,55.0,Charge 6
2025-11-12T07:36:30Z,56.0,Charge 6
2025-11-12T07:36:33Z,56.0,Charge 6
2025-11-12T07:36:36Z,56.0,Charge 6
2025-11-12T07:36:39Z,56.0,Charge 6
2025-11-12T07:36:42Z,56.0,Charge 6
2025-11-12T07:36:44Z,58.0,Charge 6
2025-11-12T07:36:46Z,60.0,Charge 6
2025-11-12T07:36:48Z,63.0,Charge 6
2025-11-12T07:36:50Z,68.0,Charge 6
2025-11-12T07:36:51Z,70.0,Charge 6
2025-11-12T07:36:54Z,70.0,Charge 6
2025-11-12T07:36:55Z,68.0,Charge 6
2025-11-12T07:36:57Z,66.0,Charge 6
2025-11-12T07:36:59Z,64.0,Charge 6
2025-11-12T07:37:01Z,63.0,Charge 6
2025-11-12T07:37:03Z,62.0,Charge 6
2025-11-12T07:37:05Z,60.0,Charge 6
2025-11-12T07:37:07Z,58.0,Charge 6
2025-11-12T07:37:09Z,57.0,Charge 6
2025-11-12T07:37:11Z,56.0,Charge 6
2025-11-12T07:37:14Z,55.0,Charge 6
2025-11-12T07:37:16Z,54.0,Charge 6
2025-11-12T07:37:19Z,54.0,Charge 6
2025-11-12T07:37:20Z,54.0,Charge 6
2025-11-12T07:37:23Z,54.0,Charge 6
2025-11-12T07:37:24Z,53.0,Charge 6
2025-11-12T07:37:27Z,53.0,Charge 6
2025-11-12T07:37:30Z,53.0,Charge 6
2025-11-12T07:37:32Z,53.0,Charge 6
2025-11-12T07:37:34Z,53.0,Charge 6
2025-11-12T07:37:37Z,53.0,Charge 6
2025-11-12T07:37:38Z,54.0,Charge 6
2025-11-12T07:37:39Z,54.0,Charge 6
2025-11-12T07:37:42Z,54.0,Charge 6
2025-11-12T07:37:43Z,55.0,Charge 6
2025-11-12T07:37:45Z,54.0,Charge 6
2025-11-12T07:37:48Z,54.0,Charge 6
2025-11-12T07:37:51Z,54.0,Charge 6
2025-11-12T07:37:53Z,53.0,Charge 6
2025-11-12T07:37:56Z,53.0,Charge 6
2025-11-12T07:37:59Z,53.0,Charge 6
2025-11-12T07:38:01Z,53.0,Charge 6
2025-11-12T07:38:02Z,53.0,Charge 6
2025-11-12T07:38:04Z,53.0,Charge 6
2025-11-12T07:38:07Z,53.0,Charge 6
2025-11-12T07:38:10Z,52.0,Charge 6
2025-11-12T07:38:12Z,53.0,Charge 6
2025-11-12T07:38:14Z,54.0,Charge 6
2025-11-12T07:38:17Z,54.0,Charge 6
2025-11-12T07:38:20Z,54.0,Charge 6
2025-11-12T07:38:23Z,54.0,Charge 6
2025-11-12T07:38:26Z,55.0,Charge 6
2025-11-12T07:38:29Z,55.0,Charge 6
2025-11-12T07:38:31Z,54.0,Charge 6
2025-11-12T07:38:33Z,54.0,Charge 6
2025-11-12T07:38:35Z,54.0,Charge 6
2025-11-12T07:38:37Z,55.0,Charge 6
2025-11-12T07:38:39Z,54.0,Charge 6
2025-11-12T07:38:41Z,54.0,Charge 6
2025-11-12T07:38:43Z,54.0,Charge 6
2025-11-12T07:38:46Z,54.0,Charge 6
2025-11-12T07:38:49Z,54.0,Charge 6
2025-11-12T07:38:52Z,54.0,Charge 6
2025-11-12T07:38:55Z,54.0,Charge 6
2025-11-12T07:38:58Z,54.0,Charge 6
2025-11-12T07:39:00Z,54.0,Charge 6
2025-11-12T07:39:02Z,55.0,Charge 6
2025-11-12T07:39:04Z,56.0,Charge 6
2025-11-12T07:39:06Z,55.0,Charge 6
2025-11-12T07:39:08Z,54.0,Charge 6
2025-11-12T07:39:11Z,54.0,Charge 6
2025-11-12T07:39:12Z,54.0,Charge 6
2025-11-12T07:39:15Z,54.0,Charge 6
2025-11-12T07:39:18Z,54.0,Charge 6
2025-11-12T07:39:19Z,54.0,Charge 6
2025-11-12T07:39:21Z,55.0,Charge 6
2025-11-12T07:39:23Z,56.0,Charge 6
2025-11-12T07:39:26Z,56.0,Charge 6
2025-11-12T07:39:27Z,55.0,Charge 6
2025-11-12T07:39:29Z,54.0,Charge 6
2025-11-12T07:39:32Z,54.0,Charge 6
2025-11-12T07:39:33Z,55.0,Charge 6
2025-11-12T07:39:36Z,55.0,Charge 6
2025-11-12T07:39:38Z,56.0,Charge 6
2025-11-12T07:39:41Z,56.0,Charge 6
2025-11-12T07:39:44Z,56.0,Charge 6
2025-11-12T07:39:47Z,56.0,Charge 6
2025-11-12T07:39:50Z,56.0,Charge 6
2025-11-12T07:39:53Z,56.0,Charge 6
2025-11-12T07:39:54Z,55.0,Charge 6
2025-11-12T07:39:56Z,54.0,Charge 6
2025-11-12T07:39:59Z,54.0,Charge 6
2025-11-12T07:40:02Z,54.0,Charge 6
2025-11-12T07:40:05Z,54.0,Charge 6
2025-11-12T07:40:07Z,56.0,Charge 6
2025-11-12T07:40:09Z,61.0,Charge 6
2025-11-12T07:40:11Z,64.0,Charge 6
2025-11-12T07:40:13Z,68.0,Charge 6
2025-11-12T07:40:15Z,72.0,Charge 6
2025-11-12T07:40:17Z,74.0,Charge 6
2025-11-12T07:40:20Z,74.0,Charge 6
2025-11-12T07:40:21Z,73.0,Charge 6
2025-11-12T07:40:23Z,67.0,Charge 6
2025-11-12T07:40:26Z,65.0,Charge 6
2025-11-12T07:40:28Z,63.0,Charge 6
2025-11-12T07:40:30Z,61.0,Charge 6
2025-11-12T07:40:32Z,59.0,Charge 6
2025-11-12T07:40:34Z,58.0,Charge 6
2025-11-12T07:40:36Z,57.0,Charge 6
2025-11-12T07:40:38Z,56.0,Charge 6
2025-11-12T07:40:40Z,55.0,Charge 6
2025-11-12T07:40:42Z,54.0,Charge 6
2025-11-12T07:40:45Z,54.0,Charge 6
2025-11-12T07:40:48Z,53.0,Charge 6
2025-11-12T07:40:51Z,53.0,Charge 6
2025-11-12T07:40:54Z,53.0,Charge 6
2025-11-12T07:40:55Z,54.0,Charge 6
2025-11-12T07:40:57Z,55.0,Charge 6
2025-11-12T07:41:00Z,55.0,Charge 6
2025-11-12T07:41:03Z,55.0,Charge 6
2025-11-12T07:41:05Z,54.0,Charge 6
2025-11-12T07:41:07Z,56.0,Charge 6
2025-11-12T07:41:09Z,55.0,Charge 6
2025-11-12T07:41:12Z,55.0,Charge 6
2025-11-12T07:41:15Z,55.0,Charge 6
2025-11-12T07:41:17Z,54.0,Charge 6
2025-11-12T07:41:19Z,55.0,Charge 6
2025-11-12T07:41:22Z,55.0,Charge 6
2025-11-12T07:41:25Z,55.0,Charge 6
2025-11-12T07:41:26Z,55.0,Charge 6
2025-11-12T07:41:28Z,54.0,Charge 6
2025-11-12T07:41:31Z,54.0,Charge 6
2025-11-12T07:41:34Z,54.0,Charge 6
2025-11-12T07:41:36Z,55.0,Charge 6
2025-11-12T07:41:38Z,54.0,Charge 6
2025-11-12T07:41:41Z,54.0,Charge 6
2025-11-12T07:41:42Z,54.0,Charge 6
2025-11-12T07:41:45Z,54.0,Charge 6
2025-11-12T07:41:48Z,54.0,Charge 6
2025-11-12T07:41:49Z,54.0,Charge 6
2025-11-12T07:41:52Z,54.0,Charge 6
2025-11-12T07:41:53Z,55.0,Charge 6
2025-11-12T07:41:55Z,56.0,Charge 6
2025-11-12T07:41:57Z,57.0,Charge 6
2025-11-12T07:41:59Z,58.0,Charge 6
2025-11-12T07:42:01Z,59.0,Charge 6
2025-11-12T07:42:03Z,63.0,Charge 6
2025-11-12T07:42:05Z,65.0,Charge 6
2025-11-12T07:42:07Z,67.0,Charge 6
2025-11-12T07:42:09Z,66.0,Charge 6
2025-11-12T07:42:11Z,65.0,Charge 6
2025-11-12T07:42:13Z,66.0,Charge 6
2025-11-12T07:42:16Z,66.0,Charge 6
2025-11-12T07:42:19Z,66.0,Charge 6
2025-11-12T07:42:22Z,65.0,Charge 6
2025-11-12T07:42:24Z,66.0,Charge 6
2025-11-12T07:42:26Z,67.0,Charge 6
2025-11-12T07:42:28Z,69.0,Charge 6
2025-11-12T07:42:30Z,68.0,Charge 6
2025-11-12T07:42:32Z,66.0,Charge 6
2025-11-12T07:42:34Z,65.0,Charge 6
2025-11-12T07:42:37Z,64.0,Charge 6
2025-11-12T07:42:40Z,64.0,Charge 6
2025-11-12T07:42:41Z,66.0,Charge 6
2025-11-12T07:42:44Z,66.0,Charge 6
2025-11-12T07:42:47Z,65.0,Charge 6
2025-11-12T07:42:49Z,64.0,Charge 6
2025-11-12T07:42:52Z,64.0,Charge 6
2025-11-12T07:42:55Z,63.0,Charge 6
2025-11-12T07:42:58Z,63.0,Charge 6
2025-11-12T07:42:59Z,62.0,Charge 6
2025-11-12T07:43:01Z,61.0,Charge 6
2025-11-12T07:43:02Z,60.0,Charge 6
2025-11-12T07:43:05Z,60.0,Charge 6
2025-11-12T07:43:08Z,60.0,Charge 6
2025-11-12T07:43:11Z,60.0,Charge 6
2025-11-12T07:43:12Z,61.0,Charge 6
2025-11-12T07:43:15Z,61.0,Charge 6
2025-11-12T07:43:18Z,60.0,Charge 6
2025-11-12T07:43:20Z,61.0,Charge 6
2025-11-12T07:43:23Z,61.0,Charge 6
2025-11-12T07:43:25Z,60.0,Charge 6
2025-11-12T07:43:27Z,61.0,Charge 6
2025-11-12T07:43:29Z,62.0,Charge 6
2025-11-12T07:43:31Z,63.0,Charge 6
2025-11-12T07:43:34Z,63.0,Charge 6
2025-11-12T07:43:35Z,62.0,Charge 6
2025-11-12T07:43:38Z,62.0,Charge 6
2025-11-12T07:43:39Z,60.0,Charge 6
2025-11-12T07:43:42Z,60.0,Charge 6
2025-11-12T07:43:45Z,60.0,Charge 6
2025-11-12T07:43:48Z,60.0,Charge 6
2025-11-12T07:43:49Z,59.0,Charge 6
2025-11-12T07:43:50Z,60.0,Charge 6
2025-11-12T07:43:53Z,60.0,Charge 6
2025-11-12T07:43:56Z,59.0,Charge 6
2025-11-12T07:43:59Z,59.0,Charge 6
2025-11-12T07:44:00Z,58.0,Charge 6
2025-11-12T07:44:02Z,60.0,Charge 6
2025-11-12T07:44:04Z,61.0,Charge 6
2025-11-12T07:44:06Z,60.0,Charge 6
2025-11-12T07:44:08Z,59.0,Charge 6
2025-11-12T07:44:10Z,58.0,Charge 6
2025-11-12T07:44:12Z,58.0,Charge 6
2025-11-12T07:44:15Z,58.0,Charge 6
2025-11-12T07:44:17Z,58.0,Charge 6
2025-11-12T07:44:20Z,58.0,Charge 6
2025-11-12T07:44:23Z,58.0,Charge 6
2025-11-12T07:44:25Z,57.0,Charge 6
2025-11-12T07:44:28Z,57.0,Charge 6
2025-11-12T07:44:29Z,56.0,Charge 6
2025-11-12T07:44:31Z,57.0,Charge 6
2025-11-12T07:44:33Z,58.0,Charge 6
2025-11-12T07:44:35Z,59.0,Charge 6
2025-11-12T07:44:38Z,60.0,Charge 6
2025-11-12T07:44:40Z,62.0,Charge 6
2025-11-12T07:44:42Z,63.0,Charge 6
2025-11-12T07:44:45Z,63.0,Charge 6
2025-11-12T07:44:46Z,61.0,Charge 6
2025-11-12T07:44:49Z,61.0,Charge 6
2025-11-12T07:44:50Z,60.0,Charge 6
2025-11-12T07:44:52Z,59.0,Charge 6
2025-11-12T07:44:54Z,58.0,Charge 6
2025-11-12T07:44:56Z,58.0,Charge 6
2025-11-12T07:44:58Z,57.0,Charge 6
2025-11-12T07:45:00Z,58.0,Charge 6
2025-11-12T07:45:03Z,58.0,Charge 6
2025-11-12T07:45:06Z,58.0,Charge 6
2025-11-12T07:45:07Z,59.0,Charge 6
2025-11-12T07:45:09Z,60.0,Charge 6
2025-11-12T07:45:11Z,59.0,Charge 6
2025-11-12T07:45:14Z,59.0,Charge 6
2025-11-12T07:45:17Z,59.0,Charge 6
2025-11-12T07:45:19Z,58.0,Charge 6
2025-11-12T07:45:21Z,59.0,Charge 6
2025-11-12T07:45:23Z,58.0,Charge 6
2025-11-12T07:45:25Z,57.0,Charge 6
2025-11-12T07:45:28Z,58.0,Charge 6
2025-11-12T07:45:31Z,58.0,Charge 6
2025-11-12T07:45:34Z,58.0,Charge 6
2025-11-12T07:45:37Z,58.0,Charge 6
2025-11-12T07:45:38Z,57.0,Charge 6
2025-11-12T07:45:40Z,56.0,Charge 6
2025-11-12T07:45:43Z,56.0,Charge 6
2025-11-12T07:45:46Z,56.0,Charge 6
2025-11-12T07:45:49Z,56.0,Charge 6
2025-11-12T07:45:52Z,56.0,Charge 6
2025-11-12T07:45:53Z,56.0,Charge 6
2025-11-12T07:45:56Z,56.0,Charge 6
2025-11-12T07:45:59Z,57.0,Charge 6
2025-11-12T07:46:01Z,59.0,Charge 6
2025-11-12T07:46:04Z,59.0,Charge 6
2025-11-12T07:46:07Z,58.0,Charge 6
2025-11-12T07:46:10Z,58.0,Charge 6
2025-11-12T07:46:13Z,58.0,Charge 6
2025-11-12T07:46:16Z,58.0,Charge 6
2025-11-12T07:46:18Z,58.0,Charge 6
2025-11-12T07:46:20Z,58.0,Charge 6
2025-11-12T07:46:23Z,58.0,Charge 6
2025-11-12T07:46:24Z,57.0,Charge 6
2025-11-12T07:46:26Z,57.0,Charge 6
2025-11-12T07:46:28Z,56.0,Charge 6
2025-11-12T07:46:31Z,56.0,Charge 6
2025-11-12T07:46:34Z,56.0,Charge 6
2025-11-12T07:46:37Z,56.0,Charge 6
2025-11-12T07:46:39Z,57.0,Charge 6
2025-11-12T07:46:42Z,57.0,Charge 6
2025-11-12T07:46:43Z,56.0,Charge 6
2025-11-12T07:46:46Z,56.0,Charge 6
2025-11-12T07:46:49Z,56.0,Charge 6
2025-11-12T07:46:52Z,56.0,Charge 6
2025-11-12T07:46:55Z,56.0,Charge 6
2025-11-12T07:46:58Z,56.0,Charge 6
2025-11-12T07:47:01Z,56.0,Charge 6
2025-11-12T07:47:02Z,58.0,Charge 6
2025-11-12T07:47:04Z,58.0,Charge 6
2025-11-12T07:47:07Z,58.0,Charge 6
2025-11-12T07:47:08Z,62.0,Charge 6
2025-11-12T07:47:10Z,63.0,Charge 6
2025-11-12T07:47:13Z,63.0,Charge 6
2025-11-12T07:47:14Z,62.0,Charge 6
2025-11-12T07:47:16Z,61.0,Charge 6
2025-11-12T07:47:18Z,60.0,Charge 6
2025-11-12T07:47:20Z,60.0,Charge 6
2025-11-12T07:47:22Z,58.0,Charge 6
2025-11-12T07:47:24Z,57.0,Charge 6
2025-11-12T07:47:25Z,56.0,Charge 6
2025-11-12T07:47:28Z,56.0,Charge 6
2025-11-12T07:47:29Z,55.0,Charge 6
2025-11-12T07:47:32Z,55.0,Charge 6
2025-11-12T07:47:33Z,54.0,Charge 6
2025-11-12T07:47:36Z,54.0,Charge 6
2025-11-12T07:47:39Z,54.0,Charge 6
2025-11-12T07:47:41Z,53.0,Charge 6
2025-11-12T07:47:44Z,53.0,Charge 6
2025-11-12T07:47:45Z,54.0,Charge 6
2025-11-12T07:47:48Z,54.0,Charge 6
2025-11-12T07:47:51Z,54.0,Charge 6
2025-11-12T07:47:54Z,54.0,Charge 6
2025-11-12T07:47:56Z,54.0,Charge 6
2025-11-12T07:47:58Z,55.0,Charge 6
2025-11-12T07:48:01Z,55.0,Charge 6
2025-11-12T07:48:04Z,55.0,Charge 6
2025-11-12T07:48:06Z,56.0,Charge 6
2025-11-12T07:48:09Z,56.0,Charge 6
2025-11-12T07:48:12Z,56.0,Charge 6
2025-11-12T07:48:15Z,55.0,Charge 6
2025-11-12T07:48:18Z,55.0,Charge 6
2025-11-12T07:48:21Z,55.0,Charge 6
2025-11-12T07:48:24Z,55.0,Charge 6
2025-11-12T07:48:25Z,54.0,Charge 6
2025-11-12T07:48:27Z,54.0,Charge 6
2025-11-12T07:48:30Z,54.0,Charge 6
2025-11-12T07:48:33Z,54.0,Charge 6
2025-11-12T07:48:36Z,54.0,Charge 6
2025-11-12T07:48:37Z,54.0,Charge 6
2025-11-12T07:48:40Z,54.0,Charge 6
2025-11-12T07:48:43Z,54.0,Charge 6
2025-11-12T07:48:46Z,55.0,Charge 6
2025-11-12T07:48:48Z,56.0,Charge 6
2025-11-12T07:48:51Z,56.0,Charge 6
2025-11-12T07:48:54Z,56.0,Charge 6
2025-11-12T07:48:57Z,56.0,Charge 6
2025-11-12T07:49:00Z,56.0,Charge 6
2025-11-12T07:49:03Z,56.0,Charge 6
2025-11-12T07:49:06Z,56.0,Charge 6
2025-11-12T07:49:09Z,55.0,Charge 6
2025-11-12T07:49:12Z,55.0,Charge 6
2025-11-12T07:49:15Z,55.0,Charge 6
2025-11-12T07:49:17Z,55.0,Charge 6
2025-11-12T07:49:19Z,56.0,Charge 6
2025-11-12T07:49:22Z,56.0,Charge 6
2025-11-12T07:49:23Z,57.0,Charge 6
2025-11-12T07:49:26Z,57.0,Charge 6
2025-11-12T07:49:28Z,58.0,Charge 6
2025-11-12T07:49:31Z,58.0,Charge 6
2025-11-12T07:49:34Z,57.0,Charge 6
2025-11-12T07:49:36Z,56.0,Charge 6
2025-11-12T07:49:38Z,55.0,Charge 6
2025-11-12T07:49:40Z,54.0,Charge 6
2025-11-12T07:49:42Z,53.0,Charge 6
2025-11-12T07:49:44Z,53.0,Charge 6
2025-11-12T07:49:47Z,53.0,Charge 6
2025-11-12T07:49:48Z,54.0,Charge 6
2025-11-12T07:49:51Z,53.0,Charge 6
2025-11-12T07:49:54Z,53.0,Charge 6
2025-11-12T07:49:57Z,52.0,Charge 6
2025-11-12T07:50:00Z,52.0,Charge 6
2025-11-12T07:50:03Z,52.0,Charge 6
2025-11-12T07:50:06Z,52.0,Charge 6
2025-11-12T07:50:07Z,53.0,Charge 6
2025-11-12T07:50:10Z,53.0,Charge 6
2025-11-12T07:50:11Z,54.0,Charge 6
2025-11-12T07:50:14Z,54.0,Charge 6
2025-11-12T07:50:17Z,54.0,Charge 6
2025-11-12T07:50:20Z,55.0,Charge 6
2025-11-12T07:50:22Z,56.0,Charge 6
2025-11-12T07:50:25Z,56.0,Charge 6
2025-11-12T07:50:28Z,56.0,Charge 6
2025-11-12T07:50:31Z,56.0,Charge 6
2025-11-12T07:50:32Z,55.0,Charge 6
2025-11-12T07:50:34Z,54.0,Charge 6
2025-11-12T07:50:37Z,54.0,Charge 6
2025-11-12T07:50:39Z,55.0,Charge 6
2025-11-12T07:50:42Z,55.0,Charge 6
2025-11-12T07:50:43Z,54.0,Charge 6
2025-11-12T07:50:46Z,54.0,Charge 6
2025-11-12T07:50:47Z,53.0,Charge 6
2025-11-12T07:50:50Z,53.0,Charge 6
2025-11-12T07:50:53Z,52.0,Charge 6
2025-11-12T07:50:56Z,52.0,Charge 6
2025-11-12T07:50:59Z,52.0,Charge 6
2025-11-12T07:51:02Z,52.0,Charge 6
2025-11-12T07:51:05Z,52.0,Charge 6
2025-11-12T07:51:06Z,53.0,Charge 6
2025-11-12T07:51:09Z,53.0,Charge 6
2025-11-12T07:51:10Z,54.0,Charge 6
2025-11-12T07:51:13Z,54.0,Charge 6
2025-11-12T07:51:14Z,55.0,Charge 6
2025-11-12T07:51:16Z,55.0,Charge 6
2025-11-12T07:51:18Z,54.0,Charge 6
2025-11-12T07:51:21Z,54.0,Charge 6
2025-11-12T07:51:24Z,54.0,Charge 6
2025-11-12T07:51:27Z,54.0,Charge 6
2025-11-12T07:51:30Z,54.0,Charge 6
2025-11-12T07:51:33Z,54.0,Charge 6
2025-11-12T07:51:35Z,55.0,Charge 6
2025-11-12T07:51:38Z,55.0,Charge 6
2025-11-12T07:51:41Z,55.0,Charge 6
2025-11-12T07:51:44Z,55.0,Charge 6
2025-11-12T07:51:47Z,54.0,Charge 6
2025-11-12T07:51:49Z,55.0,Charge 6
2025-11-12T07:51:50Z,55.0,Charge 6
2025-11-12T07:51:53Z,55.0,Charge 6
2025-11-12T07:51:56Z,55.0,Charge 6
2025-11-12T07:51:58Z,56.0,Charge 6
2025-11-12T07:52:00Z,59.0,Charge 6
2025-11-12T07:52:02Z,58.0,Charge 6
2025-11-12T07:52:05Z,58.0,Charge 6
2025-11-12T07:52:08Z,59.0,Charge 6
2025-11-12T07:52:10Z,60.0,Charge 6
2025-11-12T07:52:12Z,58.0,Charge 6
2025-11-12T07:52:15Z,61.0,Charge 6
2025-11-12T07:52:17Z,62.0,Charge 6
2025-11-12T07:52:19Z,62.0,Charge 6
2025-11-12T07:52:22Z,62.0,Charge 6
2025-11-12T07:52:25Z,63.0,Charge 6
2025-11-12T07:52:27Z,65.0,Charge 6
2025-11-12T07:52:29Z,66.0,Charge 6
2025-11-12T07:52:31Z,65.0,Charge 6
2025-11-12T07:52:33Z,66.0,Charge 6
2025-11-12T07:52:35Z,68.0,Charge 6
2025-11-12T07:52:37Z,70.0,Charge 6
2025-11-12T07:52:40Z,70.0,Charge 6
2025-11-12T07:52:42Z,71.0,Charge 6
2025-11-12T07:52:45Z,71.0,Charge 6
2025-11-12T07:52:48Z,72.0,Charge 6
2025-11-12T07:52:50Z,76.0,Charge 6
2025-11-12T07:52:52Z,75.0,Charge 6
2025-11-12T07:52:54Z,74.0,Charge 6
2025-11-12T07:52:57Z,74.0,Charge 6
2025-11-12T07:52:58Z,70.0,Charge 6
2025-11-12T07:53:01Z,69.0,Charge 6
2025-11-12T07:53:04Z,69.0,Charge 6
2025-11-12T07:53:05Z,68.0,Charge 6
2025-11-12T07:53:07Z,67.0,Charge 6
2025-11-12T07:53:10Z,67.0,Charge 6
2025-11-12T07:53:13Z,68.0,Charge 6
2025-11-12T07:53:15Z,70.0,Charge 6
2025-11-12T07:53:17Z,72.0,Charge 6
2025-11-12T07:53:20Z,72.0,Charge 6
2025-11-12T07:53:21Z,72.0,Charge 6
2025-11-12T07:53:23Z,71.0,Charge 6
2025-11-12T07:53:25Z,72.0,Charge 6
2025-11-12T07:53:28Z,69.0,Charge 6
2025-11-12T07:53:30Z,67.0,Charge 6
2025-11-12T07:53:32Z,66.0,Charge 6
2025-11-12T07:53:34Z,67.0,Charge 6
2025-11-12T07:53:37Z,67.0,Charge 6
2025-11-12T07:53:40Z,68.0,Charge 6
2025-11-12T07:53:42Z,69.0,Charge 6
2025-11-12T07:53:44Z,65.0,Charge 6
2025-11-12T07:53:46Z,60.0,Charge 6
2025-11-12T07:53:48Z,61.0,Charge 6
2025-11-12T07:53:49Z,60.0,Charge 6
2025-11-12T07:53:51Z,58.0,Charge 6
2025-11-12T07:53:53Z,58.0,Charge 6
2025-11-12T07:53:55Z,57.0,Charge 6
2025-11-12T07:53:57Z,56.0,Charge 6
2025-11-12T07:54:00Z,56.0,Charge 6
2025-11-12T07:54:01Z,55.0,Charge 6
2025-11-12T07:54:03Z,54.0,Charge 6
2025-11-12T07:54:06Z,54.0,Charge 6
2025-11-12T07:54:09Z,54.0,Charge 6
2025-11-12T07:54:12Z,54.0,Charge 6
2025-11-12T07:54:15Z,54.0,Charge 6
2025-11-12T07:54:18Z,54.0,Charge 6
2025-11-12T07:54:21Z,54.0,Charge 6
2025-11-12T07:54:24Z,54.0,Charge 6
2025-11-12T07:54:27Z,54.0,Charge 6
2025-11-12T07:54:28Z,54.0,Charge 6
2025-11-12T07:54:30Z,53.0,Charge 6
2025-11-12T07:54:32Z,52.0,Charge 6
2025-11-12T07:54:35Z,52.0,Charge 6
2025-11-12T07:54:38Z,52.0,Charge 6
2025-11-12T07:54:39Z,52.0,Charge 6
2025-11-12T07:54:41Z,52.0,Charge 6
2025-11-12T07:54:44Z,52.0,Charge 6
2025-11-12T07:54:47Z,52.0,Charge 6
2025-11-12T07:54:50Z,52.0,Charge 6
2025-11-12T07:54:53Z,52.0,Charge 6
2025-11-12T07:54:56Z,52.0,Charge 6
2025-11-12T07:54:59Z,52.0,Charge 6
2025-11-12T07:55:01Z,52.0,Charge 6
2025-11-12T07:55:04Z,52.0,Charge 6
2025-11-12T07:55:07Z,52.0,Charge 6
2025-11-12T07:55:10Z,52.0,Charge 6
2025-11-12T07:55:11Z,53.0,Charge 6
2025-11-12T07:55:13Z,52.0,Charge 6
2025-11-12T07:55:16Z,52.0,Charge 6
2025-11-12T07:55:19Z,52.0,Charge 6
2025-11-12T07:55:22Z,52.0,Charge 6
2025-11-12T07:55:25Z,52.0,Charge 6
2025-11-12T07:55:28Z,52.0,Charge 6
2025-11-12T07:55:31Z,52.0,Charge 6
2025-11-12T07:55:34Z,51.0,Charge 6
2025-11-12T07:55:36Z,50.0,Charge 6
2025-11-12T07:55:39Z,50.0,Charge 6
2025-11-12T07:55:42Z,50.0,Charge 6
2025-11-12T07:55:45Z,50.0,Charge 6
2025-11-12T07:55:48Z,50.0,Charge 6
2025-11-12T07:55:51Z,50.0,Charge 6
2025-11-12T07:55:54Z,50.0,Charge 6
2025-11-12T07:55:57Z,50.0,Charge 6
2025-11-12T07:56:00Z,50.0,Charge 6
2025-11-12T07:56:03Z,50.0,Charge 6
2025-11-12T07:56:06Z,50.0,Charge 6
2025-11-12T07:56:09Z,50.0,Charge 6
2025-11-12T07:56:12Z,49.0,Charge 6
2025-11-12T07:56:15Z,49.0,Charge 6
2025-11-12T07:56:16Z,49.0,Charge 6
2025-11-12T07:56:19Z,49.0,Charge 6
2025-11-12T07:56:22Z,50.0,Charge 6
2025-11-12T07:56:25Z,50.0,Charge 6
2025-11-12T07:56:26Z,49.0,Charge 6
2025-11-12T07:56:29Z,49.0,Charge 6
2025-11-12T07:56:32Z,48.0,Charge 6
2025-11-12T07:56:35Z,48.0,Charge 6
2025-11-12T07:56:37Z,49.0,Charge 6
2025-11-12T07:56:40Z,49.0,Charge 6
2025-11-12T07:56:41Z,50.0,Charge 6
2025-11-12T07:56:44Z,50.0,Charge 6
2025-11-12T07:56:45Z,49.0,Charge 6
2025-11-12T07:56:47Z,50.0,Charge 6
2025-11-12T07:56:50Z,50.0,Charge 6
2025-11-12T07:56:53Z,50.0,Charge 6
2025-11-12T07:56:55Z,50.0,Charge 6
2025-11-12T07:56:58Z,50.0,Charge 6
2025-11-12T07:57:01Z,50.0,Charge 6
2025-11-12T07:57:04Z,50.0,Charge 6
2025-11-12T07:57:07Z,50.0,Charge 6
2025-11-12T07:57:08Z,49.0,Charge 6
2025-11-12T07:57:10Z,48.0,Charge 6
2025-11-12T07:57:12Z,49.0,Charge 6
2025-11-12T07:57:14Z,48.0,Charge 6
2025-11-12T07:57:17Z,48.0,Charge 6
2025-11-12T07:57:20Z,48.0,Charge 6
2025-11-12T07:57:21Z,48.0,Charge 6
2025-11-12T07:57:24Z,48.0,Charge 6
2025-11-12T07:57:27Z,48.0,Charge 6
2025-11-12T07:57:30Z,48.0,Charge 6
2025-11-12T07:57:33Z,48.0,Charge 6
2025-11-12T07:57:36Z,48.0,Charge 6
2025-11-12T07:57:39Z,48.0,Charge 6
2025-11-12T07:57:42Z,48.0,Charge 6
2025-11-12T07:57:43Z,49.0,Charge 6
2025-11-12T07:57:44Z,50.0,Charge 6
2025-11-12T07:57:47Z,50.0,Charge 6
2025-11-12T07:57:50Z,50.0,Charge 6
2025-11-12T07:57:53Z,50.0,Charge 6
2025-11-12T07:57:56Z,50.0,Charge 6
2025-11-12T07:57:59Z,50.0,Charge 6
2025-11-12T07:58:02Z,50.0,Charge 6
2025-11-12T07:58:05Z,50.0,Charge 6
2025-11-12T07:58:08Z,50.0,Charge 6
2025-11-12T07:58:09Z,50.0,Charge 6
2025-11-12T07:58:11Z,50.0,Charge 6
2025-11-12T07:58:14Z,50.0,Charge 6
2025-11-12T07:58:17Z,50.0,Charge 6
2025-11-12T07:58:20Z,50.0,Charge 6
2025-11-12T07:58:23Z,50.0,Charge 6
2025-11-12T07:58:26Z,50.0,Charge 6
2025-11-12T07:58:27Z,51.0,Charge 6
2025-11-12T07:58:30Z,51.0,Charge 6
2025-11-12T07:58:31Z,51.0,Charge 6
2025-11-12T07:58:32Z,50.0,Charge 6
2025-11-12T07:58:35Z,50.0,Charge 6
2025-11-12T07:58:38Z,50.0,Charge 6
2025-11-12T07:58:41Z,50.0,Charge 6
2025-11-12T07:58:42Z,49.0,Charge 6
2025-11-12T07:58:44Z,48.0,Charge 6
2025-11-12T07:58:47Z,48.0,Charge 6
2025-11-12T07:58:50Z,48.0,Charge 6
2025-11-12T07:58:53Z,48.0,Charge 6
2025-11-12T07:58:56Z,48.0,Charge 6
2025-11-12T07:58:59Z,48.0,Charge 6
2025-11-12T07:59:02Z,48.0,Charge 6
2025-11-12T07:59:05Z,49.0,Charge 6
2025-11-12T07:59:08Z,49.0,Charge 6
2025-11-12T07:59:11Z,50.0,Charge 6
2025-11-12T07:59:13Z,49.0,Charge 6
2025-11-12T07:59:16Z,49.0,Charge 6
2025-11-12T07:59:17Z,50.0,Charge 6
2025-11-12T07:59:20Z,50.0,Charge 6
2025-11-12T07:59:22Z,49.0,Charge 6
2025-11-12T07:59:25Z,49.0,Charge 6
2025-11-12T07:59:26Z,50.0,Charge 6
2025-11-12T07:59:29Z,50.0,Charge 6
2025-11-12T07:59:32Z,50.0,Charge 6
2025-11-12T07:59:33Z,50.0,Charge 6
2025-11-12T07:59:36Z,50.0,Charge 6
2025-11-12T07:59:38Z,50.0,Charge 6
2025-11-12T07:59:41Z,50.0,Charge 6
2025-11-12T07:59:44Z,50.0,Charge 6
2025-11-12T07:59:46Z,50.0,Charge 6
2025-11-12T07:59:49Z,50.0,Charge 6
2025-11-12T07:59:50Z,49.0,Charge 6
2025-11-12T07:59:53Z,49.0,Charge 6
2025-11-12T07:59:54Z,48.0,Charge 6
2025-11-12T07:59:57Z,48.0,Charge 6
2025-11-12T07:59:59Z,49.0,Charge 6
2025-11-12T08:00:02Z,49.0,Charge 6
2025-11-12T08:00:05Z,49.0,Charge 6
2025-11-12T08:00:08Z,49.0,Charge 6
2025-11-12T08:00:11Z,49.0,Charge 6
2025-11-12T08:00:14Z,49.0,Charge 6
2025-11-12T08:00:17Z,49.0,Charge 6
2025-11-12T08:00:20Z,49.0,Charge 6
2025-11-12T08:00:21Z,48.0,Charge 6
2025-11-12T08:00:24Z,48.0,Charge 6
2025-11-12T08:00:26Z,49.0,Charge 6
2025-11-12T08:00:28Z,50.0,Charge 6
2025-11-12T08:00:31Z,50.0,Charge 6
2025-11-12T08:00:34Z,50.0,Charge 6
2025-11-12T08:00:37Z,50.0,Charge 6
2025-11-12T08:00:40Z,50.0,Charge 6
2025-11-12T08:00:43Z,50.0,Charge 6
2025-11-12T08:00:46Z,50.0,Charge 6
2025-11-12T08:00:47Z,50.0,Charge 6
2025-11-12T08:00:50Z,50.0,Charge 6
2025-11-12T08:00:53Z,50.0,Charge 6
2025-11-12T08:00:55Z,49.0,Charge 6
2025-11-12T08:00:58Z,49.0,Charge 6
2025-11-12T08:00:59Z,50.0,Charge 6
2025-11-12T08:01:02Z,50.0,Charge 6
2025-11-12T08:01:05Z,50.0,Charge 6
2025-11-12T08:01:08Z,50.0,Charge 6
2025-11-12T08:01:11Z,50.0,Charge 6
2025-11-12T08:01:14Z,50.0,Charge 6
2025-11-12T08:01:17Z,50.0,Charge 6
2025-11-12T08:01:20Z,50.0,Charge 6
2025-11-12T08:01:23Z,50.0,Charge 6
2025-11-12T08:01:26Z,50.0,Charge 6
2025-11-12T08:01:29Z,50.0,Charge 6
2025-11-12T08:01:32Z,50.0,Charge 6
2025-11-12T08:01:35Z,50.0,Charge 6
2025-11-12T08:01:38Z,50.0,Charge 6
2025-11-12T08:01:41Z,50.0,Charge 6
2025-11-12T08:01:44Z,50.0,Charge 6
2025-11-12T08:01:47Z,50.0,Charge 6
2025-11-12T08:01:50Z,50.0,Charge 6
2025-11-12T08:01:53Z,50.0,Charge 6
2025-11-12T08:01:56Z,50.0,Charge 6
2025-11-12T08:01:59Z,50.0,Charge 6
2025-11-12T08:02:02Z,50.0,Charge 6
2025-11-12T08:02:04Z,50.0,Charge 6
2025-11-12T08:02:07Z,50.0,Charge 6
2025-11-12T08:02:10Z,50.0,Charge 6
2025-11-12T08:02:12Z,49.0,Charge 6
2025-11-12T08:02:14Z,50.0,Charge 6
2025-11-12T08:02:17Z,50.0,Charge 6
2025-11-12T08:02:20Z,50.0,Charge 6
2025-11-12T08:02:22Z,49.0,Charge 6
2025-11-12T08:02:23Z,48.0,Charge 6
2025-11-12T08:02:26Z,48.0,Charge 6
2025-11-12T08:02:29Z,48.0,Charge 6
2025-11-12T08:02:32Z,48.0,Charge 6
2025-11-12T08:02:35Z,48.0,Charge 6
2025-11-12T08:02:38Z,48.0,Charge 6
2025-11-12T08:02:39Z,49.0,Charge 6
2025-11-12T08:02:42Z,49.0,Charge 6
2025-11-12T08:02:45Z,49.0,Charge 6
2025-11-12T08:02:48Z,49.0,Charge 6
2025-11-12T08:02:50Z,50.0,Charge 6
2025-11-12T08:02:53Z,50.0,Charge 6
2025-11-12T08:02:56Z,50.0,Charge 6
2025-11-12T08:02:59Z,50.0,Charge 6
2025-11-12T08:03:02Z,50.0,Charge 6
2025-11-12T08:03:05Z,50.0,Charge 6
2025-11-12T08:03:08Z,49.0,Charge 6
2025-11-12T08:03:10Z,48.0,Charge 6
2025-11-12T08:03:13Z,48.0,Charge 6
2025-11-12T08:03:15Z,48.0,Charge 6
2025-11-12T08:03:18Z,48.0,Charge 6
2025-11-12T08:03:21Z,48.0,Charge 6
2025-11-12T08:03:23Z,49.0,Charge 6
2025-11-12T08:03:26Z,49.0,Charge 6
2025-11-12T08:03:29Z,48.0,Charge 6
2025-11-12T08:03:32Z,48.0,Charge 6
2025-11-12T08:03:33Z,49.0,Charge 6
2025-11-12T08:03:36Z,49.0,Charge 6
2025-11-12T08:03:38Z,48.0,Charge 6
2025-11-12T08:03:41Z,48.0,Charge 6
2025-11-12T08:03:44Z,48.0,Charge 6
2025-11-12T08:03:46Z,49.0,Charge 6
2025-11-12T08:03:49Z,49.0,Charge 6
2025-11-12T08:03:50Z,50.0,Charge 6
2025-11-12T08:03:53Z,50.0,Charge 6
2025-11-12T08:03:56Z,50.0,Charge 6
2025-11-12T08:03:59Z,50.0,Charge 6
2025-11-12T08:04:02Z,50.0,Charge 6
2025-11-12T08:04:05Z,50.0,Charge 6
2025-11-12T08:04:08Z,50.0,Charge 6
2025-11-12T08:04:11Z,50.0,Charge 6
2025-11-12T08:04:14Z,50.0,Charge 6
2025-11-12T08:04:17Z,50.0,Charge 6
2025-11-12T08:04:20Z,50.0,Charge 6
2025-11-12T08:04:23Z,50.0,Charge 6
2025-11-12T08:04:26Z,50.0,Charge 6
2025-11-12T08:04:28Z,49.0,Charge 6
2025-11-12T08:04:30Z,48.0,Charge 6
2025-11-12T08:04:32Z,49.0,Charge 6
2025-11-12T08:04:34Z,50.0,Charge 6
2025-11-12T08:04:37Z,50.0,Charge 6
2025-11-12T08:04:38Z,50.0,Charge 6
2025-11-12T08:04:40Z,49.0,Charge 6
2025-11-12T08:04:42Z,48.0,Charge 6
2025-11-12T08:04:45Z,48.0,Charge 6
2025-11-12T08:04:48Z,48.0,Charge 6
2025-11-12T08:04:51Z,48.0,Charge 6
2025-11-12T08:04:54Z,48.0,Charge 6
2025-11-12T08:04:57Z,48.0,Charge 6
2025-11-12T08:04:58Z,49.0,Charge 6
2025-11-12T08:05:01Z,49.0,Charge 6
2025-11-12T08:05:04Z,49.0,Charge 6
2025-11-12T08:05:05Z,48.0,Charge 6
2025-11-12T08:05:08Z,48.0,Charge 6
2025-11-12T08:05:11Z,49.0,Charge 6
2025-11-12T08:05:14Z,49.0,Charge 6
2025-11-12T08:05:17Z,48.0,Charge 6
2025-11-12T08:05:20Z,48.0,Charge 6
2025-11-12T08:05:23Z,48.0,Charge 6
2025-11-12T08:05:26Z,49.0,Charge 6
2025-11-12T08:05:28Z,50.0,Charge 6
2025-11-12T08:05:31Z,50.0,Charge 6
2025-11-12T08:05:34Z,50.0,Charge 6
2025-11-12T08:05:36Z,50.0,Charge 6
2025-11-12T08:05:39Z,50.0,Charge 6
2025-11-12T08:05:42Z,50.0,Charge 6
2025-11-12T08:05:45Z,50.0,Charge 6
2025-11-12T08:05:48Z,50.0,Charge 6
2025-11-12T08:05:51Z,50.0,Charge 6
2025-11-12T08:05:54Z,50.0,Charge 6
2025-11-12T08:05:57Z,50.0,Charge 6
2025-11-12T08:06:00Z,50.0,Charge 6
2025-11-12T08:06:01Z,51.0,Charge 6
2025-11-12T08:06:04Z,51.0,Charge 6
2025-11-12T08:06:07Z,52.0,Charge 6
2025-11-12T08:06:10Z,52.0,Charge 6
2025-11-12T08:06:11Z,51.0,Charge 6
2025-11-12T08:06:14Z,50.0,Charge 6
2025-11-12T08:06:17Z,50.0,Charge 6
2025-11-12T08:06:20Z,50.0,Charge 6
2025-11-12T08:06:22Z,49.0,Charge 6
2025-11-12T08:06:25Z,49.0,Charge 6
2025-11-12T08:06:26Z,48.0,Charge 6
2025-11-12T08:06:29Z,48.0,Charge 6
2025-11-12T08:06:30Z,49.0,Charge 6
2025-11-12T08:06:33Z,49.0,Charge 6
2025-11-12T08:06:36Z,49.0,Charge 6
2025-11-12T08:06:38Z,48.0,Charge 6
2025-11-12T08:06:41Z,48.0,Charge 6
2025-11-12T08:06:44Z,48.0,Charge 6
2025-11-12T08:06:45Z,48.0,Charge 6
2025-11-12T08:06:48Z,48.0,Charge 6
2025-11-12T08:06:51Z,48.0,Charge 6
2025-11-12T08:06:54Z,48.0,Charge 6
2025-11-12T08:06:57Z,48.0,Charge 6
2025-11-12T08:07:00Z,48.0,Charge 6
2025-11-12T08:07:03Z,48.0,Charge 6
2025-11-12T08:07:04Z,49.0,Charge 6
2025-11-12T08:07:06Z,48.0,Charge 6
2025-11-12T08:07:08Z,49.0,Charge 6
2025-11-12T08:07:11Z,49.0,Charge 6
2025-11-12T08:07:12Z,50.0,Charge 6
2025-11-12T08:07:15Z,50.0,Charge 6
2025-11-12T08:07:18Z,50.0,Charge 6
2025-11-12T08:07:21Z,50.0,Charge 6
2025-11-12T08:07:22Z,51.0,Charge 6
2025-11-12T08:07:25Z,51.0,Charge 6
2025-11-12T08:07:26Z,50.0,Charge 6
2025-11-12T08:07:29Z,50.0,Charge 6
2025-11-12T08:07:31Z,52.0,Charge 6
2025-11-12T08:07:33Z,54.0,Charge 6
2025-11-12T08:07:35Z,59.0,Charge 6
2025-11-12T08:07:37Z,64.0,Charge 6
2025-11-12T08:07:39Z,66.0,Charge 6
2025-11-12T08:07:41Z,65.0,Charge 6
2025-11-12T08:07:43Z,66.0,Charge 6
2025-11-12T08:07:45Z,64.0,Charge 6
2025-11-12T08:07:47Z,63.0,Charge 6
2025-11-12T08:07:49Z,60.0,Charge 6
2025-11-12T08:07:50Z,57.0,Charge 6
2025-11-12T08:07:52Z,56.0,Charge 6
2025-11-12T08:07:54Z,54.0,Charge 6
2025-11-12T08:07:57Z,54.0,Charge 6
2025-11-12T08:07:58Z,53.0,Charge 6
2025-11-12T08:08:00Z,52.0,Charge 6
2025-11-12T08:08:03Z,52.0,Charge 6
2025-11-12T08:08:06Z,52.0,Charge 6
2025-11-12T08:08:09Z,52.0,Charge 6
2025-11-12T08:08:10Z,51.0,Charge 6
2025-11-12T08:08:12Z,50.0,Charge 6
2025-11-12T08:08:15Z,50.0,Charge 6
2025-11-12T08:08:18Z,50.0,Charge 6
2025-11-12T08:08:21Z,50.0,Charge 6
2025-11-12T08:08:24Z,50.0,Charge 6
2025-11-12T08:08:27Z,51.0,Charge 6
2025-11-12T08:08:29Z,50.0,Charge 6
2025-11-12T08:08:32Z,50.0,Charge 6
2025-11-12T08:08:35Z,50.0,Charge 6
2025-11-12T08:08:38Z,50.0,Charge 6
2025-11-12T08:08:41Z,50.0,Charge 6
2025-11-12T08:08:44Z,50.0,Charge 6
2025-11-12T08:08:47Z,50.0,Charge 6
2025-11-12T08:08:50Z,50.0,Charge 6
2025-11-12T08:08:53Z,50.0,Charge 6
2025-11-12T08:08:54Z,50.0,Charge 6
2025-11-12T08:08:57Z,50.0,Charge 6
2025-11-12T08:09:00Z,50.0,Charge 6
2025-11-12T08:09:03Z,51.0,Charge 6
2025-11-12T08:09:06Z,51.0,Charge 6
2025-11-12T08:09:09Z,51.0,Charge 6
2025-11-12T08:09:12Z,51.0,Charge 6
2025-11-12T08:09:13Z,50.0,Charge 6
2025-11-12T08:09:16Z,50.0,Charge 6
2025-11-12T08:09:19Z,50.0,Charge 6
2025-11-12T08:09:22Z,50.0,Charge 6
2025-11-12T08:09:25Z,50.0,Charge 6
2025-11-12T08:09:28Z,50.0,Charge 6
2025-11-12T08:09:31Z,50.0,Charge 6
2025-11-12T08:09:34Z,50.0,Charge 6
2025-11-12T08:09:35Z,51.0,Charge 6
2025-11-12T08:09:37Z,51.0,Charge 6
2025-11-12T08:09:39Z,50.0,Charge 6
2025-11-12T08:09:42Z,50.0,Charge 6
2025-11-12T08:09:45Z,50.0,Charge 6
2025-11-12T08:09:48Z,50.0,Charge 6
2025-11-12T08:09:50Z,50.0,Charge 6
2025-11-12T08:09:53Z,50.0,Charge 6
2025-11-12T08:09:56Z,50.0,Charge 6
2025-11-12T08:09:59Z,50.0,Charge 6
2025-11-12T08:10:02Z,51.0,Charge 6
2025-11-12T08:10:05Z,51.0,Charge 6
2025-11-12T08:10:06Z,51.0,Charge 6
2025-11-12T08:10:08Z,52.0,Charge 6
2025-11-12T08:10:11Z,52.0,Charge 6
2025-11-12T08:10:14Z,52.0,Charge 6
2025-11-12T08:10:17Z,52.0,Charge 6
2025-11-12T08:10:20Z,52.0,Charge 6
2025-11-12T08:10:23Z,52.0,Charge 6
2025-11-12T08:10:26Z,52.0,Charge 6
2025-11-12T08:10:29Z,52.0,Charge 6
2025-11-12T08:10:31Z,51.0,Charge 6
2025-11-12T08:10:34Z,51.0,Charge 6
2025-11-12T08:10:35Z,52.0,Charge 6
2025-11-12T08:10:36Z,51.0,Charge 6
2025-11-12T08:10:38Z,50.0,Charge 6
2025-11-12T08:10:41Z,50.0,Charge 6
2025-11-12T08:10:42Z,50.0,Charge 6
2025-11-12T08:10:45Z,50.0,Charge 6
2025-11-12T08:10:46Z,51.0,Charge 6
2025-11-12T08:10:48Z,53.0,Charge 6
2025-11-12T08:10:50Z,54.0,Charge 6
2025-11-12T08:10:52Z,53.0,Charge 6
2025-11-12T08:10:54Z,51.0,Charge 6
2025-11-12T08:10:56Z,50.0,Charge 6
2025-11-12T08:10:59Z,49.0,Charge 6
2025-11-12T08:11:02Z,49.0,Charge 6
2025-11-12T08:11:03Z,50.0,Charge 6
2025-11-12T08:11:06Z,50.0,Charge 6
2025-11-12T08:11:07Z,50.0,Charge 6
2025-11-12T08:11:10Z,50.0,Charge 6
2025-11-12T08:11:13Z,50.0,Charge 6
2025-11-12T08:11:16Z,50.0,Charge 6
2025-11-12T08:11:19Z,50.0,Charge 6
2025-11-12T08:11:22Z,50.0,Charge 6
2025-11-12T08:11:23Z,51.0,Charge 6
2025-11-12T08:11:24Z,52.0,Charge 6
2025-11-12T08:11:27Z,52.0,Charge 6
2025-11-12T08:11:30Z,52.0,Charge 6
2025-11-12T08:11:32Z,51.0,Charge 6
2025-11-12T08:11:34Z,50.0,Charge 6
2025-11-12T08:11:37Z,50.0,Charge 6
2025-11-12T08:11:40Z,50.0,Charge 6
2025-11-12T08:11:43Z,50.0,Charge 6
2025-11-12T08:11:46Z,50.0,Charge 6
2025-11-12T08:11:49Z,50.0,Charge 6
2025-11-12T08:11:51Z,51.0,Charge 6
2025-11-12T08:11:53Z,50.0,Charge 6
2025-11-12T08:11:56Z,50.0,Charge 6
2025-11-12T08:11:57Z,51.0,Charge 6
2025-11-12T08:12:00Z,51.0,Charge 6
2025-11-12T08:12:01Z,50.0,Charge 6
2025-11-12T08:12:03Z,51.0,Charge 6
2025-11-12T08:12:05Z,50.0,Charge 6
2025-11-12T08:12:08Z,50.0,Charge 6
2025-11-12T08:12:11Z,50.0,Charge 6
2025-11-12T08:12:12Z,50.0,Charge 6
2025-11-12T08:12:15Z,50.0,Charge 6
2025-11-12T08:12:18Z,50.0,Charge 6
2025-11-12T08:12:21Z,50.0,Charge 6
2025-11-12T08:12:24Z,50.0,Charge 6
2025-11-12T08:12:27Z,50.0,Charge 6
2025-11-12T08:12:30Z,50.0,Charge 6
2025-11-12T08:12:32Z,51.0,Charge 6
2025-11-12T08:12:35Z,51.0,Charge 6
2025-11-12T08:12:38Z,51.0,Charge 6
2025-11-12T08:12:41Z,50.0,Charge 6
2025-11-12T08:12:44Z,50.0,Charge 6
2025-11-12T08:12:47Z,50.0,Charge 6
2025-11-12T08:12:50Z,50.0,Charge 6
2025-11-12T08:12:51Z,51.0,Charge 6
2025-11-12T08:12:53Z,50.0,Charge 6
2025-11-12T08:12:56Z,50.0,Charge 6
2025-11-12T08:12:59Z,50.0,Charge 6
2025-11-12T08:13:02Z,50.0,Charge 6
2025-11-12T08:13:05Z,50.0,Charge 6
2025-11-12T08:13:08Z,50.0,Charge 6
2025-11-12T08:13:11Z,50.0,Charge 6
2025-11-12T08:13:14Z,50.0,Charge 6
2025-11-12T08:13:16Z,51.0,Charge 6
2025-11-12T08:13:18Z,52.0,Charge 6
2025-11-12T08:13:21Z,52.0,Charge 6
2025-11-12T08:13:24Z,52.0,Charge 6
2025-11-12T08:13:25Z,51.0,Charge 6
2025-11-12T08:13:28Z,51.0,Charge 6
2025-11-12T08:13:29Z,50.0,Charge 6
2025-11-12T08:13:31Z,50.0,Charge 6
2025-11-12T08:13:34Z,50.0,Charge 6
2025-11-12T08:13:37Z,50.0,Charge 6
2025-11-12T08:13:40Z,50.0,Charge 6
2025-11-12T08:13:43Z,50.0,Charge 6
2025-11-12T08:13:46Z,50.0,Charge 6
2025-11-12T08:13:49Z,50.0,Charge 6
2025-11-12T08:13:52Z,50.0,Charge 6
2025-11-12T08:13:55Z,50.0,Charge 6
2025-11-12T08:13:58Z,50.0,Charge 6
2025-11-12T08:14:01Z,50.0,Charge 6
2025-11-12T08:14:04Z,50.0,Charge 6
2025-11-12T08:14:07Z,50.0,Charge 6
2025-11-12T08:14:10Z,50.0,Charge 6
2025-11-12T08:14:11Z,51.0,Charge 6
2025-11-12T08:14:13Z,52.0,Charge 6
2025-11-12T08:14:16Z,52.0,Charge 6
2025-11-12T08:14:19Z,52.0,Charge 6
2025-11-12T08:14:22Z,52.0,Charge 6
2025-11-12T08:14:25Z,52.0,Charge 6
2025-11-12T08:14:27Z,53.0,Charge 6
2025-11-12T08:14:29Z,52.0,Charge 6
2025-11-12T08:14:32Z,52.0,Charge 6
2025-11-12T08:14:35Z,52.0,Charge 6
2025-11-12T08:14:36Z,52.0,Charge 6
2025-11-12T08:14:39Z,52.0,Charge 6
2025-11-12T08:14:42Z,52.0,Charge 6
2025-11-12T08:14:45Z,52.0,Charge 6
2025-11-12T08:14:48Z,52.0,Charge 6
2025-11-12T08:14:51Z,52.0,Charge 6
2025-11-12T08:14:54Z,52.0,Charge 6
2025-11-12T08:14:57Z,52.0,Charge 6
2025-11-12T08:15:00Z,52.0,Charge 6
2025-11-12T08:15:03Z,52.0,Charge 6
2025-11-12T08:15:06Z,52.0,Charge 6
2025-11-12T08:15:09Z,52.0,Charge 6
2025-11-12T08:15:11Z,51.0,Charge 6
2025-11-12T08:15:14Z,51.0,Charge 6
2025-11-12T08:15:17Z,51.0,Charge 6
2025-11-12T08:15:20Z,51.0,Charge 6
2025-11-12T08:15:21Z,52.0,Charge 6
2025-11-12T08:15:24Z,52.0,Charge 6
2025-11-12T08:15:27Z,52.0,Charge 6
2025-11-12T08:15:30Z,52.0,Charge 6
2025-11-12T08:15:33Z,52.0,Charge 6
2025-11-12T08:15:36Z,52.0,Charge 6
2025-11-12T08:15:38Z,51.0,Charge 6
2025-11-12T08:15:40Z,50.0,Charge 6
2025-11-12T08:15:43Z,50.0,Charge 6
2025-11-12T08:15:46Z,50.0,Charge 6
2025-11-12T08:15:49Z,50.0,Charge 6
2025-11-12T08:15:51Z,51.0,Charge 6
2025-11-12T08:15:54Z,51.0,Charge 6
2025-11-12T08:15:55Z,52.0,Charge 6
2025-11-12T08:15:58Z,52.0,Charge 6
2025-11-12T08:16:01Z,53.0,Charge 6
2025-11-12T08:16:04Z,53.0,Charge 6
2025-11-12T08:16:07Z,52.0,Charge 6
2025-11-12T08:16:10Z,52.0,Charge 6
2025-11-12T08:16:13Z,52.0,Charge 6
2025-11-12T08:16:16Z,52.0,Charge 6
2025-11-12T08:16:19Z,52.0,Charge 6
2025-11-12T08:16:22Z,52.0,Charge 6
2025-11-12T08:16:25Z,52.0,Charge 6
2025-11-12T08:16:26Z,51.0,Charge 6
2025-11-12T08:16:28Z,52.0,Charge 6
2025-11-12T08:16:31Z,52.0,Charge 6
2025-11-12T08:16:32Z,52.0,Charge 6
2025-11-12T08:16:35Z,52.0,Charge 6
2025-11-12T08:16:37Z,51.0,Charge 6
2025-11-12T08:16:40Z,51.0,Charge 6
2025-11-12T08:16:41Z,50.0,Charge 6
2025-11-12T08:16:44Z,50.0,Charge 6
2025-11-12T08:16:47Z,51.0,Charge 6
2025-11-12T08:16:50Z,51.0,Charge 6
2025-11-12T08:16:51Z,52.0,Charge 6
2025-11-12T08:16:54Z,52.0,Charge 6
2025-11-12T08:16:57Z,52.0,Charge 6
2025-11-12T08:16:59Z,51.0,Charge 6
2025-11-12T08:17:00Z,52.0,Charge 6
2025-11-12T08:17:03Z,52.0,Charge 6
2025-11-12T08:17:06Z,51.0,Charge 6
2025-11-12T08:17:08Z,52.0,Charge 6
2025-11-12T08:17:11Z,52.0,Charge 6
2025-11-12T08:17:14Z,52.0,Charge 6
2025-11-12T08:17:17Z,52.0,Charge 6
2025-11-12T08:17:20Z,52.0,Charge 6
2025-11-12T08:17:22Z,51.0,Charge 6
2025-11-12T08:17:25Z,51.0,Charge 6
2025-11-12T08:17:28Z,51.0,Charge 6
2025-11-12T08:17:29Z,52.0,Charge 6
2025-11-12T08:17:32Z,52.0,Charge 6
2025-11-12T08:17:35Z,52.0,Charge 6
2025-11-12T08:17:38Z,52.0,Charge 6
2025-11-12T08:17:41Z,52.0,Charge 6
2025-11-12T08:17:44Z,52.0,Charge 6
2025-11-12T08:17:47Z,52.0,Charge 6
2025-11-12T08:17:50Z,52.0,Charge 6
2025-11-12T08:17:52Z,53.0,Charge 6
2025-11-12T08:17:55Z,53.0,Charge 6
2025-11-12T08:17:56Z,54.0,Charge 6
2025-11-12T08:17:59Z,54.0,Charge 6
2025-11-12T08:18:02Z,54.0,Charge 6
2025-11-12T08:18:05Z,54.0,Charge 6
2025-11-12T08:18:08Z,53.0,Charge 6
2025-11-12T08:18:10Z,52.0,Charge 6
2025-11-12T08:18:13Z,52.0,Charge 6
2025-11-12T08:18:16Z,52.0,Charge 6
2025-11-12T08:18:19Z,52.0,Charge 6
2025-11-12T08:18:22Z,52.0,Charge 6
2025-11-12T08:18:25Z,52.0,Charge 6
2025-11-12T08:18:28Z,52.0,Charge 6
2025-11-12T08:18:29Z,53.0,Charge 6
2025-11-12T08:18:31Z,54.0,Charge 6
2025-11-12T08:18:34Z,54.0,Charge 6
2025-11-12T08:18:36Z,53.0,Charge 6
2025-11-12T08:18:39Z,53.0,Charge 6
2025-11-12T08:18:42Z,53.0,Charge 6
2025-11-12T08:18:45Z,53.0,Charge 6
2025-11-12T08:18:46Z,54.0,Charge 6
2025-11-12T08:18:49Z,54.0,Charge 6
2025-11-12T08:18:52Z,54.0,Charge 6
2025-11-12T08:18:55Z,54.0,Charge 6
2025-11-12T08:18:56Z,53.0,Charge 6
2025-11-12T08:18:58Z,52.0,Charge 6
2025-11-12T08:19:01Z,52.0,Charge 6
2025-11-12T08:19:04Z,52.0,Charge 6
2025-11-12T08:19:05Z,51.0,Charge 6
2025-11-12T08:19:08Z,51.0,Charge 6
2025-11-12T08:19:11Z,50.0,Charge 6
2025-11-12T08:19:14Z,50.0,Charge 6
2025-11-12T08:19:17Z,50.0,Charge 6
2025-11-12T08:19:19Z,50.0,Charge 6
2025-11-12T08:19:22Z,50.0,Charge 6
2025-11-12T08:19:23Z,51.0,Charge 6
2025-11-12T08:19:26Z,52.0,Charge 6
2025-11-12T08:19:29Z,52.0,Charge 6
2025-11-12T08:19:32Z,52.0,Charge 6
2025-11-12T08:19:35Z,52.0,Charge 6
2025-11-12T08:19:36Z,51.0,Charge 6
2025-11-12T08:19:38Z,50.0,Charge 6
2025-11-12T08:19:41Z,50.0,Charge 6
2025-11-12T08:19:44Z,50.0,Charge 6
2025-11-12T08:19:47Z,51.0,Charge 6
2025-11-12T08:19:49Z,52.0,Charge 6
2025-11-12T08:19:52Z,52.0,Charge 6
2025-11-12T08:19:55Z,52.0,Charge 6
2025-11-12T08:19:58Z,52.0,Charge 6
2025-11-12T08:20:01Z,52.0,Charge 6
2025-11-12T08:20:04Z,52.0,Charge 6
2025-11-12T08:20:07Z,52.0,Charge 6
2025-11-12T08:20:10Z,52.0,Charge 6
2025-11-12T08:20:13Z,52.0,Charge 6
2025-11-12T08:20:16Z,52.0,Charge 6
2025-11-12T08:20:19Z,52.0,Charge 6
2025-11-12T08:20:22Z,52.0,Charge 6
2025-11-12T08:20:25Z,52.0,Charge 6
2025-11-12T08:20:28Z,52.0,Charge 6
2025-11-12T08:20:31Z,52.0,Charge 6
2025-11-12T08:20:33Z,52.0,Charge 6
2025-11-12T08:20:36Z,52.0,Charge 6
2025-11-12T08:20:39Z,52.0,Charge 6
2025-11-12T08:20:42Z,52.0,Charge 6
2025-11-12T08:20:43Z,53.0,Charge 6
2025-11-12T08:20:46Z,53.0,Charge 6
2025-11-12T08:20:49Z,53.0,Charge 6
2025-11-12T08:20:50Z,54.0,Charge 6
2025-11-12T08:20:53Z,54.0,Charge 6
2025-11-12T08:20:54Z,53.0,Charge 6
2025-11-12T08:20:57Z,53.0,Charge 6
2025-11-12T08:21:00Z,53.0,Charge 6
2025-11-12T08:21:03Z,53.0,Charge 6
2025-11-12T08:21:06Z,53.0,Charge 6
2025-11-12T08:21:09Z,53.0,Charge 6
2025-11-12T08:21:12Z,53.0,Charge 6
2025-11-12T08:21:15Z,53.0,Charge 6
2025-11-12T08:21:18Z,53.0,Charge 6
2025-11-12T08:21:19Z,54.0,Charge 6
2025-11-12T08:21:22Z,54.0,Charge 6
2025-11-12T08:21:23Z,53.0,Charge 6
2025-11-12T08:21:25Z,52.0,Charge 6
2025-11-12T08:21:28Z,52.0,Charge 6
2025-11-12T08:21:31Z,52.0,Charge 6
2025-11-12T08:21:34Z,52.0,Charge 6
2025-11-12T08:21:37Z,52.0,Charge 6
2025-11-12T08:21:40Z,52.0,Charge 6
2025-11-12T08:21:42Z,52.0,Charge 6
2025-11-12T08:21:45Z,52.0,Charge 6
2025-11-12T08:21:48Z,52.0,Charge 6
2025-11-12T08:21:51Z,52.0,Charge 6
2025-11-12T08:21:54Z,52.0,Charge 6
2025-11-12T08:21:57Z,51.0,Charge 6
2025-11-12T08:22:00Z,51.0,Charge 6
2025-11-12T08:22:03Z,50.0,Charge 6
2025-11-12T08:22:05Z,51.0,Charge 6
2025-11-12T08:22:07Z,52.0,Charge 6
2025-11-12T08:22:10Z,52.0,Charge 6
2025-11-12T08:22:13Z,52.0,Charge 6
2025-11-12T08:22:15Z,52.0,Charge 6
2025-11-12T08:22:18Z,52.0,Charge 6
2025-11-12T08:22:21Z,52.0,Charge 6
2025-11-12T08:22:24Z,52.0,Charge 6
2025-11-12T08:22:27Z,52.0,Charge 6
2025-11-12T08:22:30Z,52.0,Charge 6
2025-11-12T08:22:33Z,52.0,Charge 6
2025-11-12T08:22:36Z,52.0,Charge 6
2025-11-12T08:22:39Z,52.0,Charge 6
2025-11-12T08:22:42Z,53.0,Charge 6
2025-11-12T08:22:45Z,53.0,Charge 6
2025-11-12T08:22:48Z,53.0,Charge 6
2025-11-12T08:22:51Z,52.0,Charge 6
2025-11-12T08:22:54Z,52.0,Charge 6
2025-11-12T08:22:57Z,52.0,Charge 6
2025-11-12T08:22:59Z,52.0,Charge 6
2025-11-12T08:23:02Z,52.0,Charge 6
2025-11-12T08:23:05Z,52.0,Charge 6
2025-11-12T08:23:08Z,52.0,Charge 6
2025-11-12T08:23:11Z,52.0,Charge 6
2025-11-12T08:23:14Z,52.0,Charge 6
2025-11-12T08:23:17Z,52.0,Charge 6
2025-11-12T08:23:20Z,52.0,Charge 6
2025-11-12T08:23:23Z,52.0,Charge 6
2025-11-12T08:23:26Z,52.0,Charge 6
2025-11-12T08:23:29Z,52.0,Charge 6
2025-11-12T08:23:32Z,52.0,Charge 6
2025-11-12T08:23:35Z,52.0,Charge 6
2025-11-12T08:23:36Z,53.0,Charge 6
2025-11-12T08:23:37Z,54.0,Charge 6
2025-11-12T08:23:40Z,54.0,Charge 6
2025-11-12T08:23:43Z,54.0,Charge 6
2025-11-12T08:23:46Z,54.0,Charge 6
2025-11-12T08:23:49Z,54.0,Charge 6
2025-11-12T08:23:52Z,54.0,Charge 6
2025-11-12T08:23:55Z,54.0,Charge 6
2025-11-12T08:23:58Z,54.0,Charge 6
2025-11-12T08:24:01Z,54.0,Charge 6
2025-11-12T08:24:04Z,54.0,Charge 6
2025-11-12T08:24:07Z,54.0,Charge 6
2025-11-12T08:24:10Z,54.0,Charge 6
2025-11-12T08:24:13Z,54.0,Charge 6
2025-11-12T08:24:14Z,54.0,Charge 6
2025-11-12T08:24:17Z,54.0,Charge 6
2025-11-12T08:24:20Z,54.0,Charge 6
2025-11-12T08:24:23Z,54.0,Charge 6
2025-11-12T08:24:26Z,54.0,Charge 6
2025-11-12T08:24:29Z,53.0,Charge 6
2025-11-12T08:24:31Z,52.0,Charge 6
2025-11-12T08:24:34Z,52.0,Charge 6
2025-11-12T08:24:37Z,53.0,Charge 6
2025-11-12T08:24:39Z,54.0,Charge 6
2025-11-12T08:24:42Z,54.0,Charge 6
2025-11-12T08:24:45Z,53.0,Charge 6
2025-11-12T08:24:47Z,52.0,Charge 6
2025-11-12T08:24:50Z,52.0,Charge 6
2025-11-12T08:24:53Z,52.0,Charge 6
2025-11-12T08:24:54Z,53.0,Charge 6
2025-11-12T08:24:57Z,53.0,Charge 6
2025-11-12T08:24:58Z,54.0,Charge 6
2025-11-12T08:25:01Z,54.0,Charge 6
2025-11-12T08:25:04Z,54.0,Charge 6
2025-11-12T08:25:06Z,53.0,Charge 6
2025-11-12T08:25:08Z,52.0,Charge 6
2025-11-12T08:25:11Z,52.0,Charge 6
2025-11-12T08:25:14Z,52.0,Charge 6
2025-11-12T08:25:17Z,52.0,Charge 6
2025-11-12T08:25:20Z,52.0,Charge 6
2025-11-12T08:25:23Z,52.0,Charge 6
2025-11-12T08:25:25Z,52.0,Charge 6
2025-11-12T08:25:28Z,52.0,Charge 6
2025-11-12T08:25:31Z,52.0,Charge 6
2025-11-12T08:25:34Z,52.0,Charge 6
2025-11-12T08:25:37Z,52.0,Charge 6
2025-11-12T08:25:40Z,52.0,Charge 6
2025-11-12T08:25:43Z,52.0,Charge 6
2025-11-12T08:25:46Z,52.0,Charge 6
2025-11-12T08:25:49Z,52.0,Charge 6
2025-11-12T08:25:52Z,52.0,Charge 6
2025-11-12T08:25:55Z,52.0,Charge 6
2025-11-12T08:25:58Z,52.0,Charge 6
2025-11-12T08:26:00Z,53.0,Charge 6
2025-11-12T08:26:03Z,52.0,Charge 6
2025-11-12T08:26:06Z,52.0,Charge 6
2025-11-12T08:26:09Z,52.0,Charge 6
2025-11-12T08:26:12Z,52.0,Charge 6
2025-11-12T08:26:15Z,52.0,Charge 6
2025-11-12T08:26:18Z,52.0,Charge 6
2025-11-12T08:26:21Z,52.0,Charge 6
2025-11-12T08:26:24Z,52.0,Charge 6
2025-11-12T08:26:27Z,52.0,Charge 6
2025-11-12T08:26:30Z,52.0,Charge 6
2025-11-12T08:26:33Z,52.0,Charge 6
2025-11-12T08:26:36Z,52.0,Charge 6
2025-11-12T08:26:39Z,52.0,Charge 6
2025-11-12T08:26:42Z,52.0,Charge 6
2025-11-12T08:26:44Z,52.0,Charge 6
2025-11-12T08:26:47Z,52.0,Charge 6
2025-11-12T08:26:50Z,52.0,Charge 6
2025-11-12T08:26:53Z,53.0,Charge 6
2025-11-12T08:26:55Z,54.0,Charge 6
2025-11-12T08:26:58Z,54.0,Charge 6
2025-11-12T08:27:01Z,54.0,Charge 6
2025-11-12T08:27:04Z,54.0,Charge 6
2025-11-12T08:27:07Z,54.0,Charge 6
2025-11-12T08:27:10Z,54.0,Charge 6
2025-11-12T08:27:13Z,54.0,Charge 6
2025-11-12T08:27:16Z,54.0,Charge 6
2025-11-12T08:27:19Z,54.0,Charge 6
2025-11-12T08:27:22Z,54.0,Charge 6
2025-11-12T08:27:25Z,54.0,Charge 6
2025-11-12T08:27:26Z,53.0,Charge 6
2025-11-12T08:27:29Z,53.0,Charge 6
2025-11-12T08:27:30Z,54.0,Charge 6
2025-11-12T08:27:33Z,54.0,Charge 6
2025-11-12T08:27:36Z,54.0,Charge 6
2025-11-12T08:27:39Z,53.0,Charge 6
2025-11-12T08:27:41Z,52.0,Charge 6
2025-11-12T08:27:44Z,52.0,Charge 6
2025-11-12T08:27:47Z,52.0,Charge 6
2025-11-12T08:27:50Z,52.0,Charge 6
2025-11-12T08:27:53Z,52.0,Charge 6
2025-11-12T08:27:56Z,52.0,Charge 6
2025-11-12T08:27:57Z,52.0,Charge 6
2025-11-12T08:28:00Z,52.0,Charge 6
2025-11-12T08:28:03Z,52.0,Charge 6
2025-11-12T08:28:06Z,52.0,Charge 6
2025-11-12T08:28:08Z,53.0,Charge 6
2025-11-12T08:28:10Z,52.0,Charge 6
2025-11-12T08:28:13Z,52.0,Charge 6
2025-11-12T08:28:16Z,53.0,Charge 6
2025-11-12T08:28:19Z,53.0,Charge 6
2025-11-12T08:28:22Z,53.0,Charge 6
2025-11-12T08:28:25Z,54.0,Charge 6
2025-11-12T08:28:28Z,54.0,Charge 6
2025-11-12T08:28:29Z,53.0,Charge 6
2025-11-12T08:28:31Z,52.0,Charge 6
2025-11-12T08:28:34Z,52.0,Charge 6
2025-11-12T08:28:37Z,52.0,Charge 6
2025-11-12T08:28:40Z,52.0,Charge 6
2025-11-12T08:28:43Z,53.0,Charge 6
2025-11-12T08:28:46Z,53.0,Charge 6
2025-11-12T08:28:49Z,53.0,Charge 6
2025-11-12T08:28:50Z,54.0,Charge 6
2025-11-12T08:28:52Z,53.0,Charge 6
2025-11-12T08:28:54Z,52.0,Charge 6
2025-11-12T08:28:57Z,52.0,Charge 6
2025-11-12T08:29:00Z,51.0,Charge 6
2025-11-12T08:29:03Z,51.0,Charge 6
2025-11-12T08:29:04Z,50.0,Charge 6
2025-11-12T08:29:06Z,50.0,Charge 6
2025-11-12T08:29:08Z,51.0,Charge 6
2025-11-12T08:29:10Z,52.0,Charge 6
2025-11-12T08:29:13Z,52.0,Charge 6
2025-11-12T08:29:16Z,52.0,Charge 6
2025-11-12T08:29:19Z,52.0,Charge 6
2025-11-12T08:29:22Z,52.0,Charge 6
2025-11-12T08:29:25Z,52.0,Charge 6
2025-11-12T08:29:28Z,52.0,Charge 6
2025-11-12T08:29:29Z,53.0,Charge 6
2025-11-12T08:29:32Z,53.0,Charge 6
2025-11-12T08:29:35Z,53.0,Charge 6
2025-11-12T08:29:36Z,54.0,Charge 6
2025-11-12T08:29:39Z,54.0,Charge 6
2025-11-12T08:29:42Z,54.0,Charge 6
2025-11-12T08:29:45Z,54.0,Charge 6
2025-11-12T08:29:48Z,54.0,Charge 6
2025-11-12T08:29:51Z,54.0,Charge 6
2025-11-12T08:29:54Z,53.0,Charge 6
2025-11-12T08:29:56Z,52.0,Charge 6
2025-11-12T08:29:59Z,52.0,Charge 6
2025-11-12T08:30:02Z,52.0,Charge 6
2025-11-12T08:30:05Z,52.0,Charge 6
2025-11-12T08:30:08Z,52.0,Charge 6
2025-11-12T08:30:11Z,52.0,Charge 6
2025-11-12T08:30:14Z,52.0,Charge 6
2025-11-12T08:30:15Z,53.0,Charge 6
2025-11-12T08:30:17Z,54.0,Charge 6
2025-11-12T08:30:20Z,54.0,Charge 6
2025-11-12T08:30:23Z,54.0,Charge 6
2025-11-12T08:30:26Z,54.0,Charge 6
2025-11-12T08:30:29Z,54.0,Charge 6
2025-11-12T08:30:32Z,54.0,Charge 6
2025-11-12T08:30:35Z,54.0,Charge 6
2025-11-12T08:30:38Z,53.0,Charge 6
2025-11-12T08:30:41Z,53.0,Charge 6
2025-11-12T08:30:44Z,54.0,Charge 6
2025-11-12T08:30:47Z,54.0,Charge 6
2025-11-12T08:30:50Z,54.0,Charge 6
2025-11-12T08:30:51Z,55.0,Charge 6
2025-11-12T08:30:54Z,55.0,Charge 6
2025-11-12T08:30:55Z,54.0,Charge 6
2025-11-12T08:30:58Z,54.0,Charge 6
2025-11-12T08:31:01Z,55.0,Charge 6
2025-11-12T08:31:04Z,55.0,Charge 6
2025-11-12T08:31:07Z,54.0,Charge 6
2025-11-12T08:31:10Z,54.0,Charge 6
2025-11-12T08:31:11Z,53.0,Charge 6
2025-11-12T08:31:12Z,52.0,Charge 6
2025-11-12T08:31:15Z,52.0,Charge 6
2025-11-12T08:31:18Z,52.0,Charge 6
2025-11-12T08:31:21Z,52.0,Charge 6
2025-11-12T08:31:24Z,52.0,Charge 6
2025-11-12T08:31:27Z,52.0,Charge 6
2025-11-12T08:31:28Z,52.0,Charge 6
2025-11-12T08:31:31Z,52.0,Charge 6
2025-11-12T08:31:34Z,52.0,Charge 6
2025-11-12T08:31:37Z,53.0,Charge 6
2025-11-12T08:31:39Z,54.0,Charge 6
2025-11-12T08:31:42Z,54.0,Charge 6
2025-11-12T08:31:45Z,54.0,Charge 6
2025-11-12T08:31:48Z,54.0,Charge 6
2025-11-12T08:31:51Z,54.0,Charge 6
2025-11-12T08:31:54Z,54.0,Charge 6
2025-11-12T08:31:57Z,54.0,Charge 6
2025-11-12T08:32:00Z,53.0,Charge 6
2025-11-12T08:32:03Z,53.0,Charge 6
2025-11-12T08:32:06Z,53.0,Charge 6
2025-11-12T08:32:09Z,53.0,Charge 6
2025-11-12T08:32:10Z,52.0,Charge 6
2025-11-12T08:32:13Z,52.0,Charge 6
2025-11-12T08:32:16Z,52.0,Charge 6
2025-11-12T08:32:19Z,52.0,Charge 6
2025-11-12T08:32:22Z,52.0,Charge 6
2025-11-12T08:32:25Z,53.0,Charge 6
2025-11-12T08:32:27Z,52.0,Charge 6
2025-11-12T08:32:30Z,52.0,Charge 6
2025-11-12T08:32:33Z,51.0,Charge 6
2025-11-12T08:32:36Z,51.0,Charge 6
2025-11-12T08:32:39Z,51.0,Charge 6
2025-11-12T08:32:41Z,52.0,Charge 6
2025-11-12T08:32:43Z,52.0,Charge 6
2025-11-12T08:32:46Z,52.0,Charge 6
2025-11-12T08:32:49Z,52.0,Charge 6
2025-11-12T08:32:52Z,53.0,Charge 6
2025-11-12T08:32:55Z,53.0,Charge 6
2025-11-12T08:32:58Z,52.0,Charge 6
2025-11-12T08:33:00Z,53.0,Charge 6
2025-11-12T08:33:02Z,52.0,Charge 6
2025-11-12T08:33:05Z,52.0,Charge 6
2025-11-12T08:33:08Z,52.0,Charge 6
2025-11-12T08:33:11Z,52.0,Charge 6
2025-11-12T08:33:14Z,52.0,Charge 6
2025-11-12T08:33:17Z,52.0,Charge 6
2025-11-12T08:33:19Z,53.0,Charge 6
2025-11-12T08:33:22Z,53.0,Charge 6
2025-11-12T08:33:25Z,53.0,Charge 6
2025-11-12T08:33:27Z,54.0,Charge 6
2025-11-12T08:33:30Z,54.0,Charge 6
2025-11-12T08:33:33Z,54.0,Charge 6
2025-11-12T08:33:36Z,54.0,Charge 6
2025-11-12T08:33:39Z,54.0,Charge 6
2025-11-12T08:33:40Z,53.0,Charge 6
2025-11-12T08:33:42Z,52.0,Charge 6
2025-11-12T08:33:45Z,52.0,Charge 6
2025-11-12T08:33:48Z,52.0,Charge 6
2025-11-12T08:33:51Z,52.0,Charge 6
2025-11-12T08:33:54Z,53.0,Charge 6
2025-11-12T08:33:56Z,53.0,Charge 6
2025-11-12T08:33:58Z,52.0,Charge 6
2025-11-12T08:34:01Z,52.0,Charge 6
2025-11-12T08:34:04Z,52.0,Charge 6
2025-11-12T08:34:07Z,52.0,Charge 6
2025-11-12T08:34:10Z,52.0,Charge 6
2025-11-12T08:34:13Z,53.0,Charge 6
2025-11-12T08:34:16Z,53.0,Charge 6
2025-11-12T08:34:19Z,53.0,Charge 6
2025-11-12T08:34:21Z,52.0,Charge 6
2025-11-12T08:34:24Z,53.0,Charge 6
2025-11-12T08:34:27Z,53.0,Charge 6
2025-11-12T08:34:30Z,53.0,Charge 6
2025-11-12T08:34:33Z,53.0,Charge 6
2025-11-12T08:34:34Z,54.0,Charge 6
2025-11-12T08:34:37Z,54.0,Charge 6
2025-11-12T08:34:40Z,54.0,Charge 6
2025-11-12T08:34:43Z,54.0,Charge 6
2025-11-12T08:34:46Z,54.0,Charge 6
2025-11-12T08:34:49Z,54.0,Charge 6
2025-11-12T08:34:52Z,54.0,Charge 6
2025-11-12T08:34:55Z,54.0,Charge 6
2025-11-12T08:34:58Z,54.0,Charge 6
2025-11-12T08:35:01Z,54.0,Charge 6
2025-11-12T08:35:04Z,54.0,Charge 6
2025-11-12T08:35:07Z,55.0,Charge 6
2025-11-12T08:35:10Z,55.0,Charge 6
2025-11-12T08:35:11Z,55.0,Charge 6
2025-11-12T08:35:14Z,55.0,Charge 6
2025-11-12T08:35:17Z,55.0,Charge 6
2025-11-12T08:35:19Z,54.0,Charge 6
2025-11-12T08:35:22Z,54.0,Charge 6
2025-11-12T08:35:25Z,54.0,Charge 6
2025-11-12T08:35:26Z,53.0,Charge 6
2025-11-12T08:35:29Z,53.0,Charge 6
2025-11-12T08:35:32Z,54.0,Charge 6
2025-11-12T08:35:35Z,54.0,Charge 6
2025-11-12T08:35:38Z,54.0,Charge 6
2025-11-12T08:35:40Z,55.0,Charge 6
2025-11-12T08:35:43Z,55.0,Charge 6
2025-11-12T08:35:46Z,54.0,Charge 6
2025-11-12T08:35:49Z,54.0,Charge 6
2025-11-12T08:35:52Z,54.0,Charge 6
2025-11-12T08:35:55Z,54.0,Charge 6
2025-11-12T08:35:58Z,54.0,Charge 6
2025-11-12T08:35:59Z,53.0,Charge 6
2025-11-12T08:36:01Z,52.0,Charge 6
2025-11-12T08:36:04Z,52.0,Charge 6
2025-11-12T08:36:07Z,52.0,Charge 6
2025-11-12T08:36:10Z,52.0,Charge 6
2025-11-12T08:36:12Z,53.0,Charge 6
2025-11-12T08:36:14Z,54.0,Charge 6
2025-11-12T08:36:17Z,54.0,Charge 6
2025-11-12T08:36:20Z,54.0,Charge 6
2025-11-12T08:36:22Z,54.0,Charge 6
2025-11-12T08:36:25Z,54.0,Charge 6
2025-11-12T08:36:28Z,54.0,Charge 6
2025-11-12T08:36:31Z,54.0,Charge 6
2025-11-12T08:36:34Z,54.0,Charge 6
2025-11-12T08:36:37Z,54.0,Charge 6
2025-11-12T08:36:40Z,54.0,Charge 6
2025-11-12T08:36:43Z,53.0,Charge 6
2025-11-12T08:36:46Z,53.0,Charge 6
2025-11-12T08:36:47Z,52.0,Charge 6
2025-11-12T08:36:50Z,52.0,Charge 6
2025-11-12T08:36:53Z,52.0,Charge 6
2025-11-12T08:36:56Z,52.0,Charge 6
2025-11-12T08:36:59Z,52.0,Charge 6
2025-11-12T08:37:02Z,52.0,Charge 6
2025-11-12T08:37:05Z,52.0,Charge 6
2025-11-12T08:37:08Z,52.0,Charge 6
2025-11-12T08:37:11Z,52.0,Charge 6
2025-11-12T08:37:12Z,52.0,Charge 6
2025-11-12T08:37:15Z,52.0,Charge 6
2025-11-12T08:37:16Z,52.0,Charge 6
2025-11-12T08:37:19Z,52.0,Charge 6
2025-11-12T08:37:22Z,52.0,Charge 6
2025-11-12T08:37:25Z,52.0,Charge 6
2025-11-12T08:37:28Z,52.0,Charge 6
2025-11-12T08:37:31Z,52.0,Charge 6
2025-11-12T08:37:34Z,52.0,Charge 6
2025-11-12T08:37:35Z,52.0,Charge 6
2025-11-12T08:37:37Z,53.0,Charge 6
2025-11-12T08:37:40Z,53.0,Charge 6
2025-11-12T08:37:43Z,54.0,Charge 6
2025-11-12T08:37:46Z,54.0,Charge 6
2025-11-12T08:37:49Z,54.0,Charge 6
2025-11-12T08:37:52Z,54.0,Charge 6
2025-11-12T08:37:55Z,54.0,Charge 6
2025-11-12T08:37:58Z,54.0,Charge 6
2025-11-12T08:38:01Z,54.0,Charge 6
2025-11-12T08:38:04Z,54.0,Charge 6
2025-11-12T08:38:06Z,53.0,Charge 6
2025-11-12T08:38:09Z,53.0,Charge 6
2025-11-12T08:38:12Z,53.0,Charge 6
2025-11-12T08:38:15Z,53.0,Charge 6
2025-11-12T08:38:17Z,54.0,Charge 6
2025-11-12T08:38:20Z,54.0,Charge 6
2025-11-12T08:38:23Z,54.0,Charge 6
2025-11-12T08:38:26Z,54.0,Charge 6
2025-11-12T08:38:29Z,54.0,Charge 6
2025-11-12T08:38:32Z,54.0,Charge 6
2025-11-12T08:38:35Z,54.0,Charge 6
2025-11-12T08:38:38Z,54.0,Charge 6
2025-11-12T08:38:41Z,54.0,Charge 6
2025-11-12T08:38:44Z,53.0,Charge 6
2025-11-12T08:38:46Z,52.0,Charge 6
2025-11-12T08:38:49Z,52.0,Charge 6
2025-11-12T08:38:50Z,52.0,Charge 6
2025-11-12T08:38:53Z,52.0,Charge 6
2025-11-12T08:38:56Z,53.0,Charge 6
2025-11-12T08:38:59Z,53.0,Charge 6
2025-11-12T08:39:02Z,53.0,Charge 6
2025-11-12T08:39:03Z,54.0,Charge 6
2025-11-12T08:39:06Z,54.0,Charge 6
2025-11-12T08:39:09Z,54.0,Charge 6
2025-11-12T08:39:12Z,54.0,Charge 6
2025-11-12T08:39:15Z,54.0,Charge 6
2025-11-12T08:39:17Z,55.0,Charge 6
2025-11-12T08:39:20Z,55.0,Charge 6
2025-11-12T08:39:23Z,55.0,Charge 6
2025-11-12T08:39:24Z,54.0,Charge 6
2025-11-12T08:39:27Z,54.0,Charge 6
2025-11-12T08:39:30Z,54.0,Charge 6
2025-11-12T08:39:33Z,54.0,Charge 6
2025-11-12T08:39:36Z,54.0,Charge 6
2025-11-12T08:39:39Z,54.0,Charge 6
2025-11-12T08:39:42Z,55.0,Charge 6
2025-11-12T08:39:44Z,56.0,Charge 6
2025-11-12T08:39:46Z,55.0,Charge 6
2025-11-12T08:39:47Z,54.0,Charge 6
2025-11-12T08:39:50Z,54.0,Charge 6
2025-11-12T08:39:51Z,53.0,Charge 6
2025-11-12T08:39:54Z,53.0,Charge 6
2025-11-12T08:39:57Z,53.0,Charge 6
2025-11-12T08:39:59Z,53.0,Charge 6
2025-11-12T08:40:01Z,54.0,Charge 6
2025-11-12T08:40:04Z,54.0,Charge 6
2025-11-12T08:40:07Z,54.0,Charge 6
2025-11-12T08:40:09Z,55.0,Charge 6
2025-11-12T08:40:11Z,56.0,Charge 6
2025-11-12T08:40:14Z,57.0,Charge 6
2025-11-12T08:40:17Z,57.0,Charge 6
2025-11-12T08:40:20Z,56.0,Charge 6
2025-11-12T08:40:22Z,55.0,Charge 6
2025-11-12T08:40:24Z,54.0,Charge 6
2025-11-12T08:40:27Z,54.0,Charge 6
2025-11-12T08:40:30Z,53.0,Charge 6
2025-11-12T08:40:33Z,53.0,Charge 6
2025-11-12T08:40:34Z,52.0,Charge 6
2025-11-12T08:40:37Z,52.0,Charge 6
2025-11-12T08:40:39Z,53.0,Charge 6
2025-11-12T08:40:41Z,55.0,Charge 6
2025-11-12T08:40:43Z,57.0,Charge 6
2025-11-12T08:40:45Z,56.0,Charge 6
2025-11-12T08:40:47Z,57.0,Charge 6
2025-11-12T08:40:49Z,58.0,Charge 6
2025-11-12T08:40:51Z,59.0,Charge 6
2025-11-12T08:40:53Z,63.0,Charge 6
2025-11-12T08:40:55Z,68.0,Charge 6
2025-11-12T08:40:57Z,72.0,Charge 6
2025-11-12T08:40:59Z,74.0,Charge 6
2025-11-12T08:41:00Z,74.0,Charge 6
2025-11-12T08:41:02Z,75.0,Charge 6
2025-11-12T08:41:04Z,77.0,Charge 6
2025-11-12T08:41:07Z,77.0,Charge 6
2025-11-12T08:41:10Z,77.0,Charge 6
2025-11-12T08:41:12Z,74.0,Charge 6
2025-11-12T08:41:14Z,71.0,Charge 6
2025-11-12T08:41:16Z,68.0,Charge 6
2025-11-12T08:41:18Z,65.0,Charge 6
2025-11-12T08:41:21Z,65.0,Charge 6
2025-11-12T08:41:22Z,64.0,Charge 6
2025-11-12T08:41:23Z,63.0,Charge 6
2025-11-12T08:41:25Z,61.0,Charge 6
2025-11-12T08:41:27Z,59.0,Charge 6
2025-11-12T08:41:29Z,57.0,Charge 6
2025-11-12T08:41:31Z,56.0,Charge 6
2025-11-12T08:41:33Z,55.0,Charge 6
2025-11-12T08:41:36Z,55.0,Charge 6
2025-11-12T08:41:39Z,54.0,Charge 6
2025-11-12T08:41:42Z,54.0,Charge 6
2025-11-12T08:41:43Z,53.0,Charge 6
2025-11-12T08:41:45Z,52.0,Charge 6
2025-11-12T08:41:48Z,52.0,Charge 6
2025-11-12T08:41:51Z,52.0,Charge 6
2025-11-12T08:41:52Z,53.0,Charge 6
2025-11-12T08:41:54Z,54.0,Charge 6
2025-11-12T08:41:56Z,52.0,Charge 6
2025-11-12T08:41:58Z,52.0,Charge 6
2025-11-12T08:42:00Z,51.0,Charge 6
2025-11-12T08:42:02Z,50.0,Charge 6
2025-11-12T08:42:05Z,50.0,Charge 6
2025-11-12T08:42:08Z,50.0,Charge 6
2025-11-12T08:42:10Z,51.0,Charge 6
2025-11-12T08:42:13Z,52.0,Charge 6
2025-11-12T08:42:16Z,52.0,Charge 6
2025-11-12T08:42:19Z,52.0,Charge 6
2025-11-12T08:42:22Z,52.0,Charge 6
2025-11-12T08:42:25Z,52.0,Charge 6
2025-11-12T08:42:28Z,52.0,Charge 6
2025-11-12T08:42:29Z,54.0,Charge 6
2025-11-12T08:42:32Z,54.0,Charge 6
2025-11-12T08:42:35Z,53.0,Charge 6
2025-11-12T08:42:36Z,52.0,Charge 6
2025-11-12T08:42:39Z,52.0,Charge 6
2025-11-12T08:42:42Z,52.0,Charge 6
2025-11-12T08:42:44Z,54.0,Charge 6
2025-11-12T08:42:46Z,53.0,Charge 6
2025-11-12T08:42:48Z,52.0,Charge 6
2025-11-12T08:42:51Z,52.0,Charge 6
2025-11-12T08:42:54Z,52.0,Charge 6
2025-11-12T08:42:57Z,52.0,Charge 6
2025-11-12T08:43:00Z,52.0,Charge 6
2025-11-12T08:43:03Z,52.0,Charge 6
2025-11-12T08:43:06Z,52.0,Charge 6
2025-11-12T08:43:07Z,52.0,Charge 6
2025-11-12T08:43:10Z,52.0,Charge 6
2025-11-12T08:43:13Z,52.0,Charge 6
2025-11-12T08:43:15Z,53.0,Charge 6
2025-11-12T08:43:18Z,53.0,Charge 6
2025-11-12T08:43:21Z,52.0,Charge 6
2025-11-12T08:43:24Z,52.0,Charge 6
2025-11-12T08:43:27Z,52.0,Charge 6
2025-11-12T08:43:30Z,53.0,Charge 6
2025-11-12T08:43:32Z,52.0,Charge 6
2025-11-12T08:43:34Z,53.0,Charge 6
2025-11-12T08:43:37Z,53.0,Charge 6
2025-11-12T08:43:40Z,53.0,Charge 6
2025-11-12T08:43:43Z,53.0,Charge 6
2025-11-12T08:43:46Z,54.0,Charge 6
2025-11-12T08:43:49Z,54.0,Charge 6
2025-11-12T08:43:51Z,53.0,Charge 6
2025-11-12T08:43:53Z,54.0,Charge 6
2025-11-12T08:43:56Z,54.0,Charge 6
2025-11-12T08:43:59Z,53.0,Charge 6
2025-11-12T08:44:02Z,53.0,Charge 6
2025-11-12T08:44:05Z,54.0,Charge 6
2025-11-12T08:44:08Z,54.0,Charge 6
2025-11-12T08:44:11Z,53.0,Charge 6
2025-11-12T08:44:12Z,52.0,Charge 6
2025-11-12T08:44:14Z,53.0,Charge 6
2025-11-12T08:44:17Z,53.0,Charge 6
2025-11-12T08:44:18Z,53.0,Charge 6
2025-11-12T08:44:20Z,54.0,Charge 6
2025-11-12T08:44:23Z,54.0,Charge 6
2025-11-12T08:44:26Z,55.0,Charge 6
2025-11-12T08:44:28Z,56.0,Charge 6
2025-11-12T08:44:31Z,56.0,Charge 6
2025-11-12T08:44:32Z,55.0,Charge 6
2025-11-12T08:44:35Z,55.0,Charge 6
2025-11-12T08:44:38Z,55.0,Charge 6
2025-11-12T08:44:39Z,54.0,Charge 6
2025-11-12T08:44:42Z,54.0,Charge 6
2025-11-12T08:44:45Z,54.0,Charge 6
2025-11-12T08:44:48Z,54.0,Charge 6
2025-11-12T08:44:51Z,54.0,Charge 6
2025-11-12T08:44:54Z,54.0,Charge 6
2025-11-12T08:44:57Z,54.0,Charge 6
2025-11-12T08:45:00Z,54.0,Charge 6
2025-11-12T08:45:03Z,54.0,Charge 6
2025-11-12T08:45:06Z,53.0,Charge 6
2025-11-12T08:45:08Z,54.0,Charge 6
2025-11-12T08:45:11Z,54.0,Charge 6
2025-11-12T08:45:14Z,54.0,Charge 6
2025-11-12T08:45:17Z,54.0,Charge 6
2025-11-12T08:45:18Z,53.0,Charge 6
2025-11-12T08:45:20Z,54.0,Charge 6
2025-11-12T08:45:23Z,54.0,Charge 6
2025-11-12T08:45:26Z,54.0,Charge 6
2025-11-12T08:45:27Z,54.0,Charge 6
2025-11-12T08:45:30Z,54.0,Charge 6
2025-11-12T08:45:31Z,55.0,Charge 6
2025-11-12T08:45:34Z,55.0,Charge 6
2025-11-12T08:45:35Z,54.0,Charge 6
2025-11-12T08:45:38Z,54.0,Charge 6
2025-11-12T08:45:39Z,55.0,Charge 6
2025-11-12T08:45:41Z,56.0,Charge 6
2025-11-12T08:45:44Z,56.0,Charge 6
2025-11-12T08:45:47Z,57.0,Charge 6
2025-11-12T08:45:50Z,56.0,Charge 6
2025-11-12T08:45:52Z,55.0,Charge 6
2025-11-12T08:45:55Z,55.0,Charge 6
2025-11-12T08:45:58Z,54.0,Charge 6
2025-11-12T08:46:00Z,55.0,Charge 6
2025-11-12T08:46:03Z,55.0,Charge 6
2025-11-12T08:46:04Z,54.0,Charge 6
2025-11-12T08:46:07Z,54.0,Charge 6
2025-11-12T08:46:10Z,54.0,Charge 6
2025-11-12T08:46:13Z,54.0,Charge 6
2025-11-12T08:46:16Z,54.0,Charge 6
2025-11-12T08:46:19Z,54.0,Charge 6
2025-11-12T08:46:22Z,54.0,Charge 6
2025-11-12T08:46:25Z,54.0,Charge 6
2025-11-12T08:46:27Z,55.0,Charge 6
2025-11-12T08:46:30Z,55.0,Charge 6
2025-11-12T08:46:31Z,54.0,Charge 6
2025-11-12T08:46:33Z,54.0,Charge 6
2025-11-12T08:46:36Z,54.0,Charge 6
2025-11-12T08:46:39Z,54.0,Charge 6
2025-11-12T08:46:40Z,53.0,Charge 6
2025-11-12T08:46:42Z,52.0,Charge 6
2025-11-12T08:46:45Z,52.0,Charge 6
2025-11-12T08:46:48Z,52.0,Charge 6
2025-11-12T08:46:51Z,52.0,Charge 6
2025-11-12T08:46:54Z,53.0,Charge 6
2025-11-12T08:46:57Z,53.0,Charge 6
2025-11-12T08:47:00Z,53.0,Charge 6
2025-11-12T08:47:01Z,52.0,Charge 6
2025-11-12T08:47:04Z,52.0,Charge 6
2025-11-12T08:47:07Z,52.0,Charge 6
2025-11-12T08:47:10Z,52.0,Charge 6
2025-11-12T08:47:13Z,53.0,Charge 6
2025-11-12T08:47:15Z,52.0,Charge 6
2025-11-12T08:47:18Z,52.0,Charge 6
2025-11-12T08:47:21Z,52.0,Charge 6
2025-11-12T08:47:23Z,53.0,Charge 6
2025-11-12T08:47:24Z,54.0,Charge 6
2025-11-12T08:47:27Z,54.0,Charge 6
2025-11-12T08:47:30Z,54.0,Charge 6
2025-11-12T08:47:33Z,54.0,Charge 6
2025-11-12T08:47:34Z,53.0,Charge 6
2025-11-12T08:47:37Z,53.0,Charge 6
2025-11-12T08:47:38Z,52.0,Charge 6
2025-11-12T08:47:40Z,52.0,Charge 6
2025-11-12T08:47:43Z,52.0,Charge 6
2025-11-12T08:47:46Z,53.0,Charge 6
2025-11-12T08:47:49Z,53.0,Charge 6
2025-11-12T08:47:51Z,54.0,Charge 6
2025-11-12T08:47:54Z,54.0,Charge 6
2025-11-12T08:47:55Z,55.0,Charge 6
2025-11-12T08:47:57Z,56.0,Charge 6
2025-11-12T08:48:00Z,56.0,Charge 6
2025-11-12T08:48:03Z,57.0,Charge 6
2025-11-12T08:48:06Z,57.0,Charge 6
2025-11-12T08:48:07Z,56.0,Charge 6
2025-11-12T08:48:10Z,56.0,Charge 6
2025-11-12T08:48:13Z,56.0,Charge 6
2025-11-12T08:48:16Z,56.0,Charge 6
2025-11-12T08:48:19Z,56.0,Charge 6
2025-11-12T08:48:22Z,55.0,Charge 6
2025-11-12T08:48:25Z,55.0,Charge 6
2025-11-12T08:48:26Z,54.0,Charge 6
2025-11-12T08:48:28Z,55.0,Charge 6
2025-11-12T08:48:30Z,56.0,Charge 6
2025-11-12T08:48:33Z,56.0,Charge 6
2025-11-12T08:48:34Z,55.0,Charge 6
2025-11-12T08:48:37Z,56.0,Charge 6
2025-11-12T08:48:39Z,55.0,Charge 6
2025-11-12T08:48:41Z,56.0,Charge 6
2025-11-12T08:48:43Z,55.0,Charge 6
2025-11-12T08:48:45Z,54.0,Charge 6
2025-11-12T08:48:48Z,54.0,Charge 6
2025-11-12T08:48:51Z,54.0,Charge 6
2025-11-12T08:48:54Z,54.0,Charge 6
2025-11-12T08:48:57Z,54.0,Charge 6
2025-11-12T08:49:00Z,54.0,Charge 6
2025-11-12T08:49:03Z,54.0,Charge 6
2025-11-12T08:49:04Z,55.0,Charge 6
2025-11-12T08:49:07Z,55.0,Charge 6
2025-11-12T08:49:10Z,55.0,Charge 6
2025-11-12T08:49:12Z,54.0,Charge 6
2025-11-12T08:49:15Z,54.0,Charge 6
2025-11-12T08:49:18Z,54.0,Charge 6
2025-11-12T08:49:20Z,52.0,Charge 6
2025-11-12T08:49:23Z,52.0,Charge 6
2025-11-12T08:49:26Z,52.0,Charge 6
2025-11-12T08:49:29Z,52.0,Charge 6
2025-11-12T08:49:31Z,53.0,Charge 6
2025-11-12T08:49:33Z,54.0,Charge 6
2025-11-12T08:49:36Z,54.0,Charge 6
2025-11-12T08:49:39Z,54.0,Charge 6
2025-11-12T08:49:42Z,54.0,Charge 6
2025-11-12T08:49:45Z,54.0,Charge 6
2025-11-12T08:49:48Z,54.0,Charge 6
2025-11-12T08:49:51Z,54.0,Charge 6
2025-11-12T08:49:54Z,55.0,Charge 6
2025-11-12T08:49:56Z,56.0,Charge 6
2025-11-12T08:49:58Z,56.0,Charge 6
2025-11-12T08:50:00Z,58.0,Charge 6
2025-11-12T08:50:03Z,57.0,Charge 6
2025-11-12T08:50:06Z,56.0,Charge 6
2025-11-12T08:50:09Z,56.0,Charge 6
2025-11-12T08:50:12Z,56.0,Charge 6
2025-11-12T08:50:15Z,56.0,Charge 6
2025-11-12T08:50:17Z,57.0,Charge 6
2025-11-12T08:50:19Z,58.0,Charge 6
2025-11-12T08:50:22Z,58.0,Charge 6
2025-11-12T08:50:23Z,60.0,Charge 6
2025-11-12T08:50:26Z,60.0,Charge 6
2025-11-12T08:50:29Z,60.0,Charge 6
2025-11-12T08:50:32Z,61.0,Charge 6
2025-11-12T08:50:35Z,61.0,Charge 6
2025-11-12T08:50:38Z,62.0,Charge 6
2025-11-12T08:50:40Z,61.0,Charge 6
2025-11-12T08:50:42Z,60.0,Charge 6
2025-11-12T08:50:45Z,60.0,Charge 6
2025-11-12T08:50:46Z,58.0,Charge 6
2025-11-12T08:50:49Z,58.0,Charge 6
2025-11-12T08:50:52Z,57.0,Charge 6
2025-11-12T08:50:55Z,56.0,Charge 6
2025-11-12T08:50:58Z,56.0,Charge 6
2025-11-12T08:50:59Z,57.0,Charge 6
2025-11-12T08:51:01Z,58.0,Charge 6
2025-11-12T08:51:04Z,58.0,Charge 6
2025-11-12T08:51:05Z,59.0,Charge 6
2025-11-12T08:51:07Z,60.0,Charge 6
2025-11-12T08:51:10Z,60.0,Charge 6
2025-11-12T08:51:13Z,60.0,Charge 6
2025-11-12T08:51:15Z,61.0,Charge 6
2025-11-12T08:51:18Z,61.0,Charge 6
2025-11-12T08:51:19Z,62.0,Charge 6
2025-11-12T08:51:22Z,61.0,Charge 6
2025-11-12T08:51:24Z,60.0,Charge 6
2025-11-12T08:51:27Z,60.0,Charge 6
2025-11-12T08:51:28Z,59.0,Charge 6
2025-11-12T08:51:30Z,58.0,Charge 6
2025-11-12T08:51:32Z,59.0,Charge 6
2025-11-12T08:51:35Z,59.0,Charge 6
2025-11-12T08:51:36Z,58.0,Charge 6
2025-11-12T08:51:39Z,58.0,Charge 6
2025-11-12T08:51:40Z,59.0,Charge 6
2025-11-12T08:51:42Z,60.0,Charge 6
2025-11-12T08:51:45Z,60.0,Charge 6
2025-11-12T08:51:47Z,59.0,Charge 6
2025-11-12T08:51:49Z,58.0,Charge 6
2025-11-12T08:51:52Z,58.0,Charge 6
2025-11-12T08:51:55Z,58.0,Charge 6
2025-11-12T08:51:57Z,60.0,Charge 6
2025-11-12T08:51:59Z,60.0,Charge 6
2025-11-12T08:52:01Z,61.0,Charge 6
2025-11-12T08:52:03Z,65.0,Charge 6
2025-11-12T08:52:05Z,68.0,Charge 6
2025-11-12T08:52:07Z,69.0,Charge 6
2025-11-12T08:52:08Z,70.0,Charge 6
2025-11-12T08:52:11Z,70.0,Charge 6
2025-11-12T08:52:12Z,70.0,Charge 6
2025-11-12T08:52:14Z,71.0,Charge 6
2025-11-12T08:52:16Z,72.0,Charge 6
2025-11-12T08:52:18Z,70.0,Charge 6
2025-11-12T08:52:20Z,68.0,Charge 6
2025-11-12T08:52:22Z,66.0,Charge 6
2025-11-12T08:52:24Z,64.0,Charge 6
2025-11-12T08:52:26Z,63.0,Charge 6
2025-11-12T08:52:28Z,62.0,Charge 6
2025-11-12T08:52:30Z,61.0,Charge 6
2025-11-12T08:52:31Z,60.0,Charge 6
2025-11-12T08:52:33Z,59.0,Charge 6
2025-11-12T08:52:36Z,59.0,Charge 6
2025-11-12T08:52:39Z,60.0,Charge 6
2025-11-12T08:52:41Z,59.0,Charge 6
2025-11-12T08:52:44Z,59.0,Charge 6
2025-11-12T08:52:45Z,58.0,Charge 6
2025-11-12T08:52:48Z,58.0,Charge 6
2025-11-12T08:52:49Z,57.0,Charge 6
2025-11-12T08:52:51Z,56.0,Charge 6
2025-11-12T08:52:54Z,56.0,Charge 6
2025-11-12T08:52:57Z,56.0,Charge 6
2025-11-12T08:53:00Z,56.0,Charge 6
2025-11-12T08:53:02Z,56.0,Charge 6
2025-11-12T08:53:04Z,55.0,Charge 6
2025-11-12T08:53:06Z,54.0,Charge 6
2025-11-12T08:53:09Z,54.0,Charge 6
2025-11-12T08:53:12Z,54.0,Charge 6
2025-11-12T08:53:15Z,54.0,Charge 6
2025-11-12T08:53:16Z,55.0,Charge 6
2025-11-12T08:53:18Z,56.0,Charge 6
2025-11-12T08:53:21Z,56.0,Charge 6
2025-11-12T08:53:24Z,56.0,Charge 6
2025-11-12T08:53:27Z,58.0,Charge 6
2025-11-12T08:53:30Z,58.0,Charge 6
2025-11-12T08:53:31Z,59.0,Charge 6
2025-11-12T08:53:33Z,58.0,Charge 6
2025-11-12T08:53:36Z,58.0,Charge 6
2025-11-12T08:53:37Z,59.0,Charge 6
2025-11-12T08:53:39Z,60.0,Charge 6
2025-11-12T08:53:41Z,61.0,Charge 6
2025-11-12T08:53:43Z,62.0,Charge 6
2025-11-12T08:53:44Z,64.0,Charge 6
2025-11-12T08:53:47Z,64.0,Charge 6
2025-11-12T08:53:50Z,64.0,Charge 6
2025-11-12T08:53:53Z,64.0,Charge 6
2025-11-12T08:53:56Z,63.0,Charge 6
2025-11-12T08:53:58Z,62.0,Charge 6
2025-11-12T08:54:01Z,62.0,Charge 6
2025-11-12T08:54:04Z,62.0,Charge 6
2025-11-12T08:54:06Z,62.0,Charge 6
2025-11-12T08:54:09Z,62.0,Charge 6
2025-11-12T08:54:11Z,61.0,Charge 6
2025-11-12T08:54:13Z,60.0,Charge 6
2025-11-12T08:54:16Z,60.0,Charge 6
2025-11-12T08:54:19Z,60.0,Charge 6
2025-11-12T08:54:21Z,59.0,Charge 6
2025-11-12T08:54:23Z,58.0,Charge 6
2025-11-12T08:54:26Z,58.0,Charge 6
2025-11-12T08:54:27Z,59.0,Charge 6
2025-11-12T08:54:30Z,59.0,Charge 6
2025-11-12T08:54:31Z,60.0,Charge 6
2025-11-12T08:54:34Z,60.0,Charge 6
2025-11-12T08:54:37Z,60.0,Charge 6
2025-11-12T08:54:40Z,60.0,Charge 6
2025-11-12T08:54:42Z,62.0,Charge 6
2025-11-12T08:54:44Z,64.0,Charge 6
2025-11-12T08:54:46Z,65.0,Charge 6
2025-11-12T08:54:48Z,63.0,Charge 6
2025-11-12T08:54:50Z,62.0,Charge 6
2025-11-12T08:54:52Z,61.0,Charge 6
2025-11-12T08:54:55Z,62.0,Charge 6
2025-11-12T08:54:57Z,63.0,Charge 6
2025-11-12T08:55:00Z,63.0,Charge 6
2025-11-12T08:55:03Z,62.0,Charge 6
2025-11-12T08:55:06Z,62.0,Charge 6
2025-11-12T08:55:09Z,61.0,Charge 6
2025-11-12T08:55:11Z,60.0,Charge 6
2025-11-12T08:55:14Z,60.0,Charge 6
2025-11-12T08:55:17Z,60.0,Charge 6
2025-11-12T08:55:20Z,60.0,Charge 6
2025-11-12T08:55:23Z,60.0,Charge 6
2025-11-12T08:55:26Z,60.0,Charge 6
2025-11-12T08:55:29Z,60.0,Charge 6
2025-11-12T08:55:32Z,60.0,Charge 6
2025-11-12T08:55:35Z,60.0,Charge 6
2025-11-12T08:55:36Z,59.0,Charge 6
2025-11-12T08:55:38Z,60.0,Charge 6
2025-11-12T08:55:41Z,60.0,Charge 6
2025-11-12T08:55:42Z,61.0,Charge 6
2025-11-12T08:55:43Z,62.0,Charge 6
2025-11-12T08:55:46Z,62.0,Charge 6
2025-11-12T08:55:49Z,63.0,Charge 6
2025-11-12T08:55:52Z,63.0,Charge 6
2025-11-12T08:55:53Z,64.0,Charge 6
2025-11-12T08:55:55Z,63.0,Charge 6
2025-11-12T08:55:58Z,63.0,Charge 6
2025-11-12T08:56:01Z,63.0,Charge 6
2025-11-12T08:56:04Z,63.0,Charge 6
2025-11-12T08:56:05Z,62.0,Charge 6
2025-11-12T08:56:08Z,62.0,Charge 6
2025-11-12T08:56:11Z,62.0,Charge 6
2025-11-12T08:56:14Z,63.0,Charge 6
2025-11-12T08:56:17Z,63.0,Charge 6
2025-11-12T08:56:18Z,63.0,Charge 6
2025-11-12T08:56:21Z,63.0,Charge 6
2025-11-12T08:56:22Z,64.0,Charge 6
2025-11-12T08:56:25Z,64.0,Charge 6
2025-11-12T08:56:26Z,65.0,Charge 6
2025-11-12T08:56:28Z,66.0,Charge 6
2025-11-12T08:56:30Z,68.0,Charge 6
2025-11-12T08:56:33Z,65.0,Charge 6
2025-11-12T08:56:35Z,62.0,Charge 6
2025-11-12T08:56:37Z,60.0,Charge 6
2025-11-12T08:56:39Z,59.0,Charge 6
2025-11-12T08:56:41Z,58.0,Charge 6
2025-11-12T08:56:43Z,58.0,Charge 6
2025-11-12T08:56:46Z,58.0,Charge 6
2025-11-12T08:56:49Z,58.0,Charge 6
2025-11-12T08:56:51Z,59.0,Charge 6
2025-11-12T08:56:53Z,60.0,Charge 6
2025-11-12T08:56:56Z,60.0,Charge 6
2025-11-12T08:56:59Z,60.0,Charge 6
2025-11-12T08:57:00Z,61.0,Charge 6
2025-11-12T08:57:03Z,61.0,Charge 6
2025-11-12T08:57:04Z,60.0,Charge 6
2025-11-12T08:57:07Z,60.0,Charge 6
2025-11-12T08:57:10Z,60.0,Charge 6
2025-11-12T08:57:13Z,60.0,Charge 6
2025-11-12T08:57:16Z,60.0,Charge 6
2025-11-12T08:57:19Z,61.0,Charge 6
2025-11-12T08:57:21Z,61.0,Charge 6
2025-11-12T08:57:23Z,60.0,Charge 6
2025-11-12T08:57:26Z,60.0,Charge 6
2025-11-12T08:57:29Z,60.0,Charge 6
2025-11-12T08:57:32Z,60.0,Charge 6
2025-11-12T08:57:33Z,60.0,Charge 6
2025-11-12T08:57:36Z,60.0,Charge 6
2025-11-12T08:57:37Z,61.0,Charge 6
2025-11-12T08:57:39Z,66.0,Charge 6
2025-11-12T08:57:41Z,67.0,Charge 6
2025-11-12T08:57:44Z,68.0,Charge 6
2025-11-12T08:57:46Z,69.0,Charge 6
2025-11-12T08:57:49Z,69.0,Charge 6
2025-11-12T08:57:50Z,68.0,Charge 6
2025-11-12T08:57:52Z,67.0,Charge 6
2025-11-12T08:57:54Z,66.0,Charge 6
2025-11-12T08:57:56Z,65.0,Charge 6
2025-11-12T08:57:58Z,64.0,Charge 6
2025-11-12T08:58:00Z,62.0,Charge 6
2025-11-12T08:58:02Z,60.0,Charge 6
2025-11-12T08:58:05Z,60.0,Charge 6
2025-11-12T08:58:06Z,59.0,Charge 6
2025-11-12T08:58:07Z,57.0,Charge 6
2025-11-12T08:58:10Z,57.0,Charge 6
2025-11-12T08:58:13Z,57.0,Charge 6
2025-11-12T08:58:16Z,57.0,Charge 6
2025-11-12T08:58:19Z,58.0,Charge 6
2025-11-12T08:58:21Z,58.0,Charge 6
2025-11-12T08:58:23Z,59.0,Charge 6
2025-11-12T08:58:25Z,58.0,Charge 6
2025-11-12T08:58:28Z,58.0,Charge 6
2025-11-12T08:58:31Z,58.0,Charge 6
2025-11-12T08:58:34Z,58.0,Charge 6
2025-11-12T08:58:37Z,58.0,Charge 6
2025-11-12T08:58:40Z,58.0,Charge 6
2025-11-12T08:58:42Z,59.0,Charge 6
2025-11-12T08:58:44Z,60.0,Charge 6
2025-11-12T08:58:47Z,60.0,Charge 6
2025-11-12T08:58:50Z,60.0,Charge 6
2025-11-12T08:58:53Z,60.0,Charge 6
2025-11-12T08:58:56Z,60.0,Charge 6
2025-11-12T08:58:59Z,60.0,Charge 6
2025-11-12T08:59:02Z,60.0,Charge 6
2025-11-12T08:59:05Z,59.0,Charge 6
2025-11-12T08:59:07Z,58.0,Charge 6
2025-11-12T08:59:10Z,58.0,Charge 6
2025-11-12T08:59:13Z,59.0,Charge 6
2025-11-12T08:59:15Z,60.0,Charge 6
2025-11-12T08:59:18Z,60.0,Charge 6
2025-11-12T08:59:20Z,61.0,Charge 6
2025-11-12T08:59:23Z,61.0,Charge 6
2025-11-12T08:59:24Z,60.0,Charge 6
2025-11-12T08:59:26Z,61.0,Charge 6
2025-11-12T08:59:29Z,61.0,Charge 6
2025-11-12T08:59:30Z,60.0,Charge 6
2025-11-12T08:59:33Z,60.0,Charge 6
2025-11-12T08:59:36Z,59.0,Charge 6
2025-11-12T08:59:39Z,59.0,Charge 6
2025-11-12T08:59:40Z,60.0,Charge 6
2025-11-12T08:59:43Z,61.0,Charge 6
2025-11-12T08:59:45Z,62.0,Charge 6
2025-11-12T08:59:48Z,62.0,Charge 6
2025-11-12T08:59:49Z,64.0,Charge 6
2025-11-12T08:59:51Z,65.0,Charge 6
2025-11-12T08:59:54Z,65.0,Charge 6
2025-11-12T08:59:55Z,62.0,Charge 6
2025-11-12T08:59:57Z,60.0,Charge 6
2025-11-12T08:59:59Z,58.0,Charge 6
2025-11-12T09:00:01Z,56.0,Charge 6
2025-11-12T09:00:04Z,56.0,Charge 6
2025-11-12T09:00:07Z,56.0,Charge 6
2025-11-12T09:00:08Z,55.0,Charge 6
2025-11-12T09:00:11Z,55.0,Charge 6
2025-11-12T09:00:14Z,55.0,Charge 6
2025-11-12T09:00:16Z,56.0,Charge 6
2025-11-12T09:00:19Z,56.0,Charge 6
2025-11-12T09:00:22Z,56.0,Charge 6
2025-11-12T09:00:24Z,57.0,Charge 6
2025-11-12T09:00:26Z,58.0,Charge 6
2025-11-12T09:00:29Z,58.0,Charge 6
2025-11-12T09:00:30Z,59.0,Charge 6
2025-11-12T09:00:31Z,60.0,Charge 6
2025-11-12T09:00:33Z,60.0,Charge 6
2025-11-12T09:00:36Z,60.0,Charge 6
2025-11-12T09:00:37Z,61.0,Charge 6
2025-11-12T09:00:39Z,63.0,Charge 6
2025-11-12T09:00:42Z,63.0,Charge 6
2025-11-12T09:00:43Z,65.0,Charge 6
2025-11-12T09:00:45Z,62.0,Charge 6
2025-11-12T09:00:47Z,61.0,Charge 6
2025-11-12T09:00:49Z,59.0,Charge 6
2025-11-12T09:00:52Z,59.0,Charge 6
2025-11-12T09:00:55Z,60.0,Charge 6
2025-11-12T09:00:58Z,60.0,Charge 6
2025-11-12T09:01:00Z,61.0,Charge 6
2025-11-12T09:01:03Z,61.0,Charge 6
2025-11-12T09:01:04Z,60.0,Charge 6
2025-11-12T09:01:07Z,60.0,Charge 6
2025-11-12T09:01:10Z,61.0,Charge 6
2025-11-12T09:01:13Z,61.0,Charge 6
2025-11-12T09:01:16Z,60.0,Charge 6
2025-11-12T09:01:18Z,61.0,Charge 6
2025-11-12T09:01:21Z,61.0,Charge 6
2025-11-12T09:01:24Z,61.0,Charge 6
2025-11-12T09:01:25Z,62.0,Charge 6
2025-11-12T09:01:28Z,62.0,Charge 6
2025-11-12T09:01:31Z,62.0,Charge 6
2025-11-12T09:01:33Z,61.0,Charge 6
2025-11-12T09:01:35Z,61.0,Charge 6
2025-11-12T09:01:37Z,62.0,Charge 6
2025-11-12T09:01:40Z,62.0,Charge 6
2025-11-12T09:01:43Z,62.0,Charge 6
2025-11-12T09:01:46Z,62.0,Charge 6
2025-11-12T09:01:49Z,62.0,Charge 6
2025-11-12T09:01:52Z,62.0,Charge 6
2025-11-12T09:01:55Z,62.0,Charge 6
2025-11-12T09:01:58Z,62.0,Charge 6
2025-11-12T09:02:00Z,60.0,Charge 6
2025-11-12T09:02:03Z,60.0,Charge 6
2025-11-12T09:02:04Z,61.0,Charge 6
2025-11-12T09:02:06Z,62.0,Charge 6
2025-11-12T09:02:07Z,63.0,Charge 6
2025-11-12T09:02:09Z,66.0,Charge 6
2025-11-12T09:02:11Z,68.0,Charge 6
2025-11-12T09:02:13Z,70.0,Charge 6
2025-11-12T09:02:15Z,74.0,Charge 6
2025-11-12T09:02:17Z,71.0,Charge 6
2025-11-12T09:02:19Z,66.0,Charge 6
2025-11-12T09:02:21Z,65.0,Charge 6
2025-11-12T09:02:23Z,63.0,Charge 6
2025-11-12T09:02:25Z,61.0,Charge 6
2025-11-12T09:02:27Z,60.0,Charge 6
2025-11-12T09:02:29Z,59.0,Charge 6
2025-11-12T09:02:32Z,59.0,Charge 6
2025-11-12T09:02:34Z,58.0,Charge 6
2025-11-12T09:02:36Z,57.0,Charge 6
2025-11-12T09:02:39Z,57.0,Charge 6
2025-11-12T09:02:42Z,58.0,Charge 6
2025-11-12T09:02:45Z,58.0,Charge 6
2025-11-12T09:02:46Z,59.0,Charge 6
2025-11-12T09:02:48Z,58.0,Charge 6
2025-11-12T09:02:51Z,58.0,Charge 6
2025-11-12T09:02:54Z,58.0,Charge 6
2025-11-12T09:02:57Z,58.0,Charge 6
2025-11-12T09:03:00Z,58.0,Charge 6
2025-11-12T09:03:03Z,58.0,Charge 6
2025-11-12T09:03:06Z,58.0,Charge 6
2025-11-12T09:03:07Z,59.0,Charge 6
2025-11-12T09:03:09Z,60.0,Charge 6
2025-11-12T09:03:12Z,60.0,Charge 6
2025-11-12T09:03:15Z,60.0,Charge 6
2025-11-12T09:03:18Z,60.0,Charge 6
2025-11-12T09:03:21Z,60.0,Charge 6
2025-11-12T09:03:24Z,61.0,Charge 6
2025-11-12T09:03:27Z,61.0,Charge 6
2025-11-12T09:03:28Z,62.0,Charge 6
2025-11-12T09:03:31Z,62.0,Charge 6
2025-11-12T09:03:34Z,61.0,Charge 6
2025-11-12T09:03:36Z,60.0,Charge 6
2025-11-12T09:03:39Z,60.0,Charge 6
2025-11-12T09:03:42Z,59.0,Charge 6
2025-11-12T09:03:43Z,58.0,Charge 6
2025-11-12T09:03:45Z,58.0,Charge 6
2025-11-12T09:03:48Z,58.0,Charge 6
2025-11-12T09:03:51Z,58.0,Charge 6
2025-11-12T09:03:54Z,58.0,Charge 6
2025-11-12T09:03:55Z,57.0,Charge 6
2025-11-12T09:03:58Z,57.0,Charge 6
2025-11-12T09:03:59Z,58.0,Charge 6
2025-11-12T09:04:02Z,58.0,Charge 6
2025-11-12T09:04:03Z,59.0,Charge 6
2025-11-12T09:04:05Z,58.0,Charge 6
2025-11-12T09:04:08Z,58.0,Charge 6
2025-11-12T09:04:11Z,58.0,Charge 6
2025-11-12T09:04:12Z,59.0,Charge 6
2025-11-12T09:04:15Z,59.0,Charge 6
2025-11-12T09:04:18Z,58.0,Charge 6
2025-11-12T09:04:20Z,60.0,Charge 6
2025-11-12T09:04:23Z,60.0,Charge 6
2025-11-12T09:04:26Z,60.0,Charge 6
2025-11-12T09:04:29Z,60.0,Charge 6
2025-11-12T09:04:31Z,61.0,Charge 6
2025-11-12T09:04:33Z,60.0,Charge 6
2025-11-12T09:04:36Z,60.0,Charge 6
2025-11-12T09:04:39Z,61.0,Charge 6
2025-11-12T09:04:41Z,62.0,Charge 6
2025-11-12T09:04:44Z,62.0,Charge 6
2025-11-12T09:04:45Z,61.0,Charge 6
2025-11-12T09:04:47Z,60.0,Charge 6
2025-11-12T09:04:49Z,58.0,Charge 6
2025-11-12T09:04:52Z,58.0,Charge 6
2025-11-12T09:04:53Z,57.0,Charge 6
2025-11-12T09:04:55Z,56.0,Charge 6
2025-11-12T09:04:58Z,56.0,Charge 6
2025-11-12T09:05:01Z,56.0,Charge 6
2025-11-12T09:05:02Z,55.0,Charge 6
2025-11-12T09:05:05Z,55.0,Charge 6
2025-11-12T09:05:06Z,56.0,Charge 6
2025-11-12T09:05:09Z,56.0,Charge 6
2025-11-12T09:05:10Z,57.0,Charge 6
2025-11-12T09:05:13Z,58.0,Charge 6
2025-11-12T09:05:16Z,58.0,Charge 6
2025-11-12T09:05:19Z,59.0,Charge 6
2025-11-12T09:05:21Z,60.0,Charge 6
2025-11-12T09:05:24Z,60.0,Charge 6
2025-11-12T09:05:26Z,61.0,Charge 6
2025-11-12T09:05:28Z,62.0,Charge 6
2025-11-12T09:05:30Z,64.0,Charge 6
2025-11-12T09:05:32Z,65.0,Charge 6
2025-11-12T09:05:34Z,64.0,Charge 6
2025-11-12T09:05:36Z,63.0,Charge 6
2025-11-12T09:05:38Z,62.0,Charge 6
2025-11-12T09:05:41Z,62.0,Charge 6
2025-11-12T09:05:42Z,60.0,Charge 6
2025-11-12T09:05:45Z,60.0,Charge 6
2025-11-12T09:05:48Z,60.0,Charge 6
2025-11-12T09:05:49Z,60.0,Charge 6
2025-11-12T09:05:51Z,59.0,Charge 6
2025-11-12T09:05:53Z,60.0,Charge 6
2025-11-12T09:05:56Z,60.0,Charge 6
2025-11-12T09:05:59Z,58.0,Charge 6
2025-11-12T09:06:01Z,56.0,Charge 6
2025-11-12T09:06:04Z,56.0,Charge 6
2025-11-12T09:06:05Z,54.0,Charge 6
2025-11-12T09:06:08Z,54.0,Charge 6
2025-11-12T09:06:11Z,54.0,Charge 6
2025-11-12T09:06:14Z,54.0,Charge 6
2025-11-12T09:06:17Z,54.0,Charge 6
2025-11-12T09:06:18Z,55.0,Charge 6
2025-11-12T09:06:20Z,56.0,Charge 6
2025-11-12T09:06:23Z,56.0,Charge 6
2025-11-12T09:06:26Z,56.0,Charge 6
2025-11-12T09:06:29Z,56.0,Charge 6
2025-11-12T09:06:32Z,56.0,Charge 6
2025-11-12T09:06:35Z,56.0,Charge 6
2025-11-12T09:06:38Z,56.0,Charge 6
2025-11-12T09:06:41Z,56.0,Charge 6
2025-11-12T09:06:43Z,57.0,Charge 6
2025-11-12T09:06:45Z,58.0,Charge 6
2025-11-12T09:06:47Z,59.0,Charge 6
2025-11-12T09:06:49Z,60.0,Charge 6
2025-11-12T09:06:52Z,60.0,Charge 6
2025-11-12T09:06:55Z,62.0,Charge 6
2025-11-12T09:06:57Z,61.0,Charge 6
2025-11-12T09:06:58Z,60.0,Charge 6
2025-11-12T09:07:00Z,59.0,Charge 6
2025-11-12T09:07:03Z,59.0,Charge 6
2025-11-12T09:07:06Z,60.0,Charge 6
2025-11-12T09:07:09Z,60.0,Charge 6
2025-11-12T09:07:12Z,60.0,Charge 6
2025-11-12T09:07:15Z,60.0,Charge 6
2025-11-12T09:07:16Z,60.0,Charge 6
2025-11-12T09:07:19Z,60.0,Charge 6
2025-11-12T09:07:20Z,62.0,Charge 6
2025-11-12T09:07:22Z,67.0,Charge 6
2025-11-12T09:07:23Z,75.0,Charge 6
2025-11-12T09:07:25Z,78.0,Charge 6
2025-11-12T09:07:28Z,78.0,Charge 6
2025-11-12T09:07:29Z,79.0,Charge 6
2025-11-12T09:07:31Z,77.0,Charge 6
2025-11-12T09:07:33Z,78.0,Charge 6
2025-11-12T09:07:35Z,78.0,Charge 6
2025-11-12T09:07:37Z,77.0,Charge 6
2025-11-12T09:07:39Z,75.0,Charge 6
2025-11-12T09:07:41Z,71.0,Charge 6
2025-11-12T09:07:43Z,68.0,Charge 6
2025-11-12T09:07:45Z,64.0,Charge 6
2025-11-12T09:07:46Z,62.0,Charge 6
2025-11-12T09:07:48Z,60.0,Charge 6
2025-11-12T09:07:50Z,58.0,Charge 6
2025-11-12T09:07:52Z,57.0,Charge 6
2025-11-12T09:07:54Z,56.0,Charge 6
2025-11-12T09:07:56Z,55.0,Charge 6
2025-11-12T09:07:58Z,54.0,Charge 6
2025-11-12T09:08:01Z,54.0,Charge 6
2025-11-12T09:08:02Z,53.0,Charge 6
2025-11-12T09:08:05Z,53.0,Charge 6
2025-11-12T09:08:06Z,54.0,Charge 6
2025-11-12T09:08:09Z,54.0,Charge 6
2025-11-12T09:08:12Z,54.0,Charge 6
2025-11-12T09:08:15Z,54.0,Charge 6
2025-11-12T09:08:17Z,57.0,Charge 6
2025-11-12T09:08:19Z,58.0,Charge 6
2025-11-12T09:08:21Z,56.0,Charge 6
2025-11-12T09:08:23Z,55.0,Charge 6
2025-11-12T09:08:25Z,54.0,Charge 6
2025-11-12T09:08:27Z,52.0,Charge 6
2025-11-12T09:08:29Z,51.0,Charge 6
2025-11-12T09:08:31Z,52.0,Charge 6
2025-11-12T09:08:34Z,52.0,Charge 6
2025-11-12T09:08:37Z,52.0,Charge 6
2025-11-12T09:08:40Z,51.0,Charge 6
2025-11-12T09:08:42Z,52.0,Charge 6
2025-11-12T09:08:45Z,52.0,Charge 6
2025-11-12T09:08:48Z,52.0,Charge 6
2025-11-12T09:08:51Z,52.0,Charge 6
2025-11-12T09:08:52Z,52.0,Charge 6
2025-11-12T09:08:54Z,53.0,Charge 6
2025-11-12T09:08:57Z,53.0,Charge 6
2025-11-12T09:08:58Z,54.0,Charge 6
2025-11-12T09:09:01Z,54.0,Charge 6
2025-11-12T09:09:03Z,53.0,Charge 6
2025-11-12T09:09:06Z,53.0,Charge 6
2025-11-12T09:09:07Z,54.0,Charge 6
2025-11-12T09:09:10Z,54.0,Charge 6
2025-11-12T09:09:13Z,54.0,Charge 6
2025-11-12T09:09:16Z,54.0,Charge 6
2025-11-12T09:09:19Z,54.0,Charge 6
2025-11-12T09:09:21Z,53.0,Charge 6
2025-11-12T09:09:24Z,52.0,Charge 6
2025-11-12T09:09:27Z,52.0,Charge 6
2025-11-12T09:09:30Z,52.0,Charge 6
2025-11-12T09:09:33Z,52.0,Charge 6
2025-11-12T09:09:36Z,53.0,Charge 6
2025-11-12T09:09:38Z,54.0,Charge 6
2025-11-12T09:09:41Z,54.0,Charge 6
2025-11-12T09:09:44Z,54.0,Charge 6
2025-11-12T09:09:47Z,54.0,Charge 6
2025-11-12T09:09:50Z,54.0,Charge 6
2025-11-12T09:09:53Z,54.0,Charge 6
2025-11-12T09:09:56Z,54.0,Charge 6
2025-11-12T09:09:59Z,54.0,Charge 6
2025-11-12T09:10:01Z,54.0,Charge 6
2025-11-12T09:10:03Z,57.0,Charge 6
2025-11-12T09:10:05Z,60.0,Charge 6
2025-11-12T09:10:07Z,62.0,Charge 6
2025-11-12T09:10:10Z,62.0,Charge 6
2025-11-12T09:10:12Z,64.0,Charge 6
2025-11-12T09:10:14Z,65.0,Charge 6
2025-11-12T09:10:16Z,67.0,Charge 6
2025-11-12T09:10:19Z,67.0,Charge 6
2025-11-12T09:10:22Z,65.0,Charge 6
2025-11-12T09:10:24Z,66.0,Charge 6
2025-11-12T09:10:26Z,68.0,Charge 6
2025-11-12T09:10:28Z,67.0,Charge 6
2025-11-12T09:10:30Z,72.0,Charge 6
2025-11-12T09:10:32Z,82.0,Charge 6
2025-11-12T09:10:34Z,68.0,Charge 6
2025-11-12T09:10:35Z,64.0,Charge 6
2025-11-12T09:10:37Z,66.0,Charge 6
2025-11-12T09:10:39Z,72.0,Charge 6
2025-11-12T09:10:41Z,64.0,Charge 6
2025-11-12T09:10:43Z,58.0,Charge 6
2025-11-12T09:10:45Z,57.0,Charge 6
2025-11-12T09:10:47Z,56.0,Charge 6
2025-11-12T09:10:49Z,54.0,Charge 6
2025-11-12T09:10:51Z,56.0,Charge 6
2025-11-12T09:10:53Z,55.0,Charge 6
2025-11-12T09:10:55Z,54.0,Charge 6
2025-11-12T09:10:57Z,55.0,Charge 6
2025-11-12T09:11:00Z,55.0,Charge 6
2025-11-12T09:11:03Z,55.0,Charge 6
2025-11-12T09:11:04Z,54.0,Charge 6
2025-11-12T09:11:06Z,53.0,Charge 6
2025-11-12T09:11:08Z,54.0,Charge 6
2025-11-12T09:11:10Z,52.0,Charge 6
2025-11-12T09:11:12Z,53.0,Charge 6
2025-11-12T09:11:15Z,53.0,Charge 6
2025-11-12T09:11:16Z,52.0,Charge 6
2025-11-12T09:11:19Z,52.0,Charge 6
2025-11-12T09:11:22Z,52.0,Charge 6
2025-11-12T09:11:23Z,51.0,Charge 6
2025-11-12T09:11:25Z,52.0,Charge 6
2025-11-12T09:11:27Z,51.0,Charge 6
2025-11-12T09:11:30Z,51.0,Charge 6
2025-11-12T09:11:31Z,52.0,Charge 6
2025-11-12T09:11:33Z,51.0,Charge 6
2025-11-12T09:11:35Z,52.0,Charge 6
2025-11-12T09:11:38Z,52.0,Charge 6
2025-11-12T09:11:39Z,53.0,Charge 6
2025-11-12T09:11:41Z,54.0,Charge 6
2025-11-12T09:11:43Z,54.0,Charge 6
2025-11-12T09:11:45Z,53.0,Charge 6
2025-11-12T09:11:46Z,54.0,Charge 6
2025-11-12T09:11:49Z,54.0,Charge 6
2025-11-12T09:11:50Z,53.0,Charge 6
2025-11-12T09:11:53Z,53.0,Charge 6
2025-11-12T09:11:56Z,52.0,Charge 6
2025-11-12T09:11:58Z,53.0,Charge 6
2025-11-12T09:12:01Z,53.0,Charge 6
2025-11-12T09:12:04Z,53.0,Charge 6
2025-11-12T09:12:06Z,54.0,Charge 6
2025-11-12T09:12:08Z,60.0,Charge 6
2025-11-12T09:12:10Z,65.0,Charge 6
2025-11-12T09:12:11Z,69.0,Charge 6
2025-11-12T09:12:13Z,72.0,Charge 6
2025-11-12T09:12:15Z,70.0,Charge 6
2025-11-12T09:12:17Z,66.0,Charge 6
2025-11-12T09:12:19Z,60.0,Charge 6
2025-11-12T09:12:21Z,59.0,Charge 6
2025-11-12T09:12:24Z,59.0,Charge 6
2025-11-12T09:12:27Z,58.0,Charge 6
2025-11-12T09:12:29Z,57.0,Charge 6
2025-11-12T09:12:31Z,55.0,Charge 6
2025-11-12T09:12:33Z,54.0,Charge 6
2025-11-12T09:12:36Z,53.0,Charge 6
2025-11-12T09:12:39Z,53.0,Charge 6
2025-11-12T09:12:40Z,54.0,Charge 6
2025-11-12T09:12:43Z,54.0,Charge 6
2025-11-12T09:12:46Z,54.0,Charge 6
2025-11-12T09:12:49Z,54.0,Charge 6
2025-11-12T09:12:52Z,54.0,Charge 6
2025-11-12T09:12:54Z,54.0,Charge 6
2025-11-12T09:12:57Z,54.0,Charge 6
2025-11-12T09:12:59Z,55.0,Charge 6
2025-11-12T09:13:01Z,54.0,Charge 6
2025-11-12T09:13:04Z,54.0,Charge 6
2025-11-12T09:13:07Z,54.0,Charge 6
2025-11-12T09:13:10Z,54.0,Charge 6
2025-11-12T09:13:13Z,55.0,Charge 6
2025-11-12T09:13:15Z,56.0,Charge 6
2025-11-12T09:13:18Z,56.0,Charge 6
2025-11-12T09:13:21Z,56.0,Charge 6
2025-11-12T09:13:24Z,55.0,Charge 6
2025-11-12T09:13:26Z,54.0,Charge 6
2025-11-12T09:13:29Z,54.0,Charge 6
2025-11-12T09:13:32Z,54.0,Charge 6
2025-11-12T09:13:34Z,53.0,Charge 6
2025-11-12T09:13:37Z,53.0,Charge 6
2025-11-12T09:13:40Z,53.0,Charge 6
2025-11-12T09:13:42Z,52.0,Charge 6
2025-11-12T09:13:44Z,53.0,Charge 6
2025-11-12T09:13:47Z,54.0,Charge 6
2025-11-12T09:13:50Z,54.0,Charge 6
2025-11-12T09:13:53Z,54.0,Charge 6
2025-11-12T09:13:56Z,54.0,Charge 6
2025-11-12T09:13:59Z,54.0,Charge 6
2025-11-12T09:14:02Z,54.0,Charge 6
2025-11-12T09:14:05Z,55.0,Charge 6
2025-11-12T09:14:07Z,54.0,Charge 6
2025-11-12T09:14:10Z,54.0,Charge 6
2025-11-12T09:14:13Z,54.0,Charge 6
2025-11-12T09:14:16Z,54.0,Charge 6
2025-11-12T09:14:19Z,54.0,Charge 6
2025-11-12T09:14:22Z,54.0,Charge 6
2025-11-12T09:14:25Z,54.0,Charge 6
2025-11-12T09:14:28Z,54.0,Charge 6
2025-11-12T09:14:31Z,54.0,Charge 6
2025-11-12T09:14:34Z,54.0,Charge 6
2025-11-12T09:14:37Z,54.0,Charge 6
2025-11-12T09:14:40Z,54.0,Charge 6
2025-11-12T09:14:43Z,54.0,Charge 6
2025-11-12T09:14:46Z,54.0,Charge 6
2025-11-12T09:14:49Z,54.0,Charge 6
2025-11-12T09:14:52Z,54.0,Charge 6
2025-11-12T09:14:53Z,53.0,Charge 6
2025-11-12T09:14:56Z,53.0,Charge 6
2025-11-12T09:14:57Z,54.0,Charge 6
2025-11-12T09:15:00Z,54.0,Charge 6
2025-11-12T09:15:02Z,53.0,Charge 6
2025-11-12T09:15:04Z,54.0,Charge 6
2025-11-12T09:15:07Z,54.0,Charge 6
2025-11-12T09:15:10Z,54.0,Charge 6
2025-11-12T09:15:13Z,54.0,Charge 6
2025-11-12T09:15:16Z,54.0,Charge 6
2025-11-12T09:15:19Z,54.0,Charge 6
2025-11-12T09:15:20Z,54.0,Charge 6
2025-11-12T09:15:23Z,54.0,Charge 6
2025-11-12T09:15:26Z,54.0,Charge 6
2025-11-12T09:15:29Z,54.0,Charge 6
2025-11-12T09:15:32Z,54.0,Charge 6
2025-11-12T09:15:35Z,54.0,Charge 6
2025-11-12T09:15:38Z,54.0,Charge 6
2025-11-12T09:15:41Z,53.0,Charge 6
2025-11-12T09:15:43Z,52.0,Charge 6
2025-11-12T09:15:46Z,52.0,Charge 6
2025-11-12T09:15:49Z,52.0,Charge 6
2025-11-12T09:15:52Z,52.0,Charge 6
2025-11-12T09:15:55Z,52.0,Charge 6
2025-11-12T09:15:58Z,52.0,Charge 6
2025-11-12T09:16:01Z,52.0,Charge 6
2025-11-12T09:16:04Z,52.0,Charge 6
2025-11-12T09:16:07Z,52.0,Charge 6
2025-11-12T09:16:10Z,52.0,Charge 6
2025-11-12T09:16:13Z,53.0,Charge 6
2025-11-12T09:16:16Z,53.0,Charge 6
2025-11-12T09:16:17Z,54.0,Charge 6
2025-11-12T09:16:20Z,54.0,Charge 6
2025-11-12T09:16:23Z,54.0,Charge 6
2025-11-12T09:16:26Z,54.0,Charge 6
2025-11-12T09:16:29Z,54.0,Charge 6
2025-11-12T09:16:32Z,54.0,Charge 6
2025-11-12T09:16:33Z,53.0,Charge 6
2025-11-12T09:16:34Z,53.0,Charge 6
2025-11-12T09:16:36Z,52.0,Charge 6
2025-11-12T09:16:39Z,52.0,Charge 6
2025-11-12T09:16:42Z,52.0,Charge 6
2025-11-12T09:16:45Z,52.0,Charge 6
2025-11-12T09:16:48Z,52.0,Charge 6
2025-11-12T09:16:51Z,52.0,Charge 6
2025-11-12T09:16:54Z,52.0,Charge 6
2025-11-12T09:16:57Z,52.0,Charge 6
2025-11-12T09:17:00Z,52.0,Charge 6
2025-11-12T09:17:01Z,53.0,Charge 6
2025-11-12T09:17:03Z,54.0,Charge 6
2025-11-12T09:17:06Z,54.0,Charge 6
2025-11-12T09:17:09Z,54.0,Charge 6
2025-11-12T09:17:12Z,54.0,Charge 6
2025-11-12T09:17:15Z,54.0,Charge 6
2025-11-12T09:17:18Z,54.0,Charge 6
2025-11-12T09:17:21Z,54.0,Charge 6
2025-11-12T09:17:24Z,54.0,Charge 6
2025-11-12T09:17:27Z,54.0,Charge 6
2025-11-12T09:17:28Z,53.0,Charge 6
2025-11-12T09:17:31Z,53.0,Charge 6
2025-11-12T09:17:32Z,52.0,Charge 6
2025-11-12T09:17:35Z,52.0,Charge 6
2025-11-12T09:17:38Z,52.0,Charge 6
2025-11-12T09:17:41Z,52.0,Charge 6
2025-11-12T09:17:42Z,53.0,Charge 6
2025-11-12T09:17:44Z,53.0,Charge 6
2025-11-12T09:17:47Z,53.0,Charge 6
2025-11-12T09:17:50Z,53.0,Charge 6
2025-11-12T09:17:53Z,54.0,Charge 6
2025-11-12T09:17:55Z,53.0,Charge 6
2025-11-12T09:17:58Z,53.0,Charge 6
2025-11-12T09:18:01Z,52.0,Charge 6
2025-11-12T09:18:04Z,52.0,Charge 6
2025-11-12T09:18:07Z,52.0,Charge 6
2025-11-12T09:18:10Z,52.0,Charge 6
2025-11-12T09:18:13Z,52.0,Charge 6
2025-11-12T09:18:16Z,52.0,Charge 6
2025-11-12T09:18:19Z,52.0,Charge 6
2025-11-12T09:18:20Z,53.0,Charge 6
2025-11-12T09:18:23Z,53.0,Charge 6
2025-11-12T09:18:24Z,54.0,Charge 6
2025-11-12T09:18:27Z,54.0,Charge 6
2025-11-12T09:18:30Z,54.0,Charge 6
2025-11-12T09:18:33Z,54.0,Charge 6
2025-11-12T09:18:34Z,53.0,Charge 6
2025-11-12T09:18:35Z,54.0,Charge 6
2025-11-12T09:18:38Z,54.0,Charge 6
2025-11-12T09:18:41Z,54.0,Charge 6
2025-11-12T09:18:44Z,54.0,Charge 6
2025-11-12T09:18:47Z,53.0,Charge 6
2025-11-12T09:18:49Z,52.0,Charge 6
2025-11-12T09:18:52Z,52.0,Charge 6
2025-11-12T09:18:53Z,52.0,Charge 6
2025-11-12T09:18:56Z,52.0,Charge 6
2025-11-12T09:18:59Z,52.0,Charge 6
2025-11-12T09:19:02Z,52.0,Charge 6
2025-11-12T09:19:05Z,52.0,Charge 6
2025-11-12T09:19:08Z,51.0,Charge 6
2025-11-12T09:19:10Z,52.0,Charge 6
2025-11-12T09:19:13Z,52.0,Charge 6
2025-11-12T09:19:16Z,52.0,Charge 6
2025-11-12T09:19:19Z,52.0,Charge 6
2025-11-12T09:19:22Z,52.0,Charge 6
2025-11-12T09:19:25Z,52.0,Charge 6
2025-11-12T09:19:28Z,52.0,Charge 6
2025-11-12T09:19:31Z,52.0,Charge 6
2025-11-12T09:19:34Z,52.0,Charge 6
2025-11-12T09:19:37Z,52.0,Charge 6
2025-11-12T09:19:39Z,53.0,Charge 6
2025-11-12T09:19:42Z,53.0,Charge 6
2025-11-12T09:19:43Z,54.0,Charge 6
2025-11-12T09:19:46Z,54.0,Charge 6
2025-11-12T09:19:49Z,54.0,Charge 6
2025-11-12T09:19:50Z,55.0,Charge 6
2025-11-12T09:19:52Z,54.0,Charge 6
2025-11-12T09:19:55Z,54.0,Charge 6
2025-11-12T09:19:58Z,54.0,Charge 6
2025-11-12T09:20:01Z,54.0,Charge 6
2025-11-12T09:20:04Z,54.0,Charge 6
2025-11-12T09:20:06Z,54.0,Charge 6
2025-11-12T09:20:08Z,53.0,Charge 6
2025-11-12T09:20:10Z,52.0,Charge 6
2025-11-12T09:20:13Z,52.0,Charge 6
2025-11-12T09:20:16Z,52.0,Charge 6
2025-11-12T09:20:17Z,51.0,Charge 6
2025-11-12T09:20:20Z,51.0,Charge 6
2025-11-12T09:20:23Z,52.0,Charge 6
2025-11-12T09:20:25Z,53.0,Charge 6
2025-11-12T09:20:27Z,54.0,Charge 6
2025-11-12T09:20:29Z,52.0,Charge 6
2025-11-12T09:20:31Z,51.0,Charge 6
2025-11-12T09:20:33Z,50.0,Charge 6
2025-11-12T09:20:36Z,50.0,Charge 6
2025-11-12T09:20:39Z,52.0,Charge 6
2025-11-12T09:20:41Z,55.0,Charge 6
2025-11-12T09:20:43Z,57.0,Charge 6
2025-11-12T09:20:44Z,59.0,Charge 6
2025-11-12T09:20:46Z,60.0,Charge 6
2025-11-12T09:20:48Z,59.0,Charge 6
2025-11-12T09:20:50Z,60.0,Charge 6
2025-11-12T09:20:52Z,58.0,Charge 6
2025-11-12T09:20:54Z,55.0,Charge 6
2025-11-12T09:20:56Z,54.0,Charge 6
2025-11-12T09:20:58Z,53.0,Charge 6
2025-11-12T09:21:00Z,52.0,Charge 6
2025-11-12T09:21:02Z,51.0,Charge 6
2025-11-12T09:21:04Z,51.0,Charge 6
2025-11-12T09:21:06Z,50.0,Charge 6
2025-11-12T09:21:07Z,51.0,Charge 6
2025-11-12T09:21:10Z,51.0,Charge 6
2025-11-12T09:21:11Z,50.0,Charge 6
2025-11-12T09:21:13Z,51.0,Charge 6
2025-11-12T09:21:16Z,51.0,Charge 6
2025-11-12T09:21:19Z,52.0,Charge 6
2025-11-12T09:21:22Z,52.0,Charge 6
2025-11-12T09:21:25Z,52.0,Charge 6
2025-11-12T09:21:28Z,52.0,Charge 6
2025-11-12T09:21:31Z,52.0,Charge 6
2025-11-12T09:21:34Z,52.0,Charge 6
2025-11-12T09:21:36Z,53.0,Charge 6
2025-11-12T09:21:39Z,53.0,Charge 6
2025-11-12T09:21:42Z,52.0,Charge 6
2025-11-12T09:21:45Z,52.0,Charge 6
2025-11-12T09:21:48Z,52.0,Charge 6
2025-11-12T09:21:51Z,52.0,Charge 6
2025-11-12T09:21:52Z,51.0,Charge 6
2025-11-12T09:21:55Z,51.0,Charge 6
2025-11-12T09:21:57Z,50.0,Charge 6
2025-11-12T09:22:00Z,50.0,Charge 6
2025-11-12T09:22:03Z,50.0,Charge 6
2025-11-12T09:22:05Z,51.0,Charge 6
2025-11-12T09:22:08Z,51.0,Charge 6
2025-11-12T09:22:11Z,51.0,Charge 6
2025-11-12T09:22:13Z,51.0,Charge 6
2025-11-12T09:22:16Z,51.0,Charge 6
2025-11-12T09:22:19Z,51.0,Charge 6
2025-11-12T09:22:20Z,50.0,Charge 6
2025-11-12T09:22:23Z,50.0,Charge 6
2025-11-12T09:22:24Z,51.0,Charge 6
2025-11-12T09:22:27Z,51.0,Charge 6
2025-11-12T09:22:30Z,51.0,Charge 6
2025-11-12T09:22:33Z,51.0,Charge 6
2025-11-12T09:22:36Z,51.0,Charge 6
2025-11-12T09:22:39Z,51.0,Charge 6
2025-11-12T09:22:42Z,51.0,Charge 6
2025-11-12T09:22:45Z,52.0,Charge 6
2025-11-12T09:22:48Z,52.0,Charge 6
2025-11-12T09:22:51Z,52.0,Charge 6
2025-11-12T09:22:54Z,52.0,Charge 6
2025-11-12T09:22:55Z,51.0,Charge 6
2025-11-12T09:22:57Z,50.0,Charge 6
2025-11-12T09:23:00Z,50.0,Charge 6
2025-11-12T09:23:03Z,50.0,Charge 6
2025-11-12T09:23:06Z,50.0,Charge 6
2025-11-12T09:23:08Z,49.0,Charge 6
2025-11-12T09:23:11Z,49.0,Charge 6
2025-11-12T09:23:14Z,50.0,Charge 6
2025-11-12T09:23:17Z,50.0,Charge 6
2025-11-12T09:23:20Z,50.0,Charge 6
2025-11-12T09:23:23Z,50.0,Charge 6
2025-11-12T09:23:24Z,50.0,Charge 6
2025-11-12T09:23:26Z,51.0,Charge 6
2025-11-12T09:23:28Z,52.0,Charge 6
2025-11-12T09:23:31Z,52.0,Charge 6
2025-11-12T09:23:34Z,52.0,Charge 6
2025-11-12T09:23:37Z,52.0,Charge 6
2025-11-12T09:23:40Z,52.0,Charge 6
2025-11-12T09:23:43Z,51.0,Charge 6
2025-11-12T09:23:46Z,51.0,Charge 6
2025-11-12T09:23:49Z,50.0,Charge 6
2025-11-12T09:23:51Z,51.0,Charge 6
2025-11-12T09:23:54Z,51.0,Charge 6
2025-11-12T09:23:57Z,51.0,Charge 6
2025-11-12T09:23:58Z,52.0,Charge 6
2025-11-12T09:24:01Z,52.0,Charge 6
2025-11-12T09:24:04Z,51.0,Charge 6
2025-11-12T09:24:07Z,51.0,Charge 6
2025-11-12T09:24:08Z,52.0,Charge 6
2025-11-12T09:24:11Z,52.0,Charge 6
2025-11-12T09:24:14Z,52.0,Charge 6
2025-11-12T09:24:17Z,52.0,Charge 6
2025-11-12T09:24:19Z,51.0,Charge 6
2025-11-12T09:24:22Z,51.0,Charge 6
2025-11-12T09:24:23Z,52.0,Charge 6
2025-11-12T09:24:26Z,52.0,Charge 6
2025-11-12T09:24:29Z,52.0,Charge 6
2025-11-12T09:24:32Z,52.0,Charge 6
2025-11-12T09:24:33Z,52.0,Charge 6
2025-11-12T09:24:36Z,52.0,Charge 6
2025-11-12T09:24:39Z,52.0,Charge 6
2025-11-12T09:24:42Z,52.0,Charge 6
2025-11-12T09:24:45Z,52.0,Charge 6
2025-11-12T09:24:46Z,51.0,Charge 6
2025-11-12T09:24:49Z,51.0,Charge 6
2025-11-12T09:24:52Z,50.0,Charge 6
2025-11-12T09:24:55Z,50.0,Charge 6
2025-11-12T09:24:58Z,50.0,Charge 6
2025-11-12T09:25:01Z,50.0,Charge 6
2025-11-12T09:25:04Z,49.0,Charge 6
2025-11-12T09:25:07Z,49.0,Charge 6
2025-11-12T09:25:10Z,49.0,Charge 6
2025-11-12T09:25:11Z,50.0,Charge 6
2025-11-12T09:25:14Z,50.0,Charge 6
2025-11-12T09:25:17Z,51.0,Charge 6
2025-11-12T09:25:19Z,52.0,Charge 6
2025-11-12T09:25:22Z,52.0,Charge 6
2025-11-12T09:25:25Z,51.0,Charge 6
2025-11-12T09:25:28Z,51.0,Charge 6
2025-11-12T09:25:31Z,50.0,Charge 6
2025-11-12T09:25:34Z,50.0,Charge 6
2025-11-12T09:25:37Z,50.0,Charge 6
2025-11-12T09:25:40Z,51.0,Charge 6
2025-11-12T09:25:43Z,51.0,Charge 6
2025-11-12T09:25:46Z,51.0,Charge 6
2025-11-12T09:25:48Z,51.0,Charge 6
2025-11-12T09:25:51Z,51.0,Charge 6
2025-11-12T09:25:52Z,50.0,Charge 6
2025-11-12T09:25:55Z,50.0,Charge 6
2025-11-12T09:25:57Z,51.0,Charge 6
2025-11-12T09:26:00Z,51.0,Charge 6
2025-11-12T09:26:03Z,51.0,Charge 6
2025-11-12T09:26:05Z,50.0,Charge 6
2025-11-12T09:26:08Z,50.0,Charge 6
2025-11-12T09:26:11Z,50.0,Charge 6
2025-11-12T09:26:14Z,50.0,Charge 6
2025-11-12T09:26:17Z,50.0,Charge 6
2025-11-12T09:26:20Z,50.0,Charge 6
2025-11-12T09:26:23Z,50.0,Charge 6
2025-11-12T09:26:26Z,50.0,Charge 6
2025-11-12T09:26:29Z,50.0,Charge 6
2025-11-12T09:26:32Z,50.0,Charge 6
2025-11-12T09:26:35Z,50.0,Charge 6
2025-11-12T09:26:38Z,50.0,Charge 6
2025-11-12T09:26:40Z,51.0,Charge 6
2025-11-12T09:26:43Z,51.0,Charge 6
2025-11-12T09:26:46Z,51.0,Charge 6
2025-11-12T09:26:49Z,51.0,Charge 6
2025-11-12T09:26:51Z,50.0,Charge 6
2025-11-12T09:26:54Z,50.0,Charge 6
2025-11-12T09:26:57Z,51.0,Charge 6
2025-11-12T09:27:00Z,51.0,Charge 6
2025-11-12T09:27:01Z,51.0,Charge 6
2025-11-12T09:27:03Z,52.0,Charge 6
2025-11-12T09:27:06Z,52.0,Charge 6
2025-11-12T09:27:09Z,52.0,Charge 6
2025-11-12T09:27:12Z,51.0,Charge 6
2025-11-12T09:27:15Z,51.0,Charge 6
2025-11-12T09:27:16Z,50.0,Charge 6
2025-11-12T09:27:19Z,50.0,Charge 6
2025-11-12T09:27:20Z,51.0,Charge 6
2025-11-12T09:27:23Z,51.0,Charge 6
2025-11-12T09:27:26Z,51.0,Charge 6
2025-11-12T09:27:29Z,51.0,Charge 6
2025-11-12T09:27:31Z,52.0,Charge 6
2025-11-12T09:27:34Z,52.0,Charge 6
2025-11-12T09:27:37Z,52.0,Charge 6
2025-11-12T09:27:39Z,51.0,Charge 6
2025-11-12T09:27:41Z,50.0,Charge 6
2025-11-12T09:27:44Z,50.0,Charge 6
2025-11-12T09:27:47Z,50.0,Charge 6
2025-11-12T09:27:50Z,50.0,Charge 6
2025-11-12T09:27:53Z,50.0,Charge 6
2025-11-12T09:27:56Z,50.0,Charge 6
2025-11-12T09:27:59Z,50.0,Charge 6
2025-11-12T09:28:02Z,51.0,Charge 6
2025-11-12T09:28:05Z,51.0,Charge 6
2025-11-12T09:28:06Z,50.0,Charge 6
2025-11-12T09:28:09Z,50.0,Charge 6
2025-11-12T09:28:10Z,50.0,Charge 6
2025-11-12T09:28:13Z,50.0,Charge 6
2025-11-12T09:28:16Z,50.0,Charge 6
2025-11-12T09:28:19Z,50.0,Charge 6
2025-11-12T09:28:22Z,50.0,Charge 6
2025-11-12T09:28:25Z,50.0,Charge 6
2025-11-12T09:28:28Z,50.0,Charge 6
2025-11-12T09:28:31Z,50.0,Charge 6
2025-11-12T09:28:34Z,50.0,Charge 6
2025-11-12T09:28:35Z,51.0,Charge 6
2025-11-12T09:28:38Z,51.0,Charge 6
2025-11-12T09:28:39Z,52.0,Charge 6
2025-11-12T09:28:42Z,52.0,Charge 6
2025-11-12T09:28:45Z,52.0,Charge 6
2025-11-12T09:28:48Z,52.0,Charge 6
2025-11-12T09:28:51Z,52.0,Charge 6
2025-11-12T09:28:54Z,52.0,Charge 6
2025-11-12T09:28:57Z,52.0,Charge 6
2025-11-12T09:29:00Z,52.0,Charge 6
2025-11-12T09:29:03Z,52.0,Charge 6
2025-11-12T09:29:06Z,52.0,Charge 6
2025-11-12T09:29:09Z,52.0,Charge 6
2025-11-12T09:29:12Z,52.0,Charge 6
2025-11-12T09:29:15Z,52.0,Charge 6
2025-11-12T09:29:18Z,52.0,Charge 6
2025-11-12T09:29:21Z,52.0,Charge 6
2025-11-12T09:29:24Z,52.0,Charge 6
2025-11-12T09:29:25Z,52.0,Charge 6
2025-11-12T09:29:28Z,52.0,Charge 6
2025-11-12T09:29:31Z,52.0,Charge 6
2025-11-12T09:29:32Z,51.0,Charge 6
2025-11-12T09:29:35Z,51.0,Charge 6
2025-11-12T09:29:38Z,51.0,Charge 6
2025-11-12T09:29:41Z,51.0,Charge 6
2025-11-12T09:29:42Z,52.0,Charge 6
2025-11-12T09:29:45Z,52.0,Charge 6
2025-11-12T09:29:48Z,52.0,Charge 6
2025-11-12T09:29:51Z,52.0,Charge 6
2025-11-12T09:29:54Z,52.0,Charge 6
2025-11-12T09:29:55Z,53.0,Charge 6
2025-11-12T09:29:58Z,53.0,Charge 6
2025-11-12T09:30:01Z,52.0,Charge 6
2025-11-12T09:30:04Z,52.0,Charge 6
2025-11-12T09:30:07Z,52.0,Charge 6
2025-11-12T09:30:10Z,52.0,Charge 6
2025-11-12T09:30:13Z,51.0,Charge 6
2025-11-12T09:30:16Z,51.0,Charge 6
2025-11-12T09:30:17Z,52.0,Charge 6
2025-11-12T09:30:20Z,52.0,Charge 6
2025-11-12T09:30:23Z,52.0,Charge 6
2025-11-12T09:30:24Z,53.0,Charge 6
2025-11-12T09:30:27Z,53.0,Charge 6
2025-11-12T09:30:28Z,52.0,Charge 6
2025-11-12T09:30:31Z,52.0,Charge 6
2025-11-12T09:30:32Z,52.0,Charge 6
2025-11-12T09:30:35Z,52.0,Charge 6
2025-11-12T09:30:36Z,51.0,Charge 6
2025-11-12T09:30:39Z,51.0,Charge 6
2025-11-12T09:30:42Z,51.0,Charge 6
2025-11-12T09:30:43Z,52.0,Charge 6
2025-11-12T09:30:46Z,52.0,Charge 6
2025-11-12T09:30:49Z,52.0,Charge 6
2025-11-12T09:30:52Z,52.0,Charge 6
2025-11-12T09:30:55Z,51.0,Charge 6
2025-11-12T09:30:58Z,51.0,Charge 6
2025-11-12T09:31:01Z,52.0,Charge 6
2025-11-12T09:31:04Z,52.0,Charge 6
2025-11-12T09:31:07Z,52.0,Charge 6
2025-11-12T09:31:10Z,51.0,Charge 6
2025-11-12T09:31:12Z,50.0,Charge 6
2025-11-12T09:31:15Z,50.0,Charge 6
2025-11-12T09:31:18Z,50.0,Charge 6
2025-11-12T09:31:21Z,50.0,Charge 6
2025-11-12T09:31:24Z,50.0,Charge 6
2025-11-12T09:31:27Z,50.0,Charge 6
2025-11-12T09:31:28Z,51.0,Charge 6
2025-11-12T09:31:31Z,52.0,Charge 6
2025-11-12T09:31:34Z,52.0,Charge 6
2025-11-12T09:31:37Z,52.0,Charge 6
2025-11-12T09:31:40Z,52.0,Charge 6
2025-11-12T09:31:43Z,52.0,Charge 6
2025-11-12T09:31:45Z,51.0,Charge 6
2025-11-12T09:31:48Z,51.0,Charge 6
2025-11-12T09:31:51Z,50.0,Charge 6
2025-11-12T09:31:54Z,50.0,Charge 6
2025-11-12T09:31:57Z,50.0,Charge 6
2025-11-12T09:32:00Z,50.0,Charge 6
2025-11-12T09:32:03Z,50.0,Charge 6
2025-11-12T09:32:06Z,50.0,Charge 6
2025-11-12T09:32:09Z,50.0,Charge 6
2025-11-12T09:32:12Z,50.0,Charge 6
2025-11-12T09:32:15Z,50.0,Charge 6
2025-11-12T09:32:18Z,50.0,Charge 6
2025-11-12T09:32:21Z,50.0,Charge 6
2025-11-12T09:32:24Z,50.0,Charge 6
2025-11-12T09:32:27Z,51.0,Charge 6
2025-11-12T09:32:29Z,52.0,Charge 6
2025-11-12T09:32:32Z,52.0,Charge 6
2025-11-12T09:32:35Z,52.0,Charge 6
2025-11-12T09:32:38Z,52.0,Charge 6
2025-11-12T09:32:41Z,52.0,Charge 6
2025-11-12T09:32:44Z,52.0,Charge 6
2025-11-12T09:32:47Z,52.0,Charge 6
2025-11-12T09:32:50Z,51.0,Charge 6
2025-11-12T09:32:53Z,51.0,Charge 6
2025-11-12T09:32:54Z,50.0,Charge 6
2025-11-12T09:32:57Z,50.0,Charge 6
2025-11-12T09:33:00Z,50.0,Charge 6
2025-11-12T09:33:02Z,50.0,Charge 6
2025-11-12T09:33:05Z,50.0,Charge 6
2025-11-12T09:33:06Z,51.0,Charge 6
2025-11-12T09:33:09Z,52.0,Charge 6
2025-11-12T09:33:12Z,52.0,Charge 6
2025-11-12T09:33:15Z,52.0,Charge 6
2025-11-12T09:33:18Z,52.0,Charge 6
2025-11-12T09:33:21Z,52.0,Charge 6
2025-11-12T09:33:23Z,51.0,Charge 6
2025-11-12T09:33:26Z,51.0,Charge 6
2025-11-12T09:33:29Z,51.0,Charge 6
2025-11-12T09:33:32Z,50.0,Charge 6
2025-11-12T09:33:34Z,51.0,Charge 6
2025-11-12T09:33:37Z,51.0,Charge 6
2025-11-12T09:33:40Z,52.0,Charge 6
2025-11-12T09:33:43Z,52.0,Charge 6
2025-11-12T09:33:46Z,52.0,Charge 6
2025-11-12T09:33:48Z,53.0,Charge 6
2025-11-12T09:33:51Z,53.0,Charge 6
2025-11-12T09:33:54Z,53.0,Charge 6
2025-11-12T09:33:55Z,52.0,Charge 6
2025-11-12T09:33:58Z,52.0,Charge 6
2025-11-12T09:34:01Z,52.0,Charge 6
2025-11-12T09:34:04Z,52.0,Charge 6
2025-11-12T09:34:07Z,52.0,Charge 6
2025-11-12T09:34:10Z,52.0,Charge 6
2025-11-12T09:34:13Z,51.0,Charge 6
2025-11-12T09:34:15Z,51.0,Charge 6
2025-11-12T09:34:18Z,51.0,Charge 6
2025-11-12T09:34:21Z,51.0,Charge 6
2025-11-12T09:34:22Z,52.0,Charge 6
2025-11-12T09:34:25Z,52.0,Charge 6
2025-11-12T09:34:28Z,52.0,Charge 6
2025-11-12T09:34:31Z,52.0,Charge 6
2025-11-12T09:34:34Z,52.0,Charge 6
2025-11-12T09:34:37Z,52.0,Charge 6
2025-11-12T09:34:40Z,52.0,Charge 6
2025-11-12T09:34:43Z,52.0,Charge 6
2025-11-12T09:34:46Z,52.0,Charge 6
2025-11-12T09:34:47Z,51.0,Charge 6
2025-11-12T09:34:50Z,51.0,Charge 6
2025-11-12T09:34:53Z,51.0,Charge 6
2025-11-12T09:34:56Z,51.0,Charge 6
2025-11-12T09:34:59Z,50.0,Charge 6
2025-11-12T09:35:02Z,50.0,Charge 6
2025-11-12T09:35:05Z,50.0,Charge 6
2025-11-12T09:35:07Z,49.0,Charge 6
2025-11-12T09:35:10Z,49.0,Charge 6
2025-11-12T09:35:12Z,50.0,Charge 6
2025-11-12T09:35:15Z,50.0,Charge 6
2025-11-12T09:35:18Z,50.0,Charge 6
2025-11-12T09:35:21Z,50.0,Charge 6
2025-11-12T09:35:22Z,51.0,Charge 6
2025-11-12T09:35:25Z,51.0,Charge 6
2025-11-12T09:35:26Z,52.0,Charge 6
2025-11-12T09:35:29Z,52.0,Charge 6
2025-11-12T09:35:32Z,52.0,Charge 6
2025-11-12T09:35:35Z,52.0,Charge 6
2025-11-12T09:35:38Z,52.0,Charge 6
2025-11-12T09:35:41Z,52.0,Charge 6
2025-11-12T09:35:44Z,52.0,Charge 6
2025-11-12T09:35:47Z,52.0,Charge 6
2025-11-12T09:35:50Z,52.0,Charge 6
2025-11-12T09:35:53Z,52.0,Charge 6
2025-11-12T09:35:56Z,52.0,Charge 6
2025-11-12T09:35:59Z,52.0,Charge 6
2025-11-12T09:36:02Z,52.0,Charge 6
2025-11-12T09:36:05Z,52.0,Charge 6
2025-11-12T09:36:08Z,53.0,Charge 6
2025-11-12T09:36:11Z,53.0,Charge 6
2025-11-12T09:36:13Z,52.0,Charge 6
2025-11-12T09:36:16Z,52.0,Charge 6
2025-11-12T09:36:19Z,52.0,Charge 6
2025-11-12T09:36:22Z,52.0,Charge 6
2025-11-12T09:36:25Z,52.0,Charge 6
2025-11-12T09:36:28Z,52.0,Charge 6
2025-11-12T09:36:29Z,51.0,Charge 6
2025-11-12T09:36:32Z,51.0,Charge 6
2025-11-12T09:36:34Z,50.0,Charge 6
2025-11-12T09:36:37Z,50.0,Charge 6
2025-11-12T09:36:40Z,50.0,Charge 6
2025-11-12T09:36:42Z,50.0,Charge 6
2025-11-12T09:36:45Z,50.0,Charge 6
2025-11-12T09:36:48Z,51.0,Charge 6
2025-11-12T09:36:51Z,51.0,Charge 6
2025-11-12T09:36:54Z,52.0,Charge 6
2025-11-12T09:36:57Z,52.0,Charge 6
2025-11-12T09:36:59Z,51.0,Charge 6
2025-11-12T09:37:01Z,50.0,Charge 6
2025-11-12T09:37:04Z,50.0,Charge 6
2025-11-12T09:37:07Z,50.0,Charge 6
2025-11-12T09:37:10Z,50.0,Charge 6
2025-11-12T09:37:13Z,50.0,Charge 6
2025-11-12T09:37:15Z,51.0,Charge 6
2025-11-12T09:37:18Z,51.0,Charge 6
2025-11-12T09:37:21Z,51.0,Charge 6
2025-11-12T09:37:22Z,52.0,Charge 6
2025-11-12T09:37:25Z,52.0,Charge 6
2025-11-12T09:37:28Z,52.0,Charge 6
2025-11-12T09:37:31Z,52.0,Charge 6
2025-11-12T09:37:34Z,52.0,Charge 6
2025-11-12T09:37:36Z,51.0,Charge 6
2025-11-12T09:37:39Z,51.0,Charge 6
2025-11-12T09:37:42Z,51.0,Charge 6
2025-11-12T09:37:44Z,52.0,Charge 6
2025-11-12T09:37:47Z,52.0,Charge 6
2025-11-12T09:37:50Z,52.0,Charge 6
2025-11-12T09:37:53Z,52.0,Charge 6
2025-11-12T09:37:55Z,52.0,Charge 6
2025-11-12T09:37:58Z,52.0,Charge 6
2025-11-12T09:37:59Z,53.0,Charge 6
2025-11-12T09:38:02Z,53.0,Charge 6
2025-11-12T09:38:03Z,52.0,Charge 6
2025-11-12T09:38:06Z,52.0,Charge 6
2025-11-12T09:38:09Z,52.0,Charge 6
2025-11-12T09:38:12Z,52.0,Charge 6
2025-11-12T09:38:15Z,52.0,Charge 6
2025-11-12T09:38:18Z,52.0,Charge 6
2025-11-12T09:38:21Z,52.0,Charge 6
2025-11-12T09:38:24Z,52.0,Charge 6
2025-11-12T09:38:27Z,52.0,Charge 6
2025-11-12T09:38:30Z,52.0,Charge 6
2025-11-12T09:38:33Z,52.0,Charge 6
2025-11-12T09:38:36Z,52.0,Charge 6
2025-11-12T09:38:39Z,52.0,Charge 6
2025-11-12T09:38:42Z,52.0,Charge 6
2025-11-12T09:38:45Z,52.0,Charge 6
2025-11-12T09:38:48Z,52.0,Charge 6
2025-11-12T09:38:51Z,52.0,Charge 6
2025-11-12T09:38:54Z,52.0,Charge 6
2025-11-12T09:38:57Z,51.0,Charge 6
2025-11-12T09:39:00Z,51.0,Charge 6
2025-11-12T09:39:03Z,51.0,Charge 6
2025-11-12T09:39:06Z,50.0,Charge 6
2025-11-12T09:39:09Z,50.0,Charge 6
2025-11-12T09:39:10Z,51.0,Charge 6
2025-11-12T09:39:13Z,51.0,Charge 6
2025-11-12T09:39:16Z,51.0,Charge 6
2025-11-12T09:39:19Z,51.0,Charge 6
2025-11-12T09:39:20Z,52.0,Charge 6
2025-11-12T09:39:23Z,51.0,Charge 6
2025-11-12T09:39:26Z,51.0,Charge 6
2025-11-12T09:39:29Z,52.0,Charge 6
2025-11-12T09:39:32Z,52.0,Charge 6
2025-11-12T09:39:35Z,52.0,Charge 6
2025-11-12T09:39:38Z,52.0,Charge 6
2025-11-12T09:39:41Z,52.0,Charge 6
2025-11-12T09:39:43Z,51.0,Charge 6
2025-11-12T09:39:46Z,50.0,Charge 6
2025-11-12T09:39:49Z,50.0,Charge 6
2025-11-12T09:39:52Z,50.0,Charge 6
2025-11-12T09:39:54Z,51.0,Charge 6
2025-11-12T09:39:56Z,52.0,Charge 6
2025-11-12T09:39:59Z,52.0,Charge 6
2025-11-12T09:40:02Z,52.0,Charge 6
2025-11-12T09:40:05Z,52.0,Charge 6
2025-11-12T09:40:08Z,52.0,Charge 6
2025-11-12T09:40:11Z,52.0,Charge 6
2025-11-12T09:40:14Z,52.0,Charge 6
2025-11-12T09:40:15Z,51.0,Charge 6
2025-11-12T09:40:18Z,51.0,Charge 6
2025-11-12T09:40:21Z,50.0,Charge 6
2025-11-12T09:40:23Z,50.0,Charge 6
2025-11-12T09:40:26Z,50.0,Charge 6
2025-11-12T09:40:29Z,50.0,Charge 6
2025-11-12T09:40:32Z,50.0,Charge 6
2025-11-12T09:40:35Z,50.0,Charge 6
2025-11-12T09:40:38Z,50.0,Charge 6
2025-11-12T09:40:41Z,50.0,Charge 6
2025-11-12T09:40:42Z,51.0,Charge 6
2025-11-12T09:40:45Z,51.0,Charge 6
2025-11-12T09:40:48Z,51.0,Charge 6
2025-11-12T09:40:51Z,51.0,Charge 6
2025-11-12T09:40:54Z,50.0,Charge 6
2025-11-12T09:40:57Z,50.0,Charge 6
2025-11-12T09:41:00Z,50.0,Charge 6
2025-11-12T09:41:03Z,50.0,Charge 6
2025-11-12T09:41:06Z,50.0,Charge 6
2025-11-12T09:41:09Z,50.0,Charge 6
2025-11-12T09:41:12Z,50.0,Charge 6
2025-11-12T09:41:15Z,50.0,Charge 6
2025-11-12T09:41:17Z,51.0,Charge 6
2025-11-12T09:41:20Z,51.0,Charge 6
2025-11-12T09:41:23Z,51.0,Charge 6
2025-11-12T09:41:26Z,51.0,Charge 6
2025-11-12T09:41:29Z,51.0,Charge 6
2025-11-12T09:41:32Z,51.0,Charge 6
2025-11-12T09:41:35Z,51.0,Charge 6
2025-11-12T09:41:38Z,51.0,Charge 6
2025-11-12T09:41:40Z,52.0,Charge 6
2025-11-12T09:41:43Z,52.0,Charge 6
2025-11-12T09:41:46Z,52.0,Charge 6
2025-11-12T09:41:49Z,52.0,Charge 6
2025-11-12T09:41:52Z,52.0,Charge 6
2025-11-12T09:41:55Z,52.0,Charge 6
2025-11-12T09:41:58Z,52.0,Charge 6
2025-11-12T09:42:01Z,52.0,Charge 6
2025-11-12T09:42:04Z,52.0,Charge 6
2025-11-12T09:42:07Z,52.0,Charge 6
2025-11-12T09:42:10Z,52.0,Charge 6
2025-11-12T09:42:13Z,52.0,Charge 6
2025-11-12T09:42:16Z,52.0,Charge 6
2025-11-12T09:42:19Z,52.0,Charge 6
2025-11-12T09:42:22Z,51.0,Charge 6
2025-11-12T09:42:25Z,51.0,Charge 6
2025-11-12T09:42:26Z,50.0,Charge 6
2025-11-12T09:42:29Z,50.0,Charge 6
2025-11-12T09:42:32Z,50.0,Charge 6
2025-11-12T09:42:35Z,50.0,Charge 6
2025-11-12T09:42:38Z,50.0,Charge 6
2025-11-12T09:42:39Z,51.0,Charge 6
2025-11-12T09:42:41Z,50.0,Charge 6
2025-11-12T09:42:44Z,50.0,Charge 6
2025-11-12T09:42:47Z,50.0,Charge 6
2025-11-12T09:42:50Z,50.0,Charge 6
2025-11-12T09:42:53Z,50.0,Charge 6
2025-11-12T09:42:55Z,50.0,Charge 6
2025-11-12T09:42:58Z,50.0,Charge 6
2025-11-12T09:43:01Z,50.0,Charge 6
2025-11-12T09:43:04Z,50.0,Charge 6
2025-11-12T09:43:07Z,50.0,Charge 6
2025-11-12T09:43:08Z,51.0,Charge 6
2025-11-12T09:43:11Z,51.0,Charge 6
2025-11-12T09:43:12Z,52.0,Charge 6
2025-11-12T09:43:15Z,52.0,Charge 6
2025-11-12T09:43:16Z,51.0,Charge 6
2025-11-12T09:43:19Z,51.0,Charge 6
2025-11-12T09:43:22Z,51.0,Charge 6
2025-11-12T09:43:25Z,51.0,Charge 6
2025-11-12T09:43:27Z,50.0,Charge 6
2025-11-12T09:43:30Z,50.0,Charge 6
2025-11-12T09:43:33Z,50.0,Charge 6
2025-11-12T09:43:35Z,51.0,Charge 6
2025-11-12T09:43:38Z,51.0,Charge 6
2025-11-12T09:43:41Z,51.0,Charge 6
2025-11-12T09:43:44Z,51.0,Charge 6
2025-11-12T09:43:45Z,50.0,Charge 6
2025-11-12T09:43:48Z,50.0,Charge 6
2025-11-12T09:43:51Z,50.0,Charge 6
2025-11-12T09:43:54Z,50.0,Charge 6
2025-11-12T09:43:57Z,50.0,Charge 6
2025-11-12T09:43:58Z,51.0,Charge 6
2025-11-12T09:44:01Z,51.0,Charge 6
2025-11-12T09:44:02Z,51.0,Charge 6
2025-11-12T09:44:05Z,51.0,Charge 6
2025-11-12T09:44:08Z,51.0,Charge 6
2025-11-12T09:44:11Z,52.0,Charge 6
2025-11-12T09:44:14Z,52.0,Charge 6
2025-11-12T09:44:17Z,52.0,Charge 6
2025-11-12T09:44:20Z,52.0,Charge 6
2025-11-12T09:44:23Z,52.0,Charge 6
2025-11-12T09:44:26Z,52.0,Charge 6
2025-11-12T09:44:29Z,51.0,Charge 6
2025-11-12T09:44:32Z,51.0,Charge 6
2025-11-12T09:44:35Z,51.0,Charge 6
2025-11-12T09:44:38Z,51.0,Charge 6
2025-11-12T09:44:41Z,51.0,Charge 6
2025-11-12T09:44:44Z,51.0,Charge 6
2025-11-12T09:44:46Z,50.0,Charge 6
2025-11-12T09:44:49Z,50.0,Charge 6
2025-11-12T09:44:52Z,50.0,Charge 6
2025-11-12T09:44:55Z,50.0,Charge 6
2025-11-12T09:44:58Z,50.0,Charge 6
2025-11-12T09:44:59Z,51.0,Charge 6
2025-11-12T09:45:02Z,51.0,Charge 6
2025-11-12T09:45:03Z,52.0,Charge 6
2025-11-12T09:45:05Z,51.0,Charge 6
2025-11-12T09:45:08Z,51.0,Charge 6
2025-11-12T09:45:11Z,51.0,Charge 6
2025-11-12T09:45:14Z,51.0,Charge 6
2025-11-12T09:45:15Z,52.0,Charge 6
2025-11-12T09:45:18Z,52.0,Charge 6
2025-11-12T09:45:21Z,51.0,Charge 6
2025-11-12T09:45:24Z,50.0,Charge 6
2025-11-12T09:45:27Z,50.0,Charge 6
2025-11-12T09:45:30Z,50.0,Charge 6
2025-11-12T09:45:33Z,50.0,Charge 6
2025-11-12T09:45:36Z,51.0,Charge 6
2025-11-12T09:45:39Z,51.0,Charge 6
2025-11-12T09:45:42Z,51.0,Charge 6
2025-11-12T09:45:45Z,51.0,Charge 6
2025-11-12T09:45:48Z,51.0,Charge 6
2025-11-12T09:45:51Z,51.0,Charge 6
2025-11-12T09:45:54Z,51.0,Charge 6
2025-11-12T09:45:57Z,50.0,Charge 6
2025-11-12T09:46:00Z,50.0,Charge 6
2025-11-12T09:46:03Z,51.0,Charge 6
2025-11-12T09:46:06Z,51.0,Charge 6
2025-11-12T09:46:07Z,50.0,Charge 6
2025-11-12T09:46:10Z,50.0,Charge 6
2025-11-12T09:46:13Z,50.0,Charge 6
2025-11-12T09:46:16Z,50.0,Charge 6
2025-11-12T09:46:19Z,50.0,Charge 6
2025-11-12T09:46:22Z,50.0,Charge 6
2025-11-12T09:46:25Z,50.0,Charge 6
2025-11-12T09:46:28Z,50.0,Charge 6
2025-11-12T09:46:31Z,50.0,Charge 6
2025-11-12T09:46:32Z,50.0,Charge 6
2025-11-12T09:46:33Z,49.0,Charge 6
2025-11-12T09:46:36Z,49.0,Charge 6
2025-11-12T09:46:39Z,50.0,Charge 6
2025-11-12T09:46:42Z,50.0,Charge 6
2025-11-12T09:46:45Z,50.0,Charge 6
2025-11-12T09:46:47Z,50.0,Charge 6
2025-11-12T09:46:49Z,52.0,Charge 6
2025-11-12T09:46:51Z,54.0,Charge 6
2025-11-12T09:46:53Z,57.0,Charge 6
2025-11-12T09:46:55Z,63.0,Charge 6
2025-11-12T09:46:57Z,67.0,Charge 6
2025-11-12T09:46:58Z,70.0,Charge 6
2025-11-12T09:47:00Z,72.0,Charge 6
2025-11-12T09:47:02Z,76.0,Charge 6
2025-11-12T09:47:04Z,78.0,Charge 6
2025-11-12T09:47:06Z,80.0,Charge 6
2025-11-12T09:47:08Z,83.0,Charge 6
2025-11-12T09:47:10Z,84.0,Charge 6
2025-11-12T09:47:12Z,81.0,Charge 6
2025-11-12T09:47:14Z,76.0,Charge 6
2025-11-12T09:47:17Z,76.0,Charge 6
2025-11-12T09:47:18Z,77.0,Charge 6
2025-11-12T09:47:21Z,73.0,Charge 6
2025-11-12T09:47:23Z,69.0,Charge 6
2025-11-12T09:47:26Z,69.0,Charge 6
2025-11-12T09:47:27Z,67.0,Charge 6
2025-11-12T09:47:29Z,65.0,Charge 6
2025-11-12T09:47:31Z,62.0,Charge 6
2025-11-12T09:47:33Z,60.0,Charge 6
2025-11-12T09:47:35Z,59.0,Charge 6
2025-11-12T09:47:37Z,58.0,Charge 6
2025-11-12T09:47:39Z,56.0,Charge 6
2025-11-12T09:47:41Z,57.0,Charge 6
2025-11-12T09:47:44Z,57.0,Charge 6
2025-11-12T09:47:45Z,58.0,Charge 6
2025-11-12T09:47:46Z,60.0,Charge 6
2025-11-12T09:47:48Z,63.0,Charge 6
2025-11-12T09:47:50Z,65.0,Charge 6
2025-11-12T09:47:52Z,68.0,Charge 6
2025-11-12T09:47:54Z,67.0,Charge 6
2025-11-12T09:47:56Z,66.0,Charge 6
2025-11-12T09:47:58Z,62.0,Charge 6
2025-11-12T09:48:00Z,57.0,Charge 6
2025-11-12T09:48:02Z,55.0,Charge 6
2025-11-12T09:48:04Z,56.0,Charge 6
2025-11-12T09:48:06Z,59.0,Charge 6
2025-11-12T09:48:08Z,57.0,Charge 6
2025-11-12T09:48:11Z,56.0,Charge 6
2025-11-12T09:48:13Z,54.0,Charge 6
2025-11-12T09:48:16Z,54.0,Charge 6
2025-11-12T09:48:17Z,52.0,Charge 6
2025-11-12T09:48:19Z,51.0,Charge 6
2025-11-12T09:48:22Z,51.0,Charge 6
2025-11-12T09:48:23Z,51.0,Charge 6
2025-11-12T09:48:26Z,51.0,Charge 6
2025-11-12T09:48:27Z,50.0,Charge 6
2025-11-12T09:48:29Z,51.0,Charge 6
2025-11-12T09:48:32Z,51.0,Charge 6
2025-11-12T09:48:33Z,50.0,Charge 6
2025-11-12T09:48:36Z,50.0,Charge 6
2025-11-12T09:48:39Z,50.0,Charge 6
2025-11-12T09:48:42Z,51.0,Charge 6
2025-11-12T09:48:45Z,51.0,Charge 6
2025-11-12T09:48:46Z,52.0,Charge 6
2025-11-12T09:48:48Z,52.0,Charge 6
2025-11-12T09:48:50Z,52.0,Charge 6
2025-11-12T09:48:52Z,53.0,Charge 6
2025-11-12T09:48:55Z,53.0,Charge 6
2025-11-12T09:48:58Z,53.0,Charge 6
2025-11-12T09:48:59Z,52.0,Charge 6
2025-11-12T09:49:01Z,52.0,Charge 6
2025-11-12T09:49:03Z,53.0,Charge 6
2025-11-12T09:49:05Z,54.0,Charge 6
2025-11-12T09:49:07Z,55.0,Charge 6
2025-11-12T09:49:10Z,55.0,Charge 6
2025-11-12T09:49:11Z,54.0,Charge 6
2025-11-12T09:49:13Z,55.0,Charge 6
2025-11-12T09:49:16Z,55.0,Charge 6
2025-11-12T09:49:19Z,56.0,Charge 6
2025-11-12T09:49:22Z,56.0,Charge 6
2025-11-12T09:49:24Z,56.0,Charge 6
2025-11-12T09:49:27Z,56.0,Charge 6
2025-11-12T09:49:30Z,56.0,Charge 6
2025-11-12T09:49:33Z,56.0,Charge 6
2025-11-12T09:49:36Z,56.0,Charge 6
2025-11-12T09:49:39Z,56.0,Charge 6
2025-11-12T09:49:40Z,56.0,Charge 6
2025-11-12T09:49:43Z,56.0,Charge 6
2025-11-12T09:49:44Z,55.0,Charge 6
2025-11-12T09:49:47Z,55.0,Charge 6
2025-11-12T09:49:49Z,54.0,Charge 6
2025-11-12T09:49:51Z,55.0,Charge 6
2025-11-12T09:49:54Z,55.0,Charge 6
2025-11-12T09:49:57Z,54.0,Charge 6
2025-11-12T09:50:00Z,54.0,Charge 6
2025-11-12T09:50:03Z,53.0,Charge 6
2025-11-12T09:50:06Z,53.0,Charge 6
2025-11-12T09:50:09Z,53.0,Charge 6
2025-11-12T09:50:12Z,53.0,Charge 6
2025-11-12T09:50:15Z,53.0,Charge 6
2025-11-12T09:50:16Z,54.0,Charge 6
2025-11-12T09:50:19Z,54.0,Charge 6
2025-11-12T09:50:22Z,54.0,Charge 6
2025-11-12T09:50:25Z,54.0,Charge 6
2025-11-12T09:50:28Z,54.0,Charge 6
2025-11-12T09:50:30Z,53.0,Charge 6
2025-11-12T09:50:32Z,53.0,Charge 6
2025-11-12T09:50:34Z,52.0,Charge 6
2025-11-12T09:50:37Z,52.0,Charge 6
2025-11-12T09:50:40Z,53.0,Charge 6
2025-11-12T09:50:43Z,54.0,Charge 6
2025-11-12T09:50:46Z,54.0,Charge 6
2025-11-12T09:50:49Z,55.0,Charge 6
2025-11-12T09:50:52Z,55.0,Charge 6
2025-11-12T09:50:53Z,55.0,Charge 6
2025-11-12T09:50:56Z,55.0,Charge 6
2025-11-12T09:50:59Z,55.0,Charge 6
2025-11-12T09:51:02Z,55.0,Charge 6
2025-11-12T09:51:05Z,55.0,Charge 6
2025-11-12T09:51:08Z,54.0,Charge 6
2025-11-12T09:51:10Z,55.0,Charge 6
2025-11-12T09:51:12Z,54.0,Charge 6
2025-11-12T09:51:15Z,54.0,Charge 6
2025-11-12T09:51:18Z,53.0,Charge 6
2025-11-12T09:51:21Z,53.0,Charge 6
2025-11-12T09:51:24Z,53.0,Charge 6
2025-11-12T09:51:26Z,54.0,Charge 6
2025-11-12T09:51:28Z,54.0,Charge 6
2025-11-12T09:51:31Z,54.0,Charge 6
2025-11-12T09:51:34Z,54.0,Charge 6
2025-11-12T09:51:35Z,54.0,Charge 6
2025-11-12T09:51:37Z,54.0,Charge 6
2025-11-12T09:51:40Z,54.0,Charge 6
2025-11-12T09:51:43Z,54.0,Charge 6
2025-11-12T09:51:45Z,54.0,Charge 6
2025-11-12T09:51:48Z,54.0,Charge 6
2025-11-12T09:51:51Z,54.0,Charge 6
2025-11-12T09:51:54Z,54.0,Charge 6
2025-11-12T09:51:56Z,54.0,Charge 6
2025-11-12T09:51:59Z,54.0,Charge 6
2025-11-12T09:52:00Z,54.0,Charge 6
2025-11-12T09:52:03Z,54.0,Charge 6
2025-11-12T09:52:06Z,54.0,Charge 6
2025-11-12T09:52:08Z,55.0,Charge 6
2025-11-12T09:52:10Z,56.0,Charge 6
2025-11-12T09:52:13Z,56.0,Charge 6
2025-11-12T09:52:14Z,57.0,Charge 6
2025-11-12T09:52:16Z,56.0,Charge 6
2025-11-12T09:52:17Z,55.0,Charge 6
2025-11-12T09:52:19Z,54.0,Charge 6
2025-11-12T09:52:21Z,55.0,Charge 6
2025-11-12T09:52:24Z,55.0,Charge 6
2025-11-12T09:52:25Z,55.0,Charge 6
2025-11-12T09:52:28Z,55.0,Charge 6
2025-11-12T09:52:29Z,56.0,Charge 6
2025-11-12T09:52:31Z,56.0,Charge 6
2025-11-12T09:52:34Z,56.0,Charge 6
2025-11-12T09:52:35Z,55.0,Charge 6
2025-11-12T09:52:38Z,55.0,Charge 6
2025-11-12T09:52:39Z,56.0,Charge 6
2025-11-12T09:52:42Z,56.0,Charge 6
2025-11-12T09:52:44Z,56.0,Charge 6
2025-11-12T09:52:47Z,56.0,Charge 6
2025-11-12T09:52:50Z,55.0,Charge 6
2025-11-12T09:52:52Z,54.0,Charge 6
2025-11-12T09:52:54Z,53.0,Charge 6
2025-11-12T09:52:57Z,53.0,Charge 6
2025-11-12T09:53:00Z,53.0,Charge 6
2025-11-12T09:53:02Z,54.0,Charge 6
2025-11-12T09:53:04Z,53.0,Charge 6
2025-11-12T09:53:07Z,54.0,Charge 6
2025-11-12T09:53:10Z,54.0,Charge 6
2025-11-12T09:53:13Z,54.0,Charge 6
2025-11-12T09:53:16Z,54.0,Charge 6
2025-11-12T09:53:17Z,54.0,Charge 6
2025-11-12T09:53:20Z,54.0,Charge 6
2025-11-12T09:53:23Z,54.0,Charge 6
2025-11-12T09:53:26Z,54.0,Charge 6
2025-11-12T09:53:27Z,54.0,Charge 6
2025-11-12T09:53:30Z,55.0,Charge 6
2025-11-12T09:53:32Z,54.0,Charge 6
2025-11-12T09:53:35Z,54.0,Charge 6
2025-11-12T09:53:38Z,54.0,Charge 6
2025-11-12T09:53:41Z,54.0,Charge 6
2025-11-12T09:53:44Z,55.0,Charge 6
2025-11-12T09:53:47Z,55.0,Charge 6
2025-11-12T09:53:48Z,56.0,Charge 6
2025-11-12T09:53:51Z,56.0,Charge 6
2025-11-12T09:53:52Z,56.0,Charge 6
2025-11-12T09:53:53Z,56.0,Charge 6
2025-11-12T09:53:56Z,56.0,Charge 6
2025-11-12T09:53:59Z,55.0,Charge 6
2025-11-12T09:54:01Z,54.0,Charge 6
2025-11-12T09:54:04Z,54.0,Charge 6
2025-11-12T09:54:07Z,54.0,Charge 6
2025-11-12T09:54:10Z,54.0,Charge 6
2025-11-12T09:54:13Z,54.0,Charge 6
2025-11-12T09:54:15Z,55.0,Charge 6
2025-11-12T09:54:17Z,56.0,Charge 6
2025-11-12T09:54:20Z,55.0,Charge 6
2025-11-12T09:54:22Z,54.0,Charge 6
2025-11-12T09:54:25Z,54.0,Charge 6
2025-11-12T09:54:28Z,54.0,Charge 6
2025-11-12T09:54:31Z,54.0,Charge 6
2025-11-12T09:54:34Z,54.0,Charge 6
2025-11-12T09:54:37Z,54.0,Charge 6
2025-11-12T09:54:40Z,54.0,Charge 6
2025-11-12T09:54:41Z,54.0,Charge 6
2025-11-12T09:54:44Z,54.0,Charge 6
2025-11-12T09:54:47Z,55.0,Charge 6
2025-11-12T09:54:50Z,55.0,Charge 6
2025-11-12T09:54:53Z,55.0,Charge 6
2025-11-12T09:54:56Z,55.0,Charge 6
2025-11-12T09:54:59Z,55.0,Charge 6
2025-11-12T09:55:02Z,55.0,Charge 6
2025-11-12T09:55:03Z,55.0,Charge 6
2025-11-12T09:55:05Z,56.0,Charge 6
2025-11-12T09:55:06Z,58.0,Charge 6
2025-11-12T09:55:08Z,60.0,Charge 6
2025-11-12T09:55:10Z,57.0,Charge 6
2025-11-12T09:55:13Z,57.0,Charge 6
2025-11-12T09:55:14Z,56.0,Charge 6
2025-11-12T09:55:17Z,56.0,Charge 6
2025-11-12T09:55:20Z,56.0,Charge 6
2025-11-12T09:55:22Z,55.0,Charge 6
2025-11-12T09:55:24Z,54.0,Charge 6
2025-11-12T09:55:27Z,54.0,Charge 6
2025-11-12T09:55:30Z,54.0,Charge 6
2025-11-12T09:55:31Z,53.0,Charge 6
2025-11-12T09:55:34Z,53.0,Charge 6
2025-11-12T09:55:37Z,53.0,Charge 6
2025-11-12T09:55:40Z,53.0,Charge 6
2025-11-12T09:55:43Z,53.0,Charge 6
2025-11-12T09:55:45Z,54.0,Charge 6
2025-11-12T09:55:48Z,54.0,Charge 6
2025-11-12T09:55:51Z,54.0,Charge 6
2025-11-12T09:55:54Z,54.0,Charge 6
2025-11-12T09:55:57Z,54.0,Charge 6
2025-11-12T09:55:58Z,54.0,Charge 6
2025-11-12T09:56:01Z,54.0,Charge 6
2025-11-12T09:56:02Z,54.0,Charge 6
2025-11-12T09:56:05Z,54.0,Charge 6
2025-11-12T09:56:06Z,55.0,Charge 6
2025-11-12T09:56:09Z,55.0,Charge 6
2025-11-12T09:56:10Z,55.0,Charge 6
2025-11-12T09:56:12Z,56.0,Charge 6
2025-11-12T09:56:15Z,56.0,Charge 6
2025-11-12T09:56:18Z,56.0,Charge 6
2025-11-12T09:56:21Z,56.0,Charge 6
2025-11-12T09:56:24Z,56.0,Charge 6
2025-11-12T09:56:27Z,56.0,Charge 6
2025-11-12T09:56:29Z,55.0,Charge 6
2025-11-12T09:56:32Z,55.0,Charge 6
2025-11-12T09:56:33Z,54.0,Charge 6
2025-11-12T09:56:36Z,54.0,Charge 6
2025-11-12T09:56:37Z,55.0,Charge 6
2025-11-12T09:56:40Z,55.0,Charge 6
2025-11-12T09:56:42Z,56.0,Charge 6
2025-11-12T09:56:45Z,56.0,Charge 6
2025-11-12T09:56:48Z,56.0,Charge 6
2025-11-12T09:56:51Z,56.0,Charge 6
2025-11-12T09:56:54Z,56.0,Charge 6
2025-11-12T09:56:57Z,56.0,Charge 6
2025-11-12T09:57:00Z,56.0,Charge 6
2025-11-12T09:57:03Z,56.0,Charge 6
2025-11-12T09:57:05Z,55.0,Charge 6
2025-11-12T09:57:07Z,56.0,Charge 6
2025-11-12T09:57:10Z,56.0,Charge 6
2025-11-12T09:57:13Z,56.0,Charge 6
2025-11-12T09:57:15Z,56.0,Charge 6
2025-11-12T09:57:17Z,54.0,Charge 6
2025-11-12T09:57:20Z,54.0,Charge 6
2025-11-12T09:57:21Z,55.0,Charge 6
2025-11-12T09:57:23Z,54.0,Charge 6
2025-11-12T09:57:26Z,54.0,Charge 6
2025-11-12T09:57:29Z,54.0,Charge 6
2025-11-12T09:57:32Z,54.0,Charge 6
2025-11-12T09:57:35Z,54.0,Charge 6
2025-11-12T09:57:36Z,56.0,Charge 6
2025-11-12T09:57:39Z,56.0,Charge 6
2025-11-12T09:57:42Z,56.0,Charge 6
2025-11-12T09:57:45Z,56.0,Charge 6
2025-11-12T09:57:48Z,56.0,Charge 6
2025-11-12T09:57:51Z,56.0,Charge 6
2025-11-12T09:57:53Z,55.0,Charge 6
2025-11-12T09:57:56Z,55.0,Charge 6
2025-11-12T09:57:57Z,56.0,Charge 6
2025-11-12T09:58:00Z,56.0,Charge 6
2025-11-12T09:58:03Z,56.0,Charge 6
2025-11-12T09:58:05Z,55.0,Charge 6
2025-11-12T09:58:07Z,54.0,Charge 6
2025-11-12T09:58:10Z,54.0,Charge 6
2025-11-12T09:58:13Z,54.0,Charge 6
2025-11-12T09:58:16Z,54.0,Charge 6
2025-11-12T09:58:17Z,55.0,Charge 6
2025-11-12T09:58:20Z,55.0,Charge 6
2025-11-12T09:58:22Z,56.0,Charge 6
2025-11-12T09:58:25Z,56.0,Charge 6
2025-11-12T09:58:28Z,56.0,Charge 6
2025-11-12T09:58:31Z,56.0,Charge 6
2025-11-12T09:58:34Z,56.0,Charge 6
2025-11-12T09:58:37Z,56.0,Charge 6
2025-11-12T09:58:38Z,57.0,Charge 6
2025-11-12T09:58:41Z,56.0,Charge 6
2025-11-12T09:58:44Z,56.0,Charge 6
2025-11-12T09:58:47Z,56.0,Charge 6
2025-11-12T09:58:50Z,56.0,Charge 6
2025-11-12T09:58:53Z,56.0,Charge 6
2025-11-12T09:58:56Z,56.0,Charge 6
2025-11-12T09:58:59Z,56.0,Charge 6
2025-11-12T09:59:02Z,56.0,Charge 6
2025-11-12T09:59:05Z,56.0,Charge 6
2025-11-12T09:59:06Z,57.0,Charge 6
2025-11-12T09:59:09Z,57.0,Charge 6
2025-11-12T09:59:12Z,57.0,Charge 6
2025-11-12T09:59:15Z,57.0,Charge 6
2025-11-12T09:59:18Z,56.0,Charge 6
2025-11-12T09:59:21Z,56.0,Charge 6
2025-11-12T09:59:24Z,57.0,Charge 6
2025-11-12T09:59:27Z,57.0,Charge 6
2025-11-12T09:59:28Z,58.0,Charge 6
2025-11-12T09:59:31Z,58.0,Charge 6
2025-11-12T09:59:34Z,58.0,Charge 6
2025-11-12T09:59:35Z,58.0,Charge 6
2025-11-12T09:59:37Z,57.0,Charge 6
2025-11-12T09:59:39Z,58.0,Charge 6
2025-11-12T09:59:42Z,58.0,Charge 6
2025-11-12T09:59:43Z,56.0,Charge 6
2025-11-12T09:59:46Z,56.0,Charge 6
2025-11-12T09:59:47Z,55.0,Charge 6
2025-11-12T09:59:49Z,54.0,Charge 6
2025-11-12T09:59:52Z,54.0,Charge 6
2025-11-12T09:59:55Z,54.0,Charge 6
2025-11-12T09:59:58Z,53.0,Charge 6
2025-11-12T10:00:00Z,54.0,Charge 6
2025-11-12T10:00:02Z,53.0,Charge 6
2025-11-12T10:00:04Z,54.0,Charge 6
2025-11-12T10:00:07Z,54.0,Charge 6
2025-11-12T10:00:10Z,55.0,Charge 6
2025-11-12T10:00:12Z,56.0,Charge 6
2025-11-12T10:00:15Z,56.0,Charge 6
2025-11-12T10:00:18Z,56.0,Charge 6
2025-11-12T10:00:21Z,56.0,Charge 6
2025-11-12T10:00:24Z,56.0,Charge 6
2025-11-12T10:00:27Z,56.0,Charge 6
2025-11-12T10:00:30Z,56.0,Charge 6
2025-11-12T10:00:33Z,56.0,Charge 6
2025-11-12T10:00:36Z,56.0,Charge 6
2025-11-12T10:00:39Z,56.0,Charge 6
2025-11-12T10:00:42Z,57.0,Charge 6
2025-11-12T10:00:44Z,57.0,Charge 6
2025-11-12T10:00:46Z,58.0,Charge 6
2025-11-12T10:00:48Z,57.0,Charge 6
2025-11-12T10:00:50Z,56.0,Charge 6
2025-11-12T10:00:53Z,56.0,Charge 6
2025-11-12T10:00:56Z,55.0,Charge 6
2025-11-12T10:00:59Z,55.0,Charge 6
2025-11-12T10:01:02Z,56.0,Charge 6
2025-11-12T10:01:05Z,56.0,Charge 6
2025-11-12T10:01:08Z,56.0,Charge 6
2025-11-12T10:01:11Z,56.0,Charge 6
2025-11-12T10:01:14Z,56.0,Charge 6
2025-11-12T10:01:17Z,56.0,Charge 6
2025-11-12T10:01:20Z,56.0,Charge 6
2025-11-12T10:01:23Z,56.0,Charge 6
2025-11-12T10:01:26Z,56.0,Charge 6
2025-11-12T10:01:27Z,55.0,Charge 6
2025-11-12T10:01:29Z,56.0,Charge 6
2025-11-12T10:01:30Z,55.0,Charge 6
2025-11-12T10:01:33Z,55.0,Charge 6
2025-11-12T10:01:34Z,56.0,Charge 6
2025-11-12T10:01:37Z,56.0,Charge 6
2025-11-12T10:01:40Z,56.0,Charge 6
2025-11-12T10:01:43Z,56.0,Charge 6
2025-11-12T10:01:46Z,56.0,Charge 6
2025-11-12T10:01:49Z,56.0,Charge 6
2025-11-12T10:01:52Z,56.0,Charge 6
2025-11-12T10:01:53Z,56.0,Charge 6
2025-11-12T10:01:56Z,56.0,Charge 6
2025-11-12T10:01:59Z,56.0,Charge 6
2025-11-12T10:02:02Z,56.0,Charge 6
2025-11-12T10:02:05Z,56.0,Charge 6
2025-11-12T10:02:08Z,56.0,Charge 6
2025-11-12T10:02:09Z,55.0,Charge 6
2025-11-12T10:02:11Z,54.0,Charge 6
2025-11-12T10:02:14Z,54.0,Charge 6
2025-11-12T10:02:17Z,54.0,Charge 6
2025-11-12T10:02:20Z,54.0,Charge 6
2025-11-12T10:02:22Z,55.0,Charge 6
2025-11-12T10:02:24Z,56.0,Charge 6
2025-11-12T10:02:26Z,55.0,Charge 6
2025-11-12T10:02:28Z,54.0,Charge 6
2025-11-12T10:02:31Z,54.0,Charge 6
2025-11-12T10:02:34Z,54.0,Charge 6
2025-11-12T10:02:37Z,54.0,Charge 6
2025-11-12T10:02:40Z,54.0,Charge 6
2025-11-12T10:02:43Z,54.0,Charge 6
2025-11-12T10:02:46Z,54.0,Charge 6
2025-11-12T10:02:47Z,55.0,Charge 6
2025-11-12T10:02:49Z,54.0,Charge 6
2025-11-12T10:02:52Z,54.0,Charge 6
2025-11-12T10:02:55Z,54.0,Charge 6
2025-11-12T10:02:58Z,54.0,Charge 6
2025-11-12T10:03:01Z,54.0,Charge 6
2025-11-12T10:03:03Z,55.0,Charge 6
2025-11-12T10:03:06Z,56.0,Charge 6
2025-11-12T10:03:09Z,56.0,Charge 6
2025-11-12T10:03:12Z,56.0,Charge 6
2025-11-12T10:03:15Z,56.0,Charge 6
2025-11-12T10:03:18Z,56.0,Charge 6
2025-11-12T10:03:21Z,56.0,Charge 6
2025-11-12T10:03:24Z,55.0,Charge 6
2025-11-12T10:03:27Z,55.0,Charge 6
2025-11-12T10:03:29Z,56.0,Charge 6
2025-11-12T10:03:32Z,56.0,Charge 6
2025-11-12T10:03:35Z,56.0,Charge 6
2025-11-12T10:03:37Z,55.0,Charge 6
2025-11-12T10:03:40Z,55.0,Charge 6
2025-11-12T10:03:43Z,55.0,Charge 6
2025-11-12T10:03:45Z,54.0,Charge 6
2025-11-12T10:03:47Z,55.0,Charge 6
2025-11-12T10:03:50Z,55.0,Charge 6
2025-11-12T10:03:53Z,55.0,Charge 6
2025-11-12T10:03:56Z,55.0,Charge 6
2025-11-12T10:03:59Z,55.0,Charge 6
2025-11-12T10:04:00Z,54.0,Charge 6
2025-11-12T10:04:03Z,54.0,Charge 6
2025-11-12T10:04:06Z,54.0,Charge 6
2025-11-12T10:04:09Z,54.0,Charge 6
2025-11-12T10:04:12Z,54.0,Charge 6
2025-11-12T10:04:14Z,55.0,Charge 6
2025-11-12T10:04:16Z,55.0,Charge 6
2025-11-12T10:04:19Z,56.0,Charge 6
2025-11-12T10:04:22Z,56.0,Charge 6
2025-11-12T10:04:25Z,56.0,Charge 6
2025-11-12T10:04:28Z,56.0,Charge 6
2025-11-12T10:04:31Z,56.0,Charge 6
2025-11-12T10:04:34Z,56.0,Charge 6
2025-11-12T10:04:37Z,56.0,Charge 6
2025-11-12T10:04:40Z,56.0,Charge 6
2025-11-12T10:04:43Z,56.0,Charge 6
2025-11-12T10:04:46Z,56.0,Charge 6
2025-11-12T10:04:49Z,56.0,Charge 6
2025-11-12T10:04:52Z,56.0,Charge 6
2025-11-12T10:04:55Z,56.0,Charge 6
2025-11-12T10:04:58Z,56.0,Charge 6
2025-11-12T10:05:01Z,56.0,Charge 6
2025-11-12T10:05:04Z,56.0,Charge 6
2025-11-12T10:05:05Z,57.0,Charge 6
2025-11-12T10:05:07Z,58.0,Charge 6
2025-11-12T10:05:10Z,58.0,Charge 6
2025-11-12T10:05:11Z,57.0,Charge 6
2025-11-12T10:05:14Z,57.0,Charge 6
2025-11-12T10:05:15Z,56.0,Charge 6
2025-11-12T10:05:18Z,56.0,Charge 6
2025-11-12T10:05:21Z,56.0,Charge 6
2025-11-12T10:05:24Z,56.0,Charge 6
2025-11-12T10:05:25Z,57.0,Charge 6
2025-11-12T10:05:27Z,58.0,Charge 6
2025-11-12T10:05:30Z,57.0,Charge 6
2025-11-12T10:05:33Z,57.0,Charge 6
2025-11-12T10:05:36Z,56.0,Charge 6
2025-11-12T10:05:39Z,56.0,Charge 6
2025-11-12T10:05:42Z,56.0,Charge 6
2025-11-12T10:05:45Z,56.0,Charge 6
2025-11-12T10:05:48Z,56.0,Charge 6
2025-11-12T10:05:51Z,56.0,Charge 6
2025-11-12T10:05:54Z,56.0,Charge 6
2025-11-12T10:05:57Z,56.0,Charge 6
2025-11-12T10:06:00Z,56.0,Charge 6
2025-11-12T10:06:03Z,56.0,Charge 6
2025-11-12T10:06:05Z,58.0,Charge 6
2025-11-12T10:06:08Z,58.0,Charge 6
2025-11-12T10:06:11Z,58.0,Charge 6
2025-11-12T10:06:14Z,58.0,Charge 6
2025-11-12T10:06:15Z,57.0,Charge 6
2025-11-12T10:06:17Z,56.0,Charge 6
2025-11-12T10:06:20Z,56.0,Charge 6
2025-11-12T10:06:23Z,56.0,Charge 6
2025-11-12T10:06:26Z,56.0,Charge 6
2025-11-12T10:06:29Z,56.0,Charge 6
2025-11-12T10:06:32Z,56.0,Charge 6
2025-11-12T10:06:35Z,56.0,Charge 6
2025-11-12T10:06:38Z,56.0,Charge 6
2025-11-12T10:06:41Z,56.0,Charge 6
2025-11-12T10:06:42Z,56.0,Charge 6
2025-11-12T10:06:45Z,56.0,Charge 6
2025-11-12T10:06:47Z,57.0,Charge 6
2025-11-12T10:06:50Z,57.0,Charge 6
2025-11-12T10:06:53Z,57.0,Charge 6
2025-11-12T10:06:56Z,57.0,Charge 6
2025-11-12T10:06:59Z,57.0,Charge 6
2025-11-12T10:07:01Z,58.0,Charge 6
2025-11-12T10:07:04Z,58.0,Charge 6
2025-11-12T10:07:07Z,58.0,Charge 6
2025-11-12T10:07:10Z,58.0,Charge 6
2025-11-12T10:07:13Z,58.0,Charge 6
2025-11-12T10:07:14Z,56.0,Charge 6
2025-11-12T10:07:17Z,56.0,Charge 6
2025-11-12T10:07:20Z,56.0,Charge 6
2025-11-12T10:07:23Z,56.0,Charge 6
2025-11-12T10:07:26Z,57.0,Charge 6
2025-11-12T10:07:28Z,58.0,Charge 6
2025-11-12T10:07:31Z,58.0,Charge 6
2025-11-12T10:07:32Z,56.0,Charge 6
2025-11-12T10:07:33Z,55.0,Charge 6
2025-11-12T10:07:36Z,55.0,Charge 6
2025-11-12T10:07:37Z,54.0,Charge 6
2025-11-12T10:07:40Z,54.0,Charge 6
2025-11-12T10:07:43Z,55.0,Charge 6
2025-11-12T10:07:45Z,56.0,Charge 6
2025-11-12T10:07:48Z,56.0,Charge 6
2025-11-12T10:07:49Z,55.0,Charge 6
2025-11-12T10:07:51Z,54.0,Charge 6
2025-11-12T10:07:54Z,54.0,Charge 6
2025-11-12T10:07:55Z,55.0,Charge 6
2025-11-12T10:07:57Z,56.0,Charge 6
2025-11-12T10:08:00Z,56.0,Charge 6
2025-11-12T10:08:02Z,57.0,Charge 6
2025-11-12T10:08:05Z,57.0,Charge 6
2025-11-12T10:08:08Z,58.0,Charge 6
2025-11-12T10:08:10Z,57.0,Charge 6
2025-11-12T10:08:12Z,58.0,Charge 6
2025-11-12T10:08:15Z,58.0,Charge 6
2025-11-12T10:08:18Z,61.0,Charge 6
2025-11-12T10:08:20Z,67.0,Charge 6
2025-11-12T10:08:21Z,74.0,Charge 6
2025-11-12T10:08:23Z,75.0,Charge 6
2025-11-12T10:08:25Z,76.0,Charge 6
2025-11-12T10:08:27Z,77.0,Charge 6
2025-11-12T10:08:29Z,78.0,Charge 6
2025-11-12T10:08:31Z,79.0,Charge 6
2025-11-12T10:08:33Z,83.0,Charge 6
2025-11-12T10:08:36Z,83.0,Charge 6
2025-11-12T10:08:37Z,80.0,Charge 6
2025-11-12T10:08:39Z,77.0,Charge 6
2025-11-12T10:08:41Z,71.0,Charge 6
2025-11-12T10:08:43Z,61.0,Charge 6
2025-11-12T10:08:45Z,59.0,Charge 6
2025-11-12T10:08:46Z,57.0,Charge 6
2025-11-12T10:08:49Z,57.0,Charge 6
2025-11-12T10:08:52Z,56.0,Charge 6
2025-11-12T10:08:54Z,57.0,Charge 6
2025-11-12T10:08:56Z,60.0,Charge 6
2025-11-12T10:08:58Z,64.0,Charge 6
2025-11-12T10:09:00Z,71.0,Charge 6
2025-11-12T10:09:02Z,78.0,Charge 6
2025-11-12T10:09:04Z,73.0,Charge 6
2025-11-12T10:09:06Z,74.0,Charge 6
2025-11-12T10:09:08Z,75.0,Charge 6
2025-11-12T10:09:11Z,77.0,Charge 6
2025-11-12T10:09:13Z,79.0,Charge 6
2025-11-12T10:09:15Z,80.0,Charge 6
2025-11-12T10:09:17Z,81.0,Charge 6
2025-11-12T10:09:19Z,78.0,Charge 6
2025-11-12T10:09:21Z,73.0,Charge 6
2025-11-12T10:09:23Z,69.0,Charge 6
2025-11-12T10:09:25Z,64.0,Charge 6
2025-11-12T10:09:27Z,62.0,Charge 6
2025-11-12T10:09:29Z,61.0,Charge 6
2025-11-12T10:09:32Z,61.0,Charge 6
2025-11-12T10:09:33Z,60.0,Charge 6
2025-11-12T10:09:34Z,59.0,Charge 6
2025-11-12T10:09:36Z,58.0,Charge 6
2025-11-12T10:09:38Z,59.0,Charge 6
2025-11-12T10:09:40Z,58.0,Charge 6
2025-11-12T10:09:43Z,58.0,Charge 6
2025-11-12T10:09:44Z,60.0,Charge 6
2025-11-12T10:09:46Z,62.0,Charge 6
2025-11-12T10:09:48Z,63.0,Charge 6
2025-11-12T10:09:50Z,64.0,Charge 6
2025-11-12T10:09:52Z,65.0,Charge 6
2025-11-12T10:09:55Z,65.0,Charge 6
2025-11-12T10:09:56Z,64.0,Charge 6
2025-11-12T10:09:57Z,63.0,Charge 6
2025-11-12T10:09:59Z,62.0,Charge 6
2025-11-12T10:10:01Z,61.0,Charge 6
2025-11-12T10:10:03Z,60.0,Charge 6
2025-11-12T10:10:06Z,60.0,Charge 6
2025-11-12T10:10:09Z,59.0,Charge 6
2025-11-12T10:10:11Z,58.0,Charge 6
2025-11-12T10:10:14Z,58.0,Charge 6
2025-11-12T10:10:15Z,58.0,Charge 6
2025-11-12T10:10:17Z,58.0,Charge 6
2025-11-12T10:10:19Z,58.0,Charge 6
2025-11-12T10:10:22Z,58.0,Charge 6
2025-11-12T10:10:24Z,57.0,Charge 6
2025-11-12T10:10:26Z,56.0,Charge 6
2025-11-12T10:10:28Z,57.0,Charge 6
2025-11-12T10:10:30Z,58.0,Charge 6
2025-11-12T10:10:33Z,58.0,Charge 6
2025-11-12T10:10:34Z,57.0,Charge 6
2025-11-12T10:10:36Z,56.0,Charge 6
2025-11-12T10:10:39Z,56.0,Charge 6
2025-11-12T10:10:40Z,55.0,Charge 6
2025-11-12T10:10:43Z,55.0,Charge 6
2025-11-12T10:10:44Z,56.0,Charge 6
2025-11-12T10:10:45Z,58.0,Charge 6
2025-11-12T10:10:47Z,57.0,Charge 6
2025-11-12T10:10:49Z,56.0,Charge 6
2025-11-12T10:10:51Z,55.0,Charge 6
2025-11-12T10:10:53Z,54.0,Charge 6
2025-11-12T10:10:55Z,55.0,Charge 6
2025-11-12T10:10:58Z,55.0,Charge 6
2025-11-12T10:10:59Z,54.0,Charge 6
2025-11-12T10:11:01Z,54.0,Charge 6
2025-11-12T10:11:03Z,53.0,Charge 6
2025-11-12T10:11:05Z,52.0,Charge 6
2025-11-12T10:11:08Z,52.0,Charge 6
2025-11-12T10:11:11Z,52.0,Charge 6
2025-11-12T10:11:14Z,52.0,Charge 6
2025-11-12T10:11:16Z,53.0,Charge 6
2025-11-12T10:11:18Z,54.0,Charge 6
2025-11-12T10:11:21Z,54.0,Charge 6
2025-11-12T10:11:24Z,54.0,Charge 6
2025-11-12T10:11:27Z,54.0,Charge 6
2025-11-12T10:11:30Z,54.0,Charge 6
2025-11-12T10:11:32Z,55.0,Charge 6
2025-11-12T10:11:33Z,56.0,Charge 6
2025-11-12T10:11:35Z,56.0,Charge 6
2025-11-12T10:11:38Z,56.0,Charge 6
2025-11-12T10:11:39Z,54.0,Charge 6
2025-11-12T10:11:42Z,54.0,Charge 6
2025-11-12T10:11:45Z,54.0,Charge 6
2025-11-12T10:11:48Z,54.0,Charge 6
2025-11-12T10:11:51Z,52.0,Charge 6
2025-11-12T10:11:54Z,52.0,Charge 6
2025-11-12T10:11:57Z,52.0,Charge 6
2025-11-12T10:12:00Z,52.0,Charge 6
2025-11-12T10:12:03Z,52.0,Charge 6
2025-11-12T10:12:06Z,52.0,Charge 6
2025-11-12T10:12:09Z,52.0,Charge 6
2025-11-12T10:12:10Z,53.0,Charge 6
2025-11-12T10:12:12Z,54.0,Charge 6
2025-11-12T10:12:15Z,54.0,Charge 6
2025-11-12T10:12:18Z,54.0,Charge 6
2025-11-12T10:12:21Z,52.0,Charge 6
2025-11-12T10:12:24Z,52.0,Charge 6
2025-11-12T10:12:27Z,52.0,Charge 6
2025-11-12T10:12:30Z,52.0,Charge 6
2025-11-12T10:12:33Z,53.0,Charge 6
2025-11-12T10:12:35Z,54.0,Charge 6
2025-11-12T10:12:37Z,55.0,Charge 6
2025-11-12T10:12:39Z,56.0,Charge 6
2025-11-12T10:12:41Z,54.0,Charge 6
2025-11-12T10:12:43Z,53.0,Charge 6
2025-11-12T10:12:45Z,52.0,Charge 6
2025-11-12T10:12:48Z,52.0,Charge 6
2025-11-12T10:12:51Z,52.0,Charge 6
2025-11-12T10:12:54Z,52.0,Charge 6
2025-11-12T10:12:57Z,52.0,Charge 6
2025-11-12T10:13:00Z,52.0,Charge 6
2025-11-12T10:13:03Z,52.0,Charge 6
2025-11-12T10:13:04Z,54.0,Charge 6
2025-11-12T10:13:07Z,54.0,Charge 6
2025-11-12T10:13:08Z,53.0,Charge 6
2025-11-12T10:13:09Z,52.0,Charge 6
2025-11-12T10:13:12Z,52.0,Charge 6
2025-11-12T10:13:13Z,51.0,Charge 6
2025-11-12T10:13:16Z,51.0,Charge 6
2025-11-12T10:13:19Z,51.0,Charge 6
2025-11-12T10:13:22Z,51.0,Charge 6
2025-11-12T10:13:25Z,52.0,Charge 6
2025-11-12T10:13:28Z,52.0,Charge 6
2025-11-12T10:13:31Z,52.0,Charge 6
2025-11-12T10:13:34Z,52.0,Charge 6
2025-11-12T10:13:36Z,54.0,Charge 6
2025-11-12T10:13:39Z,54.0,Charge 6
2025-11-12T10:13:42Z,52.0,Charge 6
2025-11-12T10:13:45Z,52.0,Charge 6
2025-11-12T10:13:46Z,51.0,Charge 6
2025-11-12T10:13:49Z,51.0,Charge 6
2025-11-12T10:13:52Z,52.0,Charge 6
2025-11-12T10:13:54Z,52.0,Charge 6
2025-11-12T10:13:57Z,52.0,Charge 6
2025-11-12T10:14:00Z,52.0,Charge 6
2025-11-12T10:14:03Z,52.0,Charge 6
2025-11-12T10:14:06Z,52.0,Charge 6
2025-11-12T10:14:09Z,52.0,Charge 6
2025-11-12T10:14:12Z,52.0,Charge 6
2025-11-12T10:14:15Z,51.0,Charge 6
2025-11-12T10:14:17Z,50.0,Charge 6
2025-11-12T10:14:20Z,50.0,Charge 6
2025-11-12T10:14:23Z,50.0,Charge 6
2025-11-12T10:14:26Z,50.0,Charge 6
2025-11-12T10:14:29Z,50.0,Charge 6
2025-11-12T10:14:32Z,50.0,Charge 6
2025-11-12T10:14:34Z,51.0,Charge 6
2025-11-12T10:14:36Z,52.0,Charge 6
2025-11-12T10:14:39Z,52.0,Charge 6
2025-11-12T10:14:42Z,52.0,Charge 6
2025-11-12T10:14:45Z,54.0,Charge 6
2025-11-12T10:14:48Z,54.0,Charge 6
2025-11-12T10:14:49Z,55.0,Charge 6
2025-11-12T10:14:52Z,55.0,Charge 6
2025-11-12T10:14:53Z,54.0,Charge 6
2025-11-12T10:14:56Z,54.0,Charge 6
2025-11-12T10:14:59Z,55.0,Charge 6
2025-11-12T10:15:02Z,55.0,Charge 6
2025-11-12T10:15:03Z,56.0,Charge 6
2025-11-12T10:15:05Z,56.0,Charge 6
2025-11-12T10:15:08Z,56.0,Charge 6
2025-11-12T10:15:09Z,57.0,Charge 6
2025-11-12T10:15:10Z,58.0,Charge 6
2025-11-12T10:15:12Z,60.0,Charge 6
2025-11-12T10:15:15Z,60.0,Charge 6
2025-11-12T10:15:18Z,60.0,Charge 6
2025-11-12T10:15:21Z,60.0,Charge 6
2025-11-12T10:15:22Z,59.0,Charge 6
2025-11-12T10:15:24Z,58.0,Charge 6
2025-11-12T10:15:27Z,58.0,Charge 6
2025-11-12T10:15:30Z,57.0,Charge 6
2025-11-12T10:15:33Z,57.0,Charge 6
2025-11-12T10:15:36Z,57.0,Charge 6
2025-11-12T10:15:39Z,56.0,Charge 6
2025-11-12T10:15:42Z,56.0,Charge 6
2025-11-12T10:15:45Z,56.0,Charge 6
2025-11-12T10:15:48Z,56.0,Charge 6
2025-11-12T10:15:51Z,56.0,Charge 6
2025-11-12T10:15:54Z,56.0,Charge 6
2025-11-12T10:15:57Z,56.0,Charge 6
2025-11-12T10:16:00Z,56.0,Charge 6
2025-11-12T10:16:03Z,56.0,Charge 6
2025-11-12T10:16:06Z,57.0,Charge 6
2025-11-12T10:16:09Z,57.0,Charge 6
2025-11-12T10:16:10Z,56.0,Charge 6
2025-11-12T10:16:13Z,56.0,Charge 6
2025-11-12T10:16:14Z,56.0,Charge 6
2025-11-12T10:16:17Z,56.0,Charge 6
2025-11-12T10:16:18Z,57.0,Charge 6
2025-11-12T10:16:20Z,58.0,Charge 6
2025-11-12T10:16:23Z,58.0,Charge 6
2025-11-12T10:16:26Z,58.0,Charge 6
2025-11-12T10:16:29Z,58.0,Charge 6
2025-11-12T10:16:32Z,58.0,Charge 6
2025-11-12T10:16:35Z,58.0,Charge 6
2025-11-12T10:16:38Z,58.0,Charge 6
2025-11-12T10:16:41Z,58.0,Charge 6
2025-11-12T10:16:44Z,58.0,Charge 6
2025-11-12T10:16:46Z,59.0,Charge 6
2025-11-12T10:16:48Z,60.0,Charge 6
2025-11-12T10:16:51Z,60.0,Charge 6
2025-11-12T10:16:54Z,60.0,Charge 6
2025-11-12T10:16:56Z,61.0,Charge 6
2025-11-12T10:16:58Z,62.0,Charge 6
2025-11-12T10:17:00Z,64.0,Charge 6
2025-11-12T10:17:02Z,65.0,Charge 6
2025-11-12T10:17:04Z,63.0,Charge 6
2025-11-12T10:17:06Z,61.0,Charge 6
2025-11-12T10:17:08Z,60.0,Charge 6
2025-11-12T10:17:09Z,58.0,Charge 6
2025-11-12T10:17:11Z,57.0,Charge 6
2025-11-12T10:17:14Z,57.0,Charge 6
2025-11-12T10:17:15Z,56.0,Charge 6
2025-11-12T10:17:17Z,56.0,Charge 6
2025-11-12T10:17:19Z,57.0,Charge 6
2025-11-12T10:17:21Z,56.0,Charge 6
2025-11-12T10:17:24Z,56.0,Charge 6
2025-11-12T10:17:27Z,58.0,Charge 6
2025-11-12T10:17:29Z,60.0,Charge 6
2025-11-12T10:17:31Z,63.0,Charge 6
2025-11-12T10:17:33Z,65.0,Charge 6
2025-11-12T10:17:36Z,64.0,Charge 6
2025-11-12T10:17:38Z,62.0,Charge 6
2025-11-12T10:17:40Z,61.0,Charge 6
2025-11-12T10:17:42Z,60.0,Charge 6
2025-11-12T10:17:44Z,58.0,Charge 6
2025-11-12T10:17:46Z,57.0,Charge 6
2025-11-12T10:17:48Z,56.0,Charge 6
2025-11-12T10:17:51Z,56.0,Charge 6
2025-11-12T10:17:52Z,55.0,Charge 6
2025-11-12T10:17:54Z,54.0,Charge 6
2025-11-12T10:17:57Z,54.0,Charge 6
2025-11-12T10:18:00Z,54.0,Charge 6
2025-11-12T10:18:03Z,54.0,Charge 6
2025-11-12T10:18:06Z,54.0,Charge 6
2025-11-12T10:18:09Z,54.0,Charge 6
2025-11-12T10:18:11Z,55.0,Charge 6
2025-11-12T10:18:14Z,55.0,Charge 6
2025-11-12T10:18:17Z,55.0,Charge 6
2025-11-12T10:18:19Z,56.0,Charge 6
2025-11-12T10:18:21Z,56.0,Charge 6
2025-11-12T10:18:22Z,57.0,Charge 6
2025-11-12T10:18:25Z,57.0,Charge 6
2025-11-12T10:18:28Z,57.0,Charge 6
2025-11-12T10:18:31Z,57.0,Charge 6
2025-11-12T10:18:34Z,58.0,Charge 6
2025-11-12T10:18:37Z,58.0,Charge 6
2025-11-12T10:18:40Z,59.0,Charge 6
2025-11-12T10:18:42Z,60.0,Charge 6
2025-11-12T10:18:44Z,59.0,Charge 6
2025-11-12T10:18:45Z,58.0,Charge 6
2025-11-12T10:18:48Z,58.0,Charge 6
2025-11-12T10:18:51Z,58.0,Charge 6
2025-11-12T10:18:54Z,58.0,Charge 6
2025-11-12T10:18:57Z,58.0,Charge 6
2025-11-12T10:19:00Z,58.0,Charge 6
2025-11-12T10:19:03Z,59.0,Charge 6
2025-11-12T10:19:05Z,60.0,Charge 6
2025-11-12T10:19:08Z,60.0,Charge 6
2025-11-12T10:19:11Z,60.0,Charge 6
2025-11-12T10:19:12Z,58.0,Charge 6
2025-11-12T10:19:15Z,58.0,Charge 6
2025-11-12T10:19:16Z,56.0,Charge 6
2025-11-12T10:19:19Z,56.0,Charge 6
2025-11-12T10:19:22Z,56.0,Charge 6
2025-11-12T10:19:25Z,56.0,Charge 6
2025-11-12T10:19:28Z,56.0,Charge 6
2025-11-12T10:19:30Z,56.0,Charge 6
2025-11-12T10:19:33Z,56.0,Charge 6
2025-11-12T10:19:35Z,57.0,Charge 6
2025-11-12T10:19:37Z,58.0,Charge 6
2025-11-12T10:19:40Z,58.0,Charge 6
2025-11-12T10:19:43Z,58.0,Charge 6
2025-11-12T10:19:46Z,58.0,Charge 6
2025-11-12T10:19:49Z,58.0,Charge 6
2025-11-12T10:19:52Z,58.0,Charge 6
2025-11-12T10:19:55Z,58.0,Charge 6
2025-11-12T10:19:58Z,58.0,Charge 6
2025-11-12T10:20:01Z,58.0,Charge 6
2025-11-12T10:20:04Z,60.0,Charge 6
2025-11-12T10:20:07Z,60.0,Charge 6
2025-11-12T10:20:10Z,59.0,Charge 6
2025-11-12T10:20:12Z,58.0,Charge 6
2025-11-12T10:20:14Z,59.0,Charge 6
2025-11-12T10:20:17Z,59.0,Charge 6
2025-11-12T10:20:18Z,60.0,Charge 6
2025-11-12T10:20:21Z,60.0,Charge 6
2025-11-12T10:20:24Z,60.0,Charge 6
2025-11-12T10:20:25Z,61.0,Charge 6
2025-11-12T10:20:28Z,61.0,Charge 6
2025-11-12T10:20:31Z,61.0,Charge 6
2025-11-12T10:20:33Z,60.0,Charge 6
2025-11-12T10:20:36Z,60.0,Charge 6
2025-11-12T10:20:39Z,60.0,Charge 6
2025-11-12T10:20:41Z,60.0,Charge 6
2025-11-12T10:20:44Z,60.0,Charge 6
2025-11-12T10:20:47Z,60.0,Charge 6
2025-11-12T10:20:50Z,60.0,Charge 6
2025-11-12T10:20:53Z,61.0,Charge 6
2025-11-12T10:20:55Z,62.0,Charge 6
2025-11-12T10:20:57Z,64.0,Charge 6
2025-11-12T10:20:58Z,67.0,Charge 6
2025-11-12T10:21:00Z,68.0,Charge 6
2025-11-12T10:21:03Z,68.0,Charge 6
2025-11-12T10:21:04Z,67.0,Charge 6
2025-11-12T10:21:06Z,65.0,Charge 6
2025-11-12T10:21:08Z,64.0,Charge 6
2025-11-12T10:21:11Z,64.0,Charge 6
2025-11-12T10:21:12Z,65.0,Charge 6
2025-11-12T10:21:14Z,66.0,Charge 6
2025-11-12T10:21:16Z,67.0,Charge 6
2025-11-12T10:21:18Z,68.0,Charge 6
2025-11-12T10:21:20Z,68.0,Charge 6
2025-11-12T10:21:23Z,67.0,Charge 6
2025-11-12T10:21:25Z,65.0,Charge 6
2025-11-12T10:21:27Z,63.0,Charge 6
2025-11-12T10:21:29Z,61.0,Charge 6
2025-11-12T10:21:31Z,59.0,Charge 6
2025-11-12T10:21:34Z,59.0,Charge 6
2025-11-12T10:21:37Z,58.0,Charge 6
2025-11-12T10:21:40Z,58.0,Charge 6
2025-11-12T10:21:41Z,58.0,Charge 6
2025-11-12T10:21:43Z,57.0,Charge 6
2025-11-12T10:21:45Z,56.0,Charge 6
2025-11-12T10:21:48Z,56.0,Charge 6
2025-11-12T10:21:51Z,56.0,Charge 6
2025-11-12T10:21:54Z,56.0,Charge 6
2025-11-12T10:21:57Z,56.0,Charge 6
2025-11-12T10:22:00Z,56.0,Charge 6
2025-11-12T10:22:02Z,57.0,Charge 6
2025-11-12T10:22:04Z,58.0,Charge 6
2025-11-12T10:22:06Z,59.0,Charge 6
2025-11-12T10:22:09Z,59.0,Charge 6
2025-11-12T10:22:10Z,60.0,Charge 6
2025-11-12T10:22:11Z,61.0,Charge 6
2025-11-12T10:22:13Z,62.0,Charge 6
2025-11-12T10:22:16Z,62.0,Charge 6
2025-11-12T10:22:17Z,61.0,Charge 6
2025-11-12T10:22:19Z,59.0,Charge 6
2025-11-12T10:22:21Z,58.0,Charge 6
2025-11-12T10:22:24Z,58.0,Charge 6
2025-11-12T10:22:27Z,58.0,Charge 6
2025-11-12T10:22:30Z,58.0,Charge 6
2025-11-12T10:22:33Z,57.0,Charge 6
2025-11-12T10:22:34Z,56.0,Charge 6
2025-11-12T10:22:37Z,56.0,Charge 6
2025-11-12T10:22:40Z,56.0,Charge 6
2025-11-12T10:22:43Z,56.0,Charge 6
2025-11-12T10:22:44Z,56.0,Charge 6
2025-11-12T10:22:47Z,56.0,Charge 6
2025-11-12T10:22:48Z,57.0,Charge 6
2025-11-12T10:22:50Z,58.0,Charge 6
2025-11-12T10:22:53Z,58.0,Charge 6
2025-11-12T10:22:56Z,58.0,Charge 6
2025-11-12T10:22:59Z,60.0,Charge 6
2025-11-12T10:23:01Z,62.0,Charge 6
2025-11-12T10:23:04Z,62.0,Charge 6
2025-11-12T10:23:07Z,60.0,Charge 6
2025-11-12T10:23:10Z,60.0,Charge 6
2025-11-12T10:23:11Z,59.0,Charge 6
2025-11-12T10:23:13Z,60.0,Charge 6
2025-11-12T10:23:16Z,60.0,Charge 6
2025-11-12T10:23:19Z,60.0,Charge 6
2025-11-12T10:23:22Z,60.0,Charge 6
2025-11-12T10:23:25Z,60.0,Charge 6
2025-11-12T10:23:26Z,61.0,Charge 6
2025-11-12T10:23:28Z,62.0,Charge 6
2025-11-12T10:23:30Z,64.0,Charge 6
2025-11-12T10:23:32Z,66.0,Charge 6
2025-11-12T10:23:34Z,65.0,Charge 6
2025-11-12T10:23:36Z,63.0,Charge 6
2025-11-12T10:23:38Z,60.0,Charge 6
2025-11-12T10:23:40Z,59.0,Charge 6
2025-11-12T10:23:42Z,57.0,Charge 6
2025-11-12T10:23:45Z,57.0,Charge 6
2025-11-12T10:23:46Z,57.0,Charge 6
2025-11-12T10:23:47Z,56.0,Charge 6
2025-11-12T10:23:49Z,57.0,Charge 6
2025-11-12T10:23:51Z,58.0,Charge 6
2025-11-12T10:23:53Z,57.0,Charge 6
2025-11-12T10:23:55Z,56.0,Charge 6
2025-11-12T10:23:57Z,54.0,Charge 6
2025-11-12T10:24:00Z,54.0,Charge 6
2025-11-12T10:24:03Z,54.0,Charge 6
2025-11-12T10:24:05Z,55.0,Charge 6
2025-11-12T10:24:07Z,56.0,Charge 6
2025-11-12T10:24:09Z,58.0,Charge 6
2025-11-12T10:24:10Z,60.0,Charge 6
2025-11-12T10:24:12Z,61.0,Charge 6
2025-11-12T10:24:14Z,60.0,Charge 6
2025-11-12T10:24:17Z,60.0,Charge 6
2025-11-12T10:24:18Z,61.0,Charge 6
2025-11-12T10:24:20Z,62.0,Charge 6
2025-11-12T10:24:22Z,64.0,Charge 6
2025-11-12T10:24:24Z,66.0,Charge 6
2025-11-12T10:24:27Z,66.0,Charge 6
2025-11-12T10:24:30Z,67.0,Charge 6
2025-11-12T10:24:33Z,67.0,Charge 6
2025-11-12T10:24:35Z,65.0,Charge 6
2025-11-12T10:24:37Z,64.0,Charge 6
2025-11-12T10:24:39Z,61.0,Charge 6
2025-11-12T10:24:41Z,59.0,Charge 6
2025-11-12T10:24:43Z,58.0,Charge 6
2025-11-12T10:24:45Z,57.0,Charge 6
2025-11-12T10:24:47Z,56.0,Charge 6
2025-11-12T10:24:50Z,56.0,Charge 6
2025-11-12T10:24:51Z,55.0,Charge 6
2025-11-12T10:24:53Z,54.0,Charge 6
2025-11-12T10:24:56Z,54.0,Charge 6
2025-11-12T10:24:59Z,54.0,Charge 6
2025-11-12T10:25:00Z,55.0,Charge 6
2025-11-12T10:25:02Z,56.0,Charge 6
2025-11-12T10:25:05Z,56.0,Charge 6
2025-11-12T10:25:06Z,58.0,Charge 6
2025-11-12T10:25:08Z,60.0,Charge 6
2025-11-12T10:25:11Z,60.0,Charge 6
2025-11-12T10:25:14Z,60.0,Charge 6
2025-11-12T10:25:17Z,60.0,Charge 6
2025-11-12T10:25:20Z,60.0,Charge 6
2025-11-12T10:25:23Z,61.0,Charge 6
2025-11-12T10:25:25Z,62.0,Charge 6
2025-11-12T10:25:27Z,63.0,Charge 6
2025-11-12T10:25:30Z,63.0,Charge 6
2025-11-12T10:25:31Z,64.0,Charge 6
2025-11-12T10:25:33Z,63.0,Charge 6
2025-11-12T10:25:35Z,62.0,Charge 6
2025-11-12T10:25:37Z,63.0,Charge 6
2025-11-12T10:25:39Z,65.0,Charge 6
2025-11-12T10:25:41Z,67.0,Charge 6
2025-11-12T10:25:43Z,68.0,Charge 6
2025-11-12T10:25:45Z,70.0,Charge 6
2025-11-12T10:25:46Z,71.0,Charge 6
2025-11-12T10:25:49Z,71.0,Charge 6
2025-11-12T10:25:50Z,73.0,Charge 6
2025-11-12T10:25:52Z,74.0,Charge 6
2025-11-12T10:25:54Z,75.0,Charge 6
2025-11-12T10:25:56Z,76.0,Charge 6
2025-11-12T10:25:58Z,77.0,Charge 6
2025-11-12T10:26:00Z,76.0,Charge 6
2025-11-12T10:26:02Z,74.0,Charge 6
2025-11-12T10:26:04Z,72.0,Charge 6
2025-11-12T10:26:06Z,69.0,Charge 6
2025-11-12T10:26:08Z,65.0,Charge 6
2025-11-12T10:26:10Z,63.0,Charge 6
2025-11-12T10:26:11Z,62.0,Charge 6
2025-11-12T10:26:13Z,61.0,Charge 6
2025-11-12T10:26:16Z,61.0,Charge 6
2025-11-12T10:26:17Z,63.0,Charge 6
2025-11-12T10:26:19Z,65.0,Charge 6
2025-11-12T10:26:21Z,67.0,Charge 6
2025-11-12T10:26:24Z,67.0,Charge 6
2025-11-12T10:26:25Z,59.0,Charge 6
2025-11-12T10:26:27Z,58.0,Charge 6
2025-11-12T10:26:30Z,58.0,Charge 6
2025-11-12T10:26:31Z,56.0,Charge 6
2025-11-12T10:26:34Z,56.0,Charge 6
2025-11-12T10:26:36Z,56.0,Charge 6
2025-11-12T10:26:39Z,56.0,Charge 6
2025-11-12T10:26:40Z,55.0,Charge 6
2025-11-12T10:26:42Z,54.0,Charge 6
2025-11-12T10:26:44Z,53.0,Charge 6
2025-11-12T10:26:46Z,51.0,Charge 6
2025-11-12T10:26:48Z,51.0,Charge 6
2025-11-12T10:26:51Z,51.0,Charge 6
2025-11-12T10:26:52Z,50.0,Charge 6
2025-11-12T10:26:54Z,51.0,Charge 6
2025-11-12T10:26:56Z,52.0,Charge 6
2025-11-12T10:26:58Z,53.0,Charge 6
2025-11-12T10:26:59Z,55.0,Charge 6
2025-11-12T10:27:01Z,56.0,Charge 6
2025-11-12T10:27:03Z,55.0,Charge 6
2025-11-12T10:27:05Z,51.0,Charge 6
2025-11-12T10:27:07Z,50.0,Charge 6
2025-11-12T10:27:10Z,50.0,Charge 6
2025-11-12T10:27:13Z,51.0,Charge 6
2025-11-12T10:27:15Z,53.0,Charge 6
2025-11-12T10:27:17Z,53.0,Charge 6
2025-11-12T10:27:19Z,54.0,Charge 6
2025-11-12T10:27:21Z,56.0,Charge 6
2025-11-12T10:27:22Z,54.0,Charge 6
2025-11-12T10:27:24Z,53.0,Charge 6
2025-11-12T10:27:26Z,52.0,Charge 6
2025-11-12T10:27:28Z,52.0,Charge 6
2025-11-12T10:27:30Z,52.0,Charge 6
2025-11-12T10:27:33Z,52.0,Charge 6
2025-11-12T10:27:34Z,53.0,Charge 6
2025-11-12T10:27:36Z,54.0,Charge 6
2025-11-12T10:27:38Z,56.0,Charge 6
2025-11-12T10:27:41Z,56.0,Charge 6
2025-11-12T10:27:42Z,55.0,Charge 6
2025-11-12T10:27:44Z,54.0,Charge 6
2025-11-12T10:27:46Z,53.0,Charge 6
2025-11-12T10:27:47Z,52.0,Charge 6
2025-11-12T10:27:49Z,52.0,Charge 6
2025-11-12T10:27:52Z,52.0,Charge 6
2025-11-12T10:27:55Z,52.0,Charge 6
2025-11-12T10:27:58Z,52.0,Charge 6
2025-11-12T10:27:59Z,53.0,Charge 6
2025-11-12T10:28:02Z,53.0,Charge 6
2025-11-12T10:28:05Z,52.0,Charge 6
2025-11-12T10:28:07Z,53.0,Charge 6
2025-11-12T10:28:09Z,54.0,Charge 6
2025-11-12T10:28:12Z,54.0,Charge 6
2025-11-12T10:28:15Z,54.0,Charge 6
2025-11-12T10:28:16Z,55.0,Charge 6
2025-11-12T10:28:19Z,55.0,Charge 6
2025-11-12T10:28:20Z,54.0,Charge 6
2025-11-12T10:28:23Z,54.0,Charge 6
2025-11-12T10:28:26Z,54.0,Charge 6
2025-11-12T10:28:29Z,54.0,Charge 6
2025-11-12T10:28:30Z,54.0,Charge 6
2025-11-12T10:28:32Z,56.0,Charge 6
2025-11-12T10:28:35Z,56.0,Charge 6
2025-11-12T10:28:37Z,57.0,Charge 6
2025-11-12T10:28:39Z,56.0,Charge 6
2025-11-12T10:28:41Z,54.0,Charge 6
2025-11-12T10:28:43Z,53.0,Charge 6
2025-11-12T10:28:45Z,52.0,Charge 6
2025-11-12T10:28:48Z,52.0,Charge 6
2025-11-12T10:28:49Z,51.0,Charge 6
2025-11-12T10:28:52Z,51.0,Charge 6
2025-11-12T10:28:55Z,51.0,Charge 6
2025-11-12T10:28:58Z,52.0,Charge 6
2025-11-12T10:29:00Z,53.0,Charge 6
2025-11-12T10:29:03Z,53.0,Charge 6
2025-11-12T10:29:04Z,52.0,Charge 6
2025-11-12T10:29:07Z,52.0,Charge 6
2025-11-12T10:29:10Z,52.0,Charge 6
2025-11-12T10:29:12Z,54.0,Charge 6
2025-11-12T10:29:14Z,56.0,Charge 6
2025-11-12T10:29:16Z,60.0,Charge 6
2025-11-12T10:29:18Z,60.0,Charge 6
2025-11-12T10:29:21Z,60.0,Charge 6
2025-11-12T10:29:22Z,58.0,Charge 6
2025-11-12T10:29:25Z,60.0,Charge 6
2025-11-12T10:29:27Z,62.0,Charge 6
2025-11-12T10:29:29Z,61.0,Charge 6
2025-11-12T10:29:31Z,60.0,Charge 6
2025-11-12T10:29:33Z,59.0,Charge 6
2025-11-12T10:29:35Z,57.0,Charge 6
2025-11-12T10:29:37Z,56.0,Charge 6
2025-11-12T10:29:39Z,55.0,Charge 6
2025-11-12T10:29:41Z,54.0,Charge 6
2025-11-12T10:29:44Z,54.0,Charge 6
2025-11-12T10:29:45Z,53.0,Charge 6
2025-11-12T10:29:46Z,52.0,Charge 6
2025-11-12T10:29:49Z,52.0,Charge 6
2025-11-12T10:29:52Z,52.0,Charge 6
2025-11-12T10:29:54Z,51.0,Charge 6
2025-11-12T10:29:57Z,51.0,Charge 6
2025-11-12T10:30:00Z,51.0,Charge 6
2025-11-12T10:30:02Z,50.0,Charge 6
2025-11-12T10:30:05Z,50.0,Charge 6
2025-11-12T10:30:08Z,50.0,Charge 6
2025-11-12T10:30:10Z,51.0,Charge 6
2025-11-12T10:30:11Z,52.0,Charge 6
2025-11-12T10:30:14Z,52.0,Charge 6
2025-11-12T10:30:17Z,52.0,Charge 6
2025-11-12T10:30:20Z,52.0,Charge 6
2025-11-12T10:30:23Z,52.0,Charge 6
2025-11-12T10:30:25Z,51.0,Charge 6
2025-11-12T10:30:27Z,52.0,Charge 6
2025-11-12T10:30:30Z,52.0,Charge 6
2025-11-12T10:30:33Z,51.0,Charge 6
2025-11-12T10:30:34Z,51.0,Charge 6
2025-11-12T10:30:37Z,51.0,Charge 6
2025-11-12T10:30:40Z,51.0,Charge 6
2025-11-12T10:30:43Z,51.0,Charge 6
2025-11-12T10:30:46Z,50.0,Charge 6
2025-11-12T10:30:49Z,50.0,Charge 6
2025-11-12T10:30:52Z,50.0,Charge 6
2025-11-12T10:30:55Z,50.0,Charge 6
2025-11-12T10:30:56Z,50.0,Charge 6
2025-11-12T10:30:58Z,51.0,Charge 6
2025-11-12T10:30:59Z,53.0,Charge 6
2025-11-12T10:31:01Z,55.0,Charge 6
2025-11-12T10:31:03Z,56.0,Charge 6
2025-11-12T10:31:06Z,56.0,Charge 6
2025-11-12T10:31:07Z,54.0,Charge 6
2025-11-12T10:31:09Z,53.0,Charge 6
2025-11-12T10:31:11Z,53.0,Charge 6
2025-11-12T10:31:14Z,53.0,Charge 6
2025-11-12T10:31:17Z,54.0,Charge 6
2025-11-12T10:31:19Z,55.0,Charge 6
2025-11-12T10:31:21Z,57.0,Charge 6
2025-11-12T10:31:22Z,56.0,Charge 6
2025-11-12T10:31:24Z,53.0,Charge 6
2025-11-12T10:31:26Z,52.0,Charge 6
2025-11-12T10:31:28Z,51.0,Charge 6
2025-11-12T10:31:30Z,51.0,Charge 6
2025-11-12T10:31:32Z,50.0,Charge 6
2025-11-12T10:31:34Z,49.0,Charge 6
2025-11-12T10:31:37Z,49.0,Charge 6
2025-11-12T10:31:38Z,50.0,Charge 6
2025-11-12T10:31:41Z,50.0,Charge 6
2025-11-12T10:31:44Z,51.0,Charge 6
2025-11-12T10:31:46Z,52.0,Charge 6
2025-11-12T10:31:49Z,52.0,Charge 6
2025-11-12T10:31:51Z,53.0,Charge 6
2025-11-12T10:31:53Z,54.0,Charge 6
2025-11-12T10:31:55Z,53.0,Charge 6
2025-11-12T10:31:57Z,52.0,Charge 6
2025-11-12T10:32:00Z,52.0,Charge 6
2025-11-12T10:32:01Z,54.0,Charge 6
2025-11-12T10:32:03Z,55.0,Charge 6
2025-11-12T10:32:05Z,56.0,Charge 6
2025-11-12T10:32:08Z,56.0,Charge 6
2025-11-12T10:32:11Z,56.0,Charge 6
2025-11-12T10:32:14Z,57.0,Charge 6
2025-11-12T10:32:17Z,57.0,Charge 6
2025-11-12T10:32:18Z,58.0,Charge 6
2025-11-12T10:32:21Z,58.0,Charge 6
2025-11-12T10:32:22Z,57.0,Charge 6
2025-11-12T10:32:25Z,57.0,Charge 6
2025-11-12T10:32:26Z,56.0,Charge 6
2025-11-12T10:32:29Z,56.0,Charge 6
2025-11-12T10:32:30Z,55.0,Charge 6
2025-11-12T10:32:32Z,54.0,Charge 6
2025-11-12T10:32:34Z,54.0,Charge 6
2025-11-12T10:32:35Z,53.0,Charge 6
2025-11-12T10:32:38Z,53.0,Charge 6
2025-11-12T10:32:41Z,53.0,Charge 6
2025-11-12T10:32:44Z,53.0,Charge 6
2025-11-12T10:32:47Z,53.0,Charge 6
2025-11-12T10:32:50Z,53.0,Charge 6
2025-11-12T10:32:53Z,53.0,Charge 6
2025-11-12T10:32:56Z,53.0,Charge 6
2025-11-12T10:32:57Z,54.0,Charge 6
2025-11-12T10:33:00Z,54.0,Charge 6
2025-11-12T10:33:02Z,55.0,Charge 6
2025-11-12T10:33:04Z,56.0,Charge 6
2025-11-12T10:33:07Z,56.0,Charge 6
2025-11-12T10:33:08Z,55.0,Charge 6
2025-11-12T10:33:11Z,55.0,Charge 6
2025-11-12T10:33:12Z,56.0,Charge 6
2025-11-12T10:33:15Z,56.0,Charge 6
2025-11-12T10:33:18Z,56.0,Charge 6
2025-11-12T10:33:21Z,56.0,Charge 6
2025-11-12T10:33:22Z,57.0,Charge 6
2025-11-12T10:33:23Z,56.0,Charge 6
2025-11-12T10:33:26Z,56.0,Charge 6
2025-11-12T10:33:27Z,55.0,Charge 6
2025-11-12T10:33:29Z,54.0,Charge 6
2025-11-12T10:33:32Z,54.0,Charge 6
2025-11-12T10:33:35Z,54.0,Charge 6
2025-11-12T10:33:37Z,54.0,Charge 6
2025-11-12T10:33:40Z,54.0,Charge 6
2025-11-12T10:33:43Z,54.0,Charge 6
2025-11-12T10:33:45Z,53.0,Charge 6
2025-11-12T10:33:48Z,53.0,Charge 6
2025-11-12T10:33:50Z,52.0,Charge 6
2025-11-12T10:33:53Z,52.0,Charge 6
2025-11-12T10:33:56Z,52.0,Charge 6
2025-11-12T10:33:59Z,52.0,Charge 6
2025-11-12T10:34:02Z,53.0,Charge 6
2025-11-12T10:34:04Z,54.0,Charge 6
2025-11-12T10:34:06Z,54.0,Charge 6
2025-11-12T10:34:08Z,54.0,Charge 6
2025-11-12T10:34:11Z,55.0,Charge 6
2025-11-12T10:34:13Z,56.0,Charge 6
2025-11-12T10:34:16Z,56.0,Charge 6
2025-11-12T10:34:17Z,57.0,Charge 6
2025-11-12T10:34:19Z,56.0,Charge 6
2025-11-12T10:34:22Z,56.0,Charge 6
2025-11-12T10:34:25Z,56.0,Charge 6
2025-11-12T10:34:28Z,56.0,Charge 6
2025-11-12T10:34:31Z,55.0,Charge 6
2025-11-12T10:34:34Z,56.0,Charge 6
2025-11-12T10:34:36Z,55.0,Charge 6
2025-11-12T10:34:38Z,56.0,Charge 6
2025-11-12T10:34:41Z,56.0,Charge 6
2025-11-12T10:34:42Z,58.0,Charge 6
2025-11-12T10:34:44Z,62.0,Charge 6
2025-11-12T10:34:46Z,65.0,Charge 6
2025-11-12T10:34:48Z,66.0,Charge 6
2025-11-12T10:34:50Z,65.0,Charge 6
2025-11-12T10:34:52Z,63.0,Charge 6
2025-11-12T10:34:54Z,62.0,Charge 6
2025-11-12T10:34:56Z,64.0,Charge 6
2025-11-12T10:34:58Z,63.0,Charge 6
2025-11-12T10:35:01Z,64.0,Charge 6
2025-11-12T10:35:03Z,62.0,Charge 6
2025-11-12T10:35:05Z,61.0,Charge 6
2025-11-12T10:35:07Z,60.0,Charge 6
2025-11-12T10:35:09Z,59.0,Charge 6
2025-11-12T10:35:12Z,59.0,Charge 6
2025-11-12T10:35:15Z,59.0,Charge 6
2025-11-12T10:35:17Z,60.0,Charge 6
2025-11-12T10:35:19Z,63.0,Charge 6
2025-11-12T10:35:21Z,66.0,Charge 6
2025-11-12T10:35:22Z,69.0,Charge 6
2025-11-12T10:35:25Z,69.0,Charge 6
2025-11-12T10:35:28Z,70.0,Charge 6
2025-11-12T10:35:30Z,72.0,Charge 6
2025-11-12T10:35:32Z,71.0,Charge 6
2025-11-12T10:35:34Z,69.0,Charge 6
2025-11-12T10:35:36Z,68.0,Charge 6
2025-11-12T10:35:38Z,65.0,Charge 6
2025-11-12T10:35:40Z,63.0,Charge 6
2025-11-12T10:35:42Z,60.0,Charge 6
2025-11-12T10:35:44Z,59.0,Charge 6
2025-11-12T10:35:46Z,58.0,Charge 6
2025-11-12T10:35:47Z,57.0,Charge 6
2025-11-12T10:35:49Z,56.0,Charge 6
2025-11-12T10:35:52Z,56.0,Charge 6
2025-11-12T10:35:55Z,55.0,Charge 6
2025-11-12T10:35:57Z,54.0,Charge 6
2025-11-12T10:36:00Z,54.0,Charge 6
2025-11-12T10:36:02Z,54.0,Charge 6
2025-11-12T10:36:05Z,54.0,Charge 6
2025-11-12T10:36:06Z,58.0,Charge 6
2025-11-12T10:36:08Z,62.0,Charge 6
2025-11-12T10:36:10Z,65.0,Charge 6
2025-11-12T10:36:13Z,65.0,Charge 6
2025-11-12T10:36:16Z,65.0,Charge 6
2025-11-12T10:36:18Z,66.0,Charge 6
2025-11-12T10:36:20Z,67.0,Charge 6
2025-11-12T10:36:21Z,69.0,Charge 6
2025-11-12T10:36:23Z,70.0,Charge 6
2025-11-12T10:36:26Z,70.0,Charge 6
2025-11-12T10:36:29Z,72.0,Charge 6
2025-11-12T10:36:31Z,73.0,Charge 6
2025-11-12T10:36:33Z,71.0,Charge 6
2025-11-12T10:36:35Z,68.0,Charge 6
2025-11-12T10:36:37Z,65.0,Charge 6
2025-11-12T10:36:39Z,61.0,Charge 6
2025-11-12T10:36:41Z,60.0,Charge 6
2025-11-12T10:36:43Z,59.0,Charge 6
2025-11-12T10:36:44Z,58.0,Charge 6
2025-11-12T10:36:47Z,58.0,Charge 6
2025-11-12T10:36:48Z,57.0,Charge 6
2025-11-12T10:36:51Z,57.0,Charge 6
2025-11-12T10:36:54Z,57.0,Charge 6
2025-11-12T10:36:57Z,57.0,Charge 6
2025-11-12T10:36:58Z,58.0,Charge 6
2025-11-12T10:37:01Z,58.0,Charge 6
2025-11-12T10:37:04Z,58.0,Charge 6
2025-11-12T10:37:07Z,58.0,Charge 6
2025-11-12T10:37:08Z,59.0,Charge 6
2025-11-12T10:37:09Z,60.0,Charge 6
2025-11-12T10:37:12Z,60.0,Charge 6
2025-11-12T10:37:15Z,60.0,Charge 6
2025-11-12T10:37:18Z,60.0,Charge 6
2025-11-12T10:37:19Z,59.0,Charge 6
2025-11-12T10:37:22Z,59.0,Charge 6
2025-11-12T10:37:23Z,58.0,Charge 6
2025-11-12T10:37:26Z,58.0,Charge 6
2025-11-12T10:37:29Z,58.0,Charge 6
2025-11-12T10:37:32Z,58.0,Charge 6
2025-11-12T10:37:35Z,58.0,Charge 6
2025-11-12T10:37:38Z,58.0,Charge 6
2025-11-12T10:37:41Z,58.0,Charge 6
2025-11-12T10:37:42Z,59.0,Charge 6
2025-11-12T10:37:44Z,58.0,Charge 6
2025-11-12T10:37:47Z,58.0,Charge 6
2025-11-12T10:37:50Z,58.0,Charge 6
2025-11-12T10:37:53Z,58.0,Charge 6
2025-11-12T10:37:56Z,57.0,Charge 6
2025-11-12T10:37:59Z,57.0,Charge 6
2025-11-12T10:38:02Z,57.0,Charge 6
2025-11-12T10:38:05Z,57.0,Charge 6
2025-11-12T10:38:07Z,56.0,Charge 6
2025-11-12T10:38:09Z,55.0,Charge 6
2025-11-12T10:38:11Z,54.0,Charge 6
2025-11-12T10:38:14Z,54.0,Charge 6
2025-11-12T10:38:15Z,53.0,Charge 6
2025-11-12T10:38:18Z,53.0,Charge 6
2025-11-12T10:38:21Z,53.0,Charge 6
2025-11-12T10:38:22Z,54.0,Charge 6
2025-11-12T10:38:25Z,54.0,Charge 6
2025-11-12T10:38:28Z,54.0,Charge 6
2025-11-12T10:38:31Z,54.0,Charge 6
2025-11-12T10:38:34Z,54.0,Charge 6
2025-11-12T10:38:37Z,54.0,Charge 6
2025-11-12T10:38:40Z,53.0,Charge 6
2025-11-12T10:38:42Z,54.0,Charge 6
2025-11-12T10:38:45Z,54.0,Charge 6
2025-11-12T10:38:48Z,54.0,Charge 6
2025-11-12T10:38:51Z,54.0,Charge 6
2025-11-12T10:38:54Z,54.0,Charge 6
2025-11-12T10:38:55Z,54.0,Charge 6
2025-11-12T10:38:58Z,54.0,Charge 6
2025-11-12T10:39:01Z,54.0,Charge 6
2025-11-12T10:39:04Z,54.0,Charge 6
2025-11-12T10:39:07Z,54.0,Charge 6
2025-11-12T10:39:10Z,54.0,Charge 6
2025-11-12T10:39:13Z,54.0,Charge 6
2025-11-12T10:39:16Z,54.0,Charge 6
2025-11-12T10:39:19Z,54.0,Charge 6
2025-11-12T10:39:22Z,54.0,Charge 6
2025-11-12T10:39:25Z,54.0,Charge 6
2025-11-12T10:39:28Z,54.0,Charge 6
2025-11-12T10:39:31Z,54.0,Charge 6
2025-11-12T10:39:34Z,54.0,Charge 6
2025-11-12T10:39:37Z,54.0,Charge 6
2025-11-12T10:39:40Z,54.0,Charge 6
2025-11-12T10:39:43Z,55.0,Charge 6
2025-11-12T10:39:45Z,56.0,Charge 6
2025-11-12T10:39:48Z,56.0,Charge 6
2025-11-12T10:39:51Z,56.0,Charge 6
2025-11-12T10:39:54Z,56.0,Charge 6
2025-11-12T10:39:56Z,55.0,Charge 6
2025-11-12T10:39:59Z,55.0,Charge 6
2025-11-12T10:40:02Z,55.0,Charge 6
2025-11-12T10:40:05Z,55.0,Charge 6
2025-11-12T10:40:08Z,55.0,Charge 6
2025-11-12T10:40:10Z,56.0,Charge 6
2025-11-12T10:40:12Z,56.0,Charge 6
2025-11-12T10:40:14Z,55.0,Charge 6
2025-11-12T10:40:16Z,54.0,Charge 6
2025-11-12T10:40:19Z,54.0,Charge 6
2025-11-12T10:40:22Z,54.0,Charge 6
2025-11-12T10:40:25Z,54.0,Charge 6
2025-11-12T10:40:28Z,54.0,Charge 6
2025-11-12T10:40:31Z,54.0,Charge 6
2025-11-12T10:40:34Z,54.0,Charge 6
2025-11-12T10:40:37Z,55.0,Charge 6
2025-11-12T10:40:40Z,55.0,Charge 6
2025-11-12T10:40:43Z,55.0,Charge 6
2025-11-12T10:40:44Z,56.0,Charge 6
2025-11-12T10:40:47Z,56.0,Charge 6
2025-11-12T10:40:50Z,56.0,Charge 6
2025-11-12T10:40:52Z,57.0,Charge 6
2025-11-12T10:40:54Z,58.0,Charge 6
2025-11-12T10:40:56Z,57.0,Charge 6
2025-11-12T10:40:59Z,57.0,Charge 6
2025-11-12T10:41:00Z,56.0,Charge 6
2025-11-12T10:41:03Z,56.0,Charge 6
2025-11-12T10:41:06Z,56.0,Charge 6
2025-11-12T10:41:09Z,56.0,Charge 6
2025-11-12T10:41:12Z,56.0,Charge 6
2025-11-12T10:41:15Z,56.0,Charge 6
2025-11-12T10:41:18Z,56.0,Charge 6
2025-11-12T10:41:19Z,55.0,Charge 6
2025-11-12T10:41:21Z,55.0,Charge 6
2025-11-12T10:41:24Z,55.0,Charge 6
2025-11-12T10:41:27Z,55.0,Charge 6
2025-11-12T10:41:29Z,54.0,Charge 6
2025-11-12T10:41:31Z,55.0,Charge 6
2025-11-12T10:41:34Z,55.0,Charge 6
2025-11-12T10:41:37Z,55.0,Charge 6
2025-11-12T10:41:40Z,54.0,Charge 6
2025-11-12T10:41:43Z,54.0,Charge 6
2025-11-12T10:41:44Z,55.0,Charge 6
2025-11-12T10:41:46Z,54.0,Charge 6
2025-11-12T10:41:48Z,55.0,Charge 6
2025-11-12T10:41:51Z,55.0,Charge 6
2025-11-12T10:41:52Z,56.0,Charge 6
2025-11-12T10:41:55Z,56.0,Charge 6
2025-11-12T10:41:57Z,55.0,Charge 6
2025-11-12T10:42:00Z,55.0,Charge 6
2025-11-12T10:42:03Z,55.0,Charge 6
2025-11-12T10:42:06Z,55.0,Charge 6
2025-11-12T10:42:07Z,56.0,Charge 6
2025-11-12T10:42:10Z,56.0,Charge 6
2025-11-12T10:42:13Z,56.0,Charge 6
2025-11-12T10:42:16Z,56.0,Charge 6
2025-11-12T10:42:19Z,56.0,Charge 6
2025-11-12T10:42:22Z,56.0,Charge 6
2025-11-12T10:42:25Z,56.0,Charge 6
2025-11-12T10:42:28Z,56.0,Charge 6
2025-11-12T10:42:30Z,56.0,Charge 6
2025-11-12T10:42:33Z,56.0,Charge 6
2025-11-12T10:42:36Z,56.0,Charge 6
2025-11-12T10:42:39Z,56.0,Charge 6
2025-11-12T10:42:42Z,55.0,Charge 6
2025-11-12T10:42:44Z,54.0,Charge 6
2025-11-12T10:42:47Z,54.0,Charge 6
2025-11-12T10:42:50Z,54.0,Charge 6
2025-11-12T10:42:53Z,55.0,Charge 6
2025-11-12T10:42:55Z,56.0,Charge 6
2025-11-12T10:42:57Z,58.0,Charge 6
2025-11-12T10:42:59Z,62.0,Charge 6
2025-11-12T10:43:02Z,62.0,Charge 6
2025-11-12T10:43:03Z,64.0,Charge 6
2025-11-12T10:43:05Z,68.0,Charge 6
2025-11-12T10:43:07Z,66.0,Charge 6
2025-11-12T10:43:08Z,67.0,Charge 6
2025-11-12T10:43:10Z,66.0,Charge 6
2025-11-12T10:43:12Z,63.0,Charge 6
2025-11-12T10:43:14Z,61.0,Charge 6
2025-11-12T10:43:16Z,60.0,Charge 6
2025-11-12T10:43:18Z,58.0,Charge 6
2025-11-12T10:43:21Z,58.0,Charge 6
2025-11-12T10:43:24Z,57.0,Charge 6
2025-11-12T10:43:27Z,57.0,Charge 6
2025-11-12T10:43:28Z,58.0,Charge 6
2025-11-12T10:43:30Z,57.0,Charge 6
2025-11-12T10:43:32Z,57.0,Charge 6
2025-11-12T10:43:33Z,58.0,Charge 6
2025-11-12T10:43:36Z,58.0,Charge 6
2025-11-12T10:43:37Z,62.0,Charge 6
2025-11-12T10:43:40Z,62.0,Charge 6
2025-11-12T10:43:41Z,60.0,Charge 6
2025-11-12T10:43:43Z,57.0,Charge 6
2025-11-12T10:43:45Z,56.0,Charge 6
2025-11-12T10:43:47Z,54.0,Charge 6
2025-11-12T10:43:50Z,54.0,Charge 6
2025-11-12T10:43:53Z,54.0,Charge 6
2025-11-12T10:43:56Z,55.0,Charge 6
2025-11-12T10:43:58Z,54.0,Charge 6
2025-11-12T10:44:00Z,55.0,Charge 6
2025-11-12T10:44:02Z,54.0,Charge 6
2025-11-12T10:44:05Z,54.0,Charge 6
2025-11-12T10:44:06Z,55.0,Charge 6
2025-11-12T10:44:08Z,56.0,Charge 6
2025-11-12T10:44:11Z,56.0,Charge 6
2025-11-12T10:44:14Z,56.0,Charge 6
2025-11-12T10:44:17Z,56.0,Charge 6
2025-11-12T10:44:20Z,56.0,Charge 6
2025-11-12T10:44:23Z,56.0,Charge 6
2025-11-12T10:44:25Z,55.0,Charge 6
2025-11-12T10:44:28Z,55.0,Charge 6
2025-11-12T10:44:31Z,55.0,Charge 6
2025-11-12T10:44:33Z,56.0,Charge 6
2025-11-12T10:44:35Z,55.0,Charge 6
2025-11-12T10:44:37Z,56.0,Charge 6
2025-11-12T10:44:40Z,56.0,Charge 6
2025-11-12T10:44:43Z,56.0,Charge 6
2025-11-12T10:44:46Z,56.0,Charge 6
2025-11-12T10:44:48Z,57.0,Charge 6
2025-11-12T10:44:50Z,58.0,Charge 6
2025-11-12T10:44:53Z,58.0,Charge 6
2025-11-12T10:44:54Z,57.0,Charge 6
2025-11-12T10:44:56Z,56.0,Charge 6
2025-11-12T10:44:58Z,54.0,Charge 6
2025-11-12T10:45:01Z,54.0,Charge 6
2025-11-12T10:45:04Z,54.0,Charge 6
2025-11-12T10:45:07Z,54.0,Charge 6
2025-11-12T10:45:10Z,54.0,Charge 6
2025-11-12T10:45:13Z,54.0,Charge 6
2025-11-12T10:45:16Z,54.0,Charge 6
2025-11-12T10:45:17Z,55.0,Charge 6
2025-11-12T10:45:20Z,55.0,Charge 6
2025-11-12T10:45:21Z,56.0,Charge 6
2025-11-12T10:45:24Z,56.0,Charge 6
2025-11-12T10:45:27Z,56.0,Charge 6
2025-11-12T10:45:30Z,56.0,Charge 6
2025-11-12T10:45:33Z,56.0,Charge 6
2025-11-12T10:45:36Z,56.0,Charge 6
2025-11-12T10:45:39Z,56.0,Charge 6
2025-11-12T10:45:42Z,56.0,Charge 6
2025-11-12T10:45:44Z,56.0,Charge 6
2025-11-12T10:45:47Z,56.0,Charge 6
2025-11-12T10:45:50Z,57.0,Charge 6
2025-11-12T10:45:52Z,56.0,Charge 6
2025-11-12T10:45:55Z,56.0,Charge 6
2025-11-12T10:45:58Z,56.0,Charge 6
2025-11-12T10:46:01Z,56.0,Charge 6
2025-11-12T10:46:04Z,56.0,Charge 6
2025-11-12T10:46:05Z,55.0,Charge 6
2025-11-12T10:46:07Z,54.0,Charge 6
2025-11-12T10:46:10Z,54.0,Charge 6
2025-11-12T10:46:13Z,54.0,Charge 6
2025-11-12T10:46:16Z,54.0,Charge 6
2025-11-12T10:46:19Z,54.0,Charge 6
2025-11-12T10:46:22Z,54.0,Charge 6
2025-11-12T10:46:25Z,54.0,Charge 6
2025-11-12T10:46:28Z,54.0,Charge 6
2025-11-12T10:46:31Z,54.0,Charge 6
2025-11-12T10:46:34Z,54.0,Charge 6
2025-11-12T10:46:37Z,54.0,Charge 6
2025-11-12T10:46:38Z,55.0,Charge 6
2025-11-12T10:46:40Z,56.0,Charge 6
2025-11-12T10:46:43Z,56.0,Charge 6
2025-11-12T10:46:45Z,55.0,Charge 6
2025-11-12T10:46:47Z,54.0,Charge 6
2025-11-12T10:46:49Z,55.0,Charge 6
2025-11-12T10:46:52Z,55.0,Charge 6
2025-11-12T10:46:53Z,55.0,Charge 6
2025-11-12T10:46:55Z,56.0,Charge 6
2025-11-12T10:46:58Z,56.0,Charge 6
2025-11-12T10:47:01Z,56.0,Charge 6
2025-11-12T10:47:04Z,56.0,Charge 6
2025-11-12T10:47:05Z,55.0,Charge 6
2025-11-12T10:47:07Z,56.0,Charge 6
2025-11-12T10:47:10Z,56.0,Charge 6
2025-11-12T10:47:13Z,56.0,Charge 6
2025-11-12T10:47:16Z,56.0,Charge 6
2025-11-12T10:47:19Z,56.0,Charge 6
2025-11-12T10:47:22Z,55.0,Charge 6
2025-11-12T10:47:24Z,54.0,Charge 6
2025-11-12T10:47:27Z,54.0,Charge 6
2025-11-12T10:47:30Z,54.0,Charge 6
2025-11-12T10:47:32Z,55.0,Charge 6
2025-11-12T10:47:35Z,56.0,Charge 6
2025-11-12T10:47:38Z,56.0,Charge 6
2025-11-12T10:47:41Z,56.0,Charge 6
2025-11-12T10:47:44Z,56.0,Charge 6
2025-11-12T10:47:47Z,56.0,Charge 6
2025-11-12T10:47:50Z,56.0,Charge 6
2025-11-12T10:47:53Z,57.0,Charge 6
2025-11-12T10:47:55Z,58.0,Charge 6
2025-11-12T10:47:58Z,57.0,Charge 6
2025-11-12T10:48:01Z,57.0,Charge 6
2025-11-12T10:48:04Z,57.0,Charge 6
2025-11-12T10:48:06Z,57.0,Charge 6
2025-11-12T10:48:09Z,57.0,Charge 6
2025-11-12T10:48:10Z,58.0,Charge 6
2025-11-12T10:48:13Z,58.0,Charge 6
2025-11-12T10:48:16Z,58.0,Charge 6
2025-11-12T10:48:19Z,58.0,Charge 6
2025-11-12T10:48:20Z,57.0,Charge 6
2025-11-12T10:48:21Z,56.0,Charge 6
2025-11-12T10:48:23Z,57.0,Charge 6
2025-11-12T10:48:26Z,57.0,Charge 6
2025-11-12T10:48:29Z,56.0,Charge 6
2025-11-12T10:48:32Z,56.0,Charge 6
2025-11-12T10:48:35Z,56.0,Charge 6
2025-11-12T10:48:38Z,56.0,Charge 6
2025-11-12T10:48:41Z,56.0,Charge 6
2025-11-12T10:48:44Z,56.0,Charge 6
2025-11-12T10:48:47Z,56.0,Charge 6
2025-11-12T10:48:50Z,56.0,Charge 6
2025-11-12T10:48:53Z,56.0,Charge 6
2025-11-12T10:48:54Z,57.0,Charge 6
2025-11-12T10:48:56Z,56.0,Charge 6
2025-11-12T10:48:59Z,56.0,Charge 6
2025-11-12T10:49:02Z,56.0,Charge 6
2025-11-12T10:49:05Z,56.0,Charge 6
2025-11-12T10:49:06Z,55.0,Charge 6
2025-11-12T10:49:09Z,55.0,Charge 6
2025-11-12T10:49:11Z,54.0,Charge 6
2025-11-12T10:49:13Z,54.0,Charge 6
2025-11-12T10:49:16Z,54.0,Charge 6
2025-11-12T10:49:17Z,55.0,Charge 6
2025-11-12T10:49:19Z,56.0,Charge 6
2025-11-12T10:49:22Z,56.0,Charge 6
2025-11-12T10:49:25Z,57.0,Charge 6
2025-11-12T10:49:28Z,57.0,Charge 6
2025-11-12T10:49:29Z,58.0,Charge 6
2025-11-12T10:49:32Z,57.0,Charge 6
2025-11-12T10:49:34Z,56.0,Charge 6
2025-11-12T10:49:37Z,56.0,Charge 6
2025-11-12T10:49:40Z,56.0,Charge 6
2025-11-12T10:49:43Z,56.0,Charge 6
2025-11-12T10:49:46Z,56.0,Charge 6
2025-11-12T10:49:49Z,56.0,Charge 6
2025-11-12T10:49:52Z,56.0,Charge 6
2025-11-12T10:49:55Z,56.0,Charge 6
2025-11-12T10:49:58Z,56.0,Charge 6
2025-11-12T10:50:01Z,56.0,Charge 6
2025-11-12T10:50:04Z,56.0,Charge 6
2025-11-12T10:50:07Z,56.0,Charge 6
2025-11-12T10:50:09Z,57.0,Charge 6
2025-11-12T10:50:12Z,57.0,Charge 6
2025-11-12T10:50:13Z,56.0,Charge 6
2025-11-12T10:50:16Z,56.0,Charge 6
2025-11-12T10:50:19Z,56.0,Charge 6
2025-11-12T10:50:22Z,56.0,Charge 6
2025-11-12T10:50:24Z,58.0,Charge 6
2025-11-12T10:50:27Z,58.0,Charge 6
2025-11-12T10:50:30Z,58.0,Charge 6
2025-11-12T10:50:32Z,56.0,Charge 6
2025-11-12T10:50:35Z,56.0,Charge 6
2025-11-12T10:50:38Z,56.0,Charge 6
2025-11-12T10:50:40Z,55.0,Charge 6
2025-11-12T10:50:43Z,55.0,Charge 6
2025-11-12T10:50:44Z,54.0,Charge 6
2025-11-12T10:50:47Z,54.0,Charge 6
2025-11-12T10:50:50Z,54.0,Charge 6
2025-11-12T10:50:53Z,54.0,Charge 6
2025-11-12T10:50:56Z,54.0,Charge 6
2025-11-12T10:50:57Z,56.0,Charge 6
2025-11-12T10:51:00Z,56.0,Charge 6
2025-11-12T10:51:03Z,57.0,Charge 6
2025-11-12T10:51:06Z,57.0,Charge 6
2025-11-12T10:51:09Z,56.0,Charge 6
2025-11-12T10:51:12Z,56.0,Charge 6
2025-11-12T10:51:15Z,56.0,Charge 6
2025-11-12T10:51:18Z,56.0,Charge 6
2025-11-12T10:51:21Z,56.0,Charge 6
2025-11-12T10:51:22Z,57.0,Charge 6
2025-11-12T10:51:24Z,58.0,Charge 6
2025-11-12T10:51:27Z,58.0,Charge 6
2025-11-12T10:51:30Z,58.0,Charge 6
2025-11-12T10:51:32Z,57.0,Charge 6
2025-11-12T10:51:34Z,58.0,Charge 6
2025-11-12T10:51:37Z,58.0,Charge 6
2025-11-12T10:51:38Z,59.0,Charge 6
2025-11-12T10:51:41Z,58.0,Charge 6
2025-11-12T10:51:44Z,58.0,Charge 6
2025-11-12T10:51:47Z,58.0,Charge 6
2025-11-12T10:51:50Z,58.0,Charge 6
2025-11-12T10:51:51Z,57.0,Charge 6
2025-11-12T10:51:53Z,56.0,Charge 6
2025-11-12T10:51:56Z,56.0,Charge 6
2025-11-12T10:51:59Z,56.0,Charge 6
2025-11-12T10:52:02Z,56.0,Charge 6
2025-11-12T10:52:05Z,56.0,Charge 6
2025-11-12T10:52:08Z,56.0,Charge 6
2025-11-12T10:52:10Z,55.0,Charge 6
2025-11-12T10:52:12Z,54.0,Charge 6
2025-11-12T10:52:15Z,54.0,Charge 6
2025-11-12T10:52:18Z,54.0,Charge 6
2025-11-12T10:52:20Z,55.0,Charge 6
2025-11-12T10:52:22Z,56.0,Charge 6
2025-11-12T10:52:25Z,56.0,Charge 6
2025-11-12T10:52:28Z,56.0,Charge 6
2025-11-12T10:52:31Z,55.0,Charge 6
2025-11-12T10:52:33Z,54.0,Charge 6
2025-11-12T10:52:36Z,54.0,Charge 6
2025-11-12T10:52:39Z,54.0,Charge 6
2025-11-12T10:52:42Z,54.0,Charge 6
2025-11-12T10:52:43Z,54.0,Charge 6
2025-11-12T10:52:46Z,54.0,Charge 6
2025-11-12T10:52:49Z,55.0,Charge 6
2025-11-12T10:52:52Z,55.0,Charge 6
2025-11-12T10:52:54Z,56.0,Charge 6
2025-11-12T10:52:57Z,56.0,Charge 6
2025-11-12T10:53:00Z,56.0,Charge 6
2025-11-12T10:53:02Z,57.0,Charge 6
2025-11-12T10:53:04Z,58.0,Charge 6
2025-11-12T10:53:06Z,57.0,Charge 6
2025-11-12T10:53:09Z,57.0,Charge 6
2025-11-12T10:53:10Z,58.0,Charge 6
2025-11-12T10:53:12Z,57.0,Charge 6
2025-11-12T10:53:15Z,57.0,Charge 6
2025-11-12T10:53:18Z,57.0,Charge 6
2025-11-12T10:53:19Z,58.0,Charge 6
2025-11-12T10:53:22Z,58.0,Charge 6
2025-11-12T10:53:25Z,58.0,Charge 6
2025-11-12T10:53:28Z,58.0,Charge 6
2025-11-12T10:53:29Z,57.0,Charge 6
2025-11-12T10:53:32Z,57.0,Charge 6
2025-11-12T10:53:33Z,56.0,Charge 6
2025-11-12T10:53:36Z,56.0,Charge 6
2025-11-12T10:53:39Z,56.0,Charge 6
2025-11-12T10:53:42Z,56.0,Charge 6
2025-11-12T10:53:45Z,56.0,Charge 6
2025-11-12T10:53:48Z,56.0,Charge 6
2025-11-12T10:53:50Z,56.0,Charge 6
2025-11-12T10:53:53Z,56.0,Charge 6
2025-11-12T10:53:54Z,55.0,Charge 6
2025-11-12T10:53:56Z,56.0,Charge 6
2025-11-12T10:53:59Z,56.0,Charge 6
2025-11-12T10:54:02Z,56.0,Charge 6
2025-11-12T10:54:05Z,57.0,Charge 6
2025-11-12T10:54:08Z,57.0,Charge 6
2025-11-12T10:54:11Z,56.0,Charge 6
2025-11-12T10:54:14Z,56.0,Charge 6
2025-11-12T10:54:17Z,56.0,Charge 6
2025-11-12T10:54:19Z,57.0,Charge 6
2025-11-12T10:54:21Z,58.0,Charge 6
2025-11-12T10:54:24Z,58.0,Charge 6
2025-11-12T10:54:27Z,58.0,Charge 6
2025-11-12T10:54:30Z,58.0,Charge 6
2025-11-12T10:54:32Z,57.0,Charge 6
2025-11-12T10:54:34Z,58.0,Charge 6
2025-11-12T10:54:37Z,58.0,Charge 6
2025-11-12T10:54:38Z,57.0,Charge 6
2025-11-12T10:54:40Z,56.0,Charge 6
2025-11-12T10:54:43Z,56.0,Charge 6
2025-11-12T10:54:46Z,56.0,Charge 6
2025-11-12T10:54:49Z,56.0,Charge 6
2025-11-12T10:54:52Z,56.0,Charge 6
2025-11-12T10:54:55Z,56.0,Charge 6
2025-11-12T10:54:58Z,56.0,Charge 6
2025-11-12T10:54:59Z,56.0,Charge 6
2025-11-12T10:55:02Z,56.0,Charge 6
2025-11-12T10:55:03Z,57.0,Charge 6
2025-11-12T10:55:06Z,57.0,Charge 6
2025-11-12T10:55:09Z,57.0,Charge 6
2025-11-12T10:55:12Z,57.0,Charge 6
2025-11-12T10:55:13Z,56.0,Charge 6
2025-11-12T10:55:16Z,56.0,Charge 6
2025-11-12T10:55:19Z,56.0,Charge 6
2025-11-12T10:55:20Z,57.0,Charge 6
2025-11-12T10:55:23Z,57.0,Charge 6
2025-11-12T10:55:26Z,56.0,Charge 6
2025-11-12T10:55:28Z,57.0,Charge 6
2025-11-12T10:55:31Z,57.0,Charge 6
2025-11-12T10:55:34Z,56.0,Charge 6
2025-11-12T10:55:37Z,56.0,Charge 6
2025-11-12T10:55:40Z,56.0,Charge 6
2025-11-12T10:55:41Z,55.0,Charge 6
2025-11-12T10:55:44Z,55.0,Charge 6
2025-11-12T10:55:45Z,54.0,Charge 6
2025-11-12T10:55:48Z,54.0,Charge 6
2025-11-12T10:55:51Z,54.0,Charge 6
2025-11-12T10:55:53Z,55.0,Charge 6
2025-11-12T10:55:55Z,56.0,Charge 6
2025-11-12T10:55:58Z,56.0,Charge 6
2025-11-12T10:56:01Z,56.0,Charge 6
2025-11-12T10:56:04Z,56.0,Charge 6
2025-11-12T10:56:06Z,56.0,Charge 6
2025-11-12T10:56:09Z,56.0,Charge 6
2025-11-12T10:56:10Z,58.0,Charge 6
2025-11-12T10:56:12Z,57.0,Charge 6
2025-11-12T10:56:14Z,56.0,Charge 6
2025-11-12T10:56:16Z,55.0,Charge 6
2025-11-12T10:56:19Z,55.0,Charge 6
2025-11-12T10:56:22Z,55.0,Charge 6
2025-11-12T10:56:25Z,55.0,Charge 6
2025-11-12T10:56:28Z,55.0,Charge 6
2025-11-12T10:56:29Z,56.0,Charge 6
2025-11-12T10:56:32Z,56.0,Charge 6
2025-11-12T10:56:35Z,56.0,Charge 6
2025-11-12T10:56:38Z,56.0,Charge 6
2025-11-12T10:56:41Z,56.0,Charge 6
2025-11-12T10:56:44Z,56.0,Charge 6
2025-11-12T10:56:47Z,56.0,Charge 6
2025-11-12T10:56:50Z,56.0,Charge 6
2025-11-12T10:56:53Z,56.0,Charge 6
2025-11-12T10:56:56Z,56.0,Charge 6
2025-11-12T10:56:59Z,56.0,Charge 6
2025-11-12T10:57:02Z,56.0,Charge 6
2025-11-12T10:57:05Z,56.0,Charge 6
2025-11-12T10:57:08Z,56.0,Charge 6
2025-11-12T10:57:11Z,56.0,Charge 6
2025-11-12T10:57:14Z,56.0,Charge 6
2025-11-12T10:57:16Z,55.0,Charge 6
2025-11-12T10:57:17Z,54.0,Charge 6
2025-11-12T10:57:20Z,54.0,Charge 6
2025-11-12T10:57:21Z,55.0,Charge 6
2025-11-12T10:57:24Z,55.0,Charge 6
2025-11-12T10:57:25Z,56.0,Charge 6
2025-11-12T10:57:28Z,56.0,Charge 6
2025-11-12T10:57:31Z,56.0,Charge 6
2025-11-12T10:57:34Z,56.0,Charge 6
2025-11-12T10:57:37Z,56.0,Charge 6
2025-11-12T10:57:40Z,56.0,Charge 6
2025-11-12T10:57:43Z,56.0,Charge 6
2025-11-12T10:57:44Z,57.0,Charge 6
2025-11-12T10:57:47Z,57.0,Charge 6
2025-11-12T10:57:50Z,56.0,Charge 6
2025-11-12T10:57:53Z,56.0,Charge 6
2025-11-12T10:57:54Z,57.0,Charge 6
2025-11-12T10:57:57Z,57.0,Charge 6
2025-11-12T10:57:58Z,58.0,Charge 6
2025-11-12T10:58:01Z,58.0,Charge 6
2025-11-12T10:58:04Z,58.0,Charge 6
2025-11-12T10:58:05Z,57.0,Charge 6
2025-11-12T10:58:07Z,56.0,Charge 6
2025-11-12T10:58:10Z,56.0,Charge 6
2025-11-12T10:58:13Z,56.0,Charge 6
2025-11-12T10:58:15Z,57.0,Charge 6
2025-11-12T10:58:18Z,57.0,Charge 6
2025-11-12T10:58:21Z,56.0,Charge 6
2025-11-12T10:58:23Z,56.0,Charge 6
2025-11-12T10:58:26Z,56.0,Charge 6
2025-11-12T10:58:27Z,57.0,Charge 6
2025-11-12T10:58:30Z,58.0,Charge 6
2025-11-12T10:58:33Z,58.0,Charge 6
2025-11-12T10:58:36Z,58.0,Charge 6
2025-11-12T10:58:39Z,58.0,Charge 6
2025-11-12T10:58:40Z,57.0,Charge 6
2025-11-12T10:58:43Z,57.0,Charge 6
2025-11-12T10:58:44Z,58.0,Charge 6
2025-11-12T10:58:47Z,58.0,Charge 6
2025-11-12T10:58:50Z,58.0,Charge 6
2025-11-12T10:58:52Z,57.0,Charge 6
2025-11-12T10:58:53Z,58.0,Charge 6
2025-11-12T10:58:55Z,60.0,Charge 6
2025-11-12T10:58:57Z,62.0,Charge 6
2025-11-12T10:58:59Z,64.0,Charge 6
2025-11-12T10:59:01Z,65.0,Charge 6
2025-11-12T10:59:03Z,68.0,Charge 6
2025-11-12T10:59:05Z,70.0,Charge 6
2025-11-12T10:59:07Z,72.0,Charge 6
2025-11-12T10:59:10Z,72.0,Charge 6
2025-11-12T10:59:11Z,74.0,Charge 6
2025-11-12T10:59:14Z,74.0,Charge 6
2025-11-12T10:59:15Z,72.0,Charge 6
2025-11-12T10:59:16Z,70.0,Charge 6
2025-11-12T10:59:18Z,69.0,Charge 6
2025-11-12T10:59:20Z,66.0,Charge 6
2025-11-12T10:59:22Z,64.0,Charge 6
2025-11-12T10:59:24Z,61.0,Charge 6
2025-11-12T10:59:26Z,59.0,Charge 6
2025-11-12T10:59:28Z,57.0,Charge 6
2025-11-12T10:59:30Z,58.0,Charge 6
2025-11-12T10:59:32Z,57.0,Charge 6
2025-11-12T10:59:34Z,56.0,Charge 6
2025-11-12T10:59:36Z,55.0,Charge 6
2025-11-12T10:59:38Z,54.0,Charge 6
2025-11-12T10:59:41Z,54.0,Charge 6
2025-11-12T10:59:44Z,54.0,Charge 6
2025-11-12T10:59:47Z,54.0,Charge 6
2025-11-12T10:59:50Z,54.0,Charge 6
2025-11-12T10:59:51Z,55.0,Charge 6
2025-11-12T10:59:53Z,56.0,Charge 6
2025-11-12T10:59:56Z,56.0,Charge 6
2025-11-12T10:59:59Z,57.0,Charge 6
2025-11-12T11:00:01Z,56.0,Charge 6
2025-11-12T11:00:03Z,57.0,Charge 6
2025-11-12T11:00:06Z,56.0,Charge 6
2025-11-12T11:00:08Z,57.0,Charge 6
2025-11-12T11:00:11Z,57.0,Charge 6
2025-11-12T11:00:12Z,56.0,Charge 6
2025-11-12T11:00:15Z,56.0,Charge 6
2025-11-12T11:00:16Z,55.0,Charge 6
2025-11-12T11:00:19Z,55.0,Charge 6
2025-11-12T11:00:20Z,54.0,Charge 6
2025-11-12T11:00:23Z,54.0,Charge 6
2025-11-12T11:00:26Z,54.0,Charge 6
2025-11-12T11:00:28Z,55.0,Charge 6
2025-11-12T11:00:29Z,56.0,Charge 6
2025-11-12T11:00:32Z,56.0,Charge 6
2025-11-12T11:00:35Z,57.0,Charge 6
2025-11-12T11:00:38Z,57.0,Charge 6
2025-11-12T11:00:39Z,56.0,Charge 6
2025-11-12T11:00:42Z,56.0,Charge 6
2025-11-12T11:00:43Z,55.0,Charge 6
2025-11-12T11:00:45Z,54.0,Charge 6
2025-11-12T11:00:48Z,54.0,Charge 6
2025-11-12T11:00:51Z,54.0,Charge 6
2025-11-12T11:00:54Z,54.0,Charge 6
2025-11-12T11:00:57Z,54.0,Charge 6
2025-11-12T11:01:00Z,54.0,Charge 6
2025-11-12T11:01:03Z,54.0,Charge 6
2025-11-12T11:01:06Z,55.0,Charge 6
2025-11-12T11:01:08Z,56.0,Charge 6
2025-11-12T11:01:11Z,56.0,Charge 6
2025-11-12T11:01:14Z,56.0,Charge 6
2025-11-12T11:01:17Z,56.0,Charge 6
2025-11-12T11:01:20Z,56.0,Charge 6
2025-11-12T11:01:21Z,55.0,Charge 6
2025-11-12T11:01:24Z,55.0,Charge 6
2025-11-12T11:01:25Z,56.0,Charge 6
2025-11-12T11:01:27Z,56.0,Charge 6
2025-11-12T11:01:29Z,55.0,Charge 6
2025-11-12T11:01:32Z,55.0,Charge 6
2025-11-12T11:01:35Z,56.0,Charge 6
2025-11-12T11:01:38Z,56.0,Charge 6
2025-11-12T11:01:41Z,56.0,Charge 6
2025-11-12T11:01:44Z,56.0,Charge 6
2025-11-12T11:01:47Z,56.0,Charge 6
2025-11-12T11:01:50Z,56.0,Charge 6
2025-11-12T11:01:53Z,56.0,Charge 6
2025-11-12T11:01:56Z,56.0,Charge 6
2025-11-12T11:01:59Z,56.0,Charge 6
2025-11-12T11:02:02Z,56.0,Charge 6
2025-11-12T11:02:04Z,55.0,Charge 6
2025-11-12T11:02:07Z,55.0,Charge 6
2025-11-12T11:02:10Z,55.0,Charge 6
2025-11-12T11:02:13Z,56.0,Charge 6
2025-11-12T11:02:15Z,55.0,Charge 6
2025-11-12T11:02:18Z,55.0,Charge 6
2025-11-12T11:02:19Z,56.0,Charge 6
2025-11-12T11:02:22Z,56.0,Charge 6
2025-11-12T11:02:23Z,55.0,Charge 6
2025-11-12T11:02:25Z,56.0,Charge 6
2025-11-12T11:02:27Z,56.0,Charge 6
2025-11-12T11:02:28Z,55.0,Charge 6
2025-11-12T11:02:31Z,55.0,Charge 6
2025-11-12T11:02:34Z,54.0,Charge 6
2025-11-12T11:02:36Z,54.0,Charge 6
2025-11-12T11:02:39Z,54.0,Charge 6
2025-11-12T11:02:40Z,53.0,Charge 6
2025-11-12T11:02:43Z,53.0,Charge 6
2025-11-12T11:02:44Z,52.0,Charge 6
2025-11-12T11:02:46Z,53.0,Charge 6
2025-11-12T11:02:49Z,53.0,Charge 6
2025-11-12T11:02:50Z,54.0,Charge 6
2025-11-12T11:02:53Z,54.0,Charge 6
2025-11-12T11:02:55Z,55.0,Charge 6
2025-11-12T11:02:57Z,56.0,Charge 6
2025-11-12T11:03:00Z,56.0,Charge 6
2025-11-12T11:03:03Z,56.0,Charge 6
2025-11-12T11:03:06Z,56.0,Charge 6
2025-11-12T11:03:09Z,56.0,Charge 6
2025-11-12T11:03:12Z,56.0,Charge 6
2025-11-12T11:03:15Z,56.0,Charge 6
2025-11-12T11:03:16Z,55.0,Charge 6
2025-11-12T11:03:18Z,56.0,Charge 6
2025-11-12T11:03:21Z,56.0,Charge 6
2025-11-12T11:03:24Z,56.0,Charge 6
2025-11-12T11:03:27Z,56.0,Charge 6
2025-11-12T11:03:30Z,56.0,Charge 6
2025-11-12T11:03:33Z,56.0,Charge 6
2025-11-12T11:03:36Z,55.0,Charge 6
2025-11-12T11:03:38Z,54.0,Charge 6
2025-11-12T11:03:41Z,54.0,Charge 6
2025-11-12T11:03:43Z,54.0,Charge 6
2025-11-12T11:03:45Z,55.0,Charge 6
2025-11-12T11:03:48Z,55.0,Charge 6
2025-11-12T11:03:51Z,56.0,Charge 6
2025-11-12T11:03:54Z,56.0,Charge 6
2025-11-12T11:03:57Z,56.0,Charge 6
2025-11-12T11:04:00Z,56.0,Charge 6
2025-11-12T11:04:03Z,56.0,Charge 6
2025-11-12T11:04:06Z,56.0,Charge 6
2025-11-12T11:04:09Z,56.0,Charge 6
2025-11-12T11:04:10Z,55.0,Charge 6
2025-11-12T11:04:13Z,55.0,Charge 6
2025-11-12T11:04:16Z,55.0,Charge 6
2025-11-12T11:04:19Z,55.0,Charge 6
2025-11-12T11:04:22Z,55.0,Charge 6
2025-11-12T11:04:24Z,54.0,Charge 6
2025-11-12T11:04:27Z,54.0,Charge 6
2025-11-12T11:04:30Z,54.0,Charge 6
2025-11-12T11:04:33Z,54.0,Charge 6
2025-11-12T11:04:35Z,55.0,Charge 6
2025-11-12T11:04:37Z,54.0,Charge 6
2025-11-12T11:04:40Z,54.0,Charge 6
2025-11-12T11:04:43Z,54.0,Charge 6
2025-11-12T11:04:46Z,54.0,Charge 6
2025-11-12T11:04:49Z,54.0,Charge 6
2025-11-12T11:04:51Z,55.0,Charge 6
2025-11-12T11:04:52Z,56.0,Charge 6
2025-11-12T11:04:54Z,56.0,Charge 6
2025-11-12T11:04:56Z,57.0,Charge 6
2025-11-12T11:04:58Z,58.0,Charge 6
2025-11-12T11:05:01Z,58.0,Charge 6
2025-11-12T11:05:04Z,58.0,Charge 6
2025-11-12T11:05:07Z,58.0,Charge 6
2025-11-12T11:05:10Z,58.0,Charge 6
2025-11-12T11:05:13Z,58.0,Charge 6
2025-11-12T11:05:16Z,58.0,Charge 6
2025-11-12T11:05:17Z,57.0,Charge 6
2025-11-12T11:05:19Z,56.0,Charge 6
2025-11-12T11:05:22Z,56.0,Charge 6
2025-11-12T11:05:25Z,56.0,Charge 6
2025-11-12T11:05:28Z,56.0,Charge 6
2025-11-12T11:05:31Z,56.0,Charge 6
2025-11-12T11:05:34Z,56.0,Charge 6
2025-11-12T11:05:35Z,57.0,Charge 6
2025-11-12T11:05:38Z,57.0,Charge 6
2025-11-12T11:05:39Z,58.0,Charge 6
2025-11-12T11:05:42Z,58.0,Charge 6
2025-11-12T11:05:45Z,58.0,Charge 6
2025-11-12T11:05:48Z,56.0,Charge 6
2025-11-12T11:05:51Z,56.0,Charge 6
2025-11-12T11:05:54Z,56.0,Charge 6
2025-11-12T11:05:57Z,56.0,Charge 6
2025-11-12T11:06:00Z,56.0,Charge 6
2025-11-12T11:06:03Z,56.0,Charge 6
2025-11-12T11:06:04Z,56.0,Charge 6
2025-11-12T11:06:07Z,56.0,Charge 6
2025-11-12T11:06:10Z,56.0,Charge 6
2025-11-12T11:06:13Z,56.0,Charge 6
2025-11-12T11:06:16Z,56.0,Charge 6
2025-11-12T11:06:19Z,56.0,Charge 6
2025-11-12T11:06:22Z,56.0,Charge 6
2025-11-12T11:06:23Z,55.0,Charge 6
2025-11-12T11:06:25Z,54.0,Charge 6
2025-11-12T11:06:28Z,54.0,Charge 6
2025-11-12T11:06:31Z,54.0,Charge 6
2025-11-12T11:06:34Z,54.0,Charge 6
2025-11-12T11:06:37Z,54.0,Charge 6
2025-11-12T11:06:40Z,55.0,Charge 6
2025-11-12T11:06:42Z,56.0,Charge 6
2025-11-12T11:06:45Z,56.0,Charge 6
2025-11-12T11:06:48Z,55.0,Charge 6
2025-11-12T11:06:50Z,56.0,Charge 6
2025-11-12T11:06:53Z,56.0,Charge 6
2025-11-12T11:06:56Z,56.0,Charge 6
2025-11-12T11:06:59Z,56.0,Charge 6
2025-11-12T11:07:01Z,57.0,Charge 6
2025-11-12T11:07:03Z,58.0,Charge 6
2025-11-12T11:07:06Z,58.0,Charge 6
2025-11-12T11:07:07Z,57.0,Charge 6
2025-11-12T11:07:09Z,56.0,Charge 6
2025-11-12T11:07:12Z,56.0,Charge 6
2025-11-12T11:07:13Z,56.0,Charge 6
2025-11-12T11:07:16Z,56.0,Charge 6
2025-11-12T11:07:19Z,56.0,Charge 6
2025-11-12T11:07:22Z,58.0,Charge 6
2025-11-12T11:07:25Z,58.0,Charge 6
2025-11-12T11:07:28Z,58.0,Charge 6
2025-11-12T11:07:31Z,58.0,Charge 6
2025-11-12T11:07:32Z,57.0,Charge 6
2025-11-12T11:07:34Z,56.0,Charge 6
2025-11-12T11:07:37Z,56.0,Charge 6
2025-11-12T11:07:40Z,56.0,Charge 6
2025-11-12T11:07:41Z,55.0,Charge 6
2025-11-12T11:07:43Z,54.0,Charge 6
2025-11-12T11:07:46Z,54.0,Charge 6
2025-11-12T11:07:49Z,54.0,Charge 6
2025-11-12T11:07:52Z,54.0,Charge 6
2025-11-12T11:07:53Z,55.0,Charge 6
2025-11-12T11:07:55Z,56.0,Charge 6
2025-11-12T11:07:58Z,56.0,Charge 6
2025-11-12T11:08:01Z,56.0,Charge 6
2025-11-12T11:08:04Z,56.0,Charge 6
2025-11-12T11:08:07Z,56.0,Charge 6
2025-11-12T11:08:08Z,57.0,Charge 6
2025-11-12T11:08:11Z,57.0,Charge 6
2025-11-12T11:08:12Z,56.0,Charge 6
2025-11-12T11:08:15Z,56.0,Charge 6
2025-11-12T11:08:18Z,56.0,Charge 6
2025-11-12T11:08:20Z,56.0,Charge 6
2025-11-12T11:08:23Z,56.0,Charge 6
2025-11-12T11:08:26Z,56.0,Charge 6
2025-11-12T11:08:29Z,56.0,Charge 6
2025-11-12T11:08:32Z,56.0,Charge 6
2025-11-12T11:08:35Z,56.0,Charge 6
2025-11-12T11:08:38Z,56.0,Charge 6
2025-11-12T11:08:39Z,57.0,Charge 6
2025-11-12T11:08:42Z,57.0,Charge 6
2025-11-12T11:08:45Z,57.0,Charge 6
2025-11-12T11:08:48Z,57.0,Charge 6
2025-11-12T11:08:49Z,57.0,Charge 6
2025-11-12T11:08:50Z,58.0,Charge 6
2025-11-12T11:08:52Z,60.0,Charge 6
2025-11-12T11:08:54Z,62.0,Charge 6
2025-11-12T11:08:56Z,63.0,Charge 6
2025-11-12T11:08:58Z,68.0,Charge 6
2025-11-12T11:09:00Z,69.0,Charge 6
2025-11-12T11:09:02Z,74.0,Charge 6
2025-11-12T11:09:04Z,79.0,Charge 6
2025-11-12T11:09:06Z,78.0,Charge 6
2025-11-12T11:09:08Z,77.0,Charge 6
2025-11-12T11:09:10Z,73.0,Charge 6
2025-11-12T11:09:12Z,70.0,Charge 6
2025-11-12T11:09:14Z,71.0,Charge 6
2025-11-12T11:09:15Z,70.0,Charge 6
2025-11-12T11:09:17Z,66.0,Charge 6
2025-11-12T11:09:19Z,61.0,Charge 6
2025-11-12T11:09:21Z,59.0,Charge 6
2025-11-12T11:09:23Z,57.0,Charge 6
2025-11-12T11:09:25Z,56.0,Charge 6
2025-11-12T11:09:27Z,56.0,Charge 6
2025-11-12T11:09:30Z,56.0,Charge 6
2025-11-12T11:09:31Z,55.0,Charge 6
2025-11-12T11:09:33Z,54.0,Charge 6
2025-11-12T11:09:35Z,53.0,Charge 6
2025-11-12T11:09:38Z,53.0,Charge 6
2025-11-12T11:09:41Z,53.0,Charge 6
2025-11-12T11:09:42Z,54.0,Charge 6
2025-11-12T11:09:44Z,55.0,Charge 6
2025-11-12T11:09:46Z,57.0,Charge 6
2025-11-12T11:09:48Z,59.0,Charge 6
2025-11-12T11:09:51Z,59.0,Charge 6
2025-11-12T11:09:52Z,58.0,Charge 6
2025-11-12T11:09:54Z,56.0,Charge 6
2025-11-12T11:09:56Z,55.0,Charge 6
2025-11-12T11:09:59Z,55.0,Charge 6
2025-11-12T11:10:00Z,54.0,Charge 6
2025-11-12T11:10:02Z,55.0,Charge 6
2025-11-12T11:10:03Z,58.0,Charge 6
2025-11-12T11:10:06Z,58.0,Charge 6
2025-11-12T11:10:07Z,59.0,Charge 6
2025-11-12T11:10:09Z,60.0,Charge 6
2025-11-12T11:10:11Z,63.0,Charge 6
2025-11-12T11:10:13Z,64.0,Charge 6
2025-11-12T11:10:15Z,66.0,Charge 6
2025-11-12T11:10:17Z,67.0,Charge 6
2025-11-12T11:10:20Z,67.0,Charge 6
2025-11-12T11:10:21Z,65.0,Charge 6
2025-11-12T11:10:23Z,64.0,Charge 6
2025-11-12T11:10:25Z,63.0,Charge 6
2025-11-12T11:10:26Z,62.0,Charge 6
2025-11-12T11:10:28Z,64.0,Charge 6
2025-11-12T11:10:30Z,63.0,Charge 6
2025-11-12T11:10:32Z,62.0,Charge 6
2025-11-12T11:10:34Z,59.0,Charge 6
2025-11-12T11:10:36Z,58.0,Charge 6
2025-11-12T11:10:38Z,56.0,Charge 6
2025-11-12T11:10:40Z,55.0,Charge 6
2025-11-12T11:10:43Z,55.0,Charge 6
2025-11-12T11:10:46Z,54.0,Charge 6
2025-11-12T11:10:48Z,55.0,Charge 6
2025-11-12T11:10:51Z,56.0,Charge 6
2025-11-12T11:10:54Z,56.0,Charge 6
2025-11-12T11:10:57Z,57.0,Charge 6
2025-11-12T11:10:59Z,58.0,Charge 6
2025-11-12T11:11:02Z,58.0,Charge 6
2025-11-12T11:11:05Z,58.0,Charge 6
2025-11-12T11:11:08Z,58.0,Charge 6
2025-11-12T11:11:09Z,59.0,Charge 6
2025-11-12T11:11:12Z,59.0,Charge 6
2025-11-12T11:11:13Z,58.0,Charge 6
2025-11-12T11:11:16Z,57.0,Charge 6
2025-11-12T11:11:18Z,56.0,Charge 6
2025-11-12T11:11:21Z,56.0,Charge 6
2025-11-12T11:11:22Z,57.0,Charge 6
2025-11-12T11:11:24Z,58.0,Charge 6
2025-11-12T11:11:27Z,58.0,Charge 6
2025-11-12T11:11:30Z,60.0,Charge 6
2025-11-12T11:11:32Z,62.0,Charge 6
2025-11-12T11:11:34Z,63.0,Charge 6
2025-11-12T11:11:37Z,63.0,Charge 6
2025-11-12T11:11:38Z,61.0,Charge 6
2025-11-12T11:11:39Z,60.0,Charge 6
2025-11-12T11:11:41Z,58.0,Charge 6
2025-11-12T11:11:43Z,56.0,Charge 6
2025-11-12T11:11:46Z,56.0,Charge 6
2025-11-12T11:11:49Z,57.0,Charge 6
2025-11-12T11:11:51Z,59.0,Charge 6
2025-11-12T11:11:53Z,60.0,Charge 6
2025-11-12T11:11:55Z,59.0,Charge 6
2025-11-12T11:11:57Z,57.0,Charge 6
2025-11-12T11:11:59Z,56.0,Charge 6
2025-11-12T11:12:01Z,55.0,Charge 6
2025-11-12T11:12:02Z,54.0,Charge 6
2025-11-12T11:12:05Z,54.0,Charge 6
2025-11-12T11:12:08Z,54.0,Charge 6
2025-11-12T11:12:11Z,54.0,Charge 6
2025-11-12T11:12:12Z,54.0,Charge 6
2025-11-12T11:12:15Z,54.0,Charge 6
2025-11-12T11:12:18Z,55.0,Charge 6
2025-11-12T11:12:21Z,55.0,Charge 6
2025-11-12T11:12:22Z,56.0,Charge 6
2025-11-12T11:12:25Z,56.0,Charge 6
2025-11-12T11:12:28Z,56.0,Charge 6
2025-11-12T11:12:29Z,58.0,Charge 6
2025-11-12T11:12:32Z,58.0,Charge 6
2025-11-12T11:12:33Z,57.0,Charge 6
2025-11-12T11:12:35Z,56.0,Charge 6
2025-11-12T11:12:38Z,56.0,Charge 6
2025-11-12T11:12:41Z,58.0,Charge 6
2025-11-12T11:12:44Z,58.0,Charge 6
2025-11-12T11:12:47Z,57.0,Charge 6
2025-11-12T11:12:49Z,56.0,Charge 6
2025-11-12T11:12:52Z,56.0,Charge 6
2025-11-12T11:12:54Z,55.0,Charge 6
2025-11-12T11:12:57Z,55.0,Charge 6
2025-11-12T11:13:00Z,54.0,Charge 6
2025-11-12T11:13:02Z,55.0,Charge 6
2025-11-12T11:13:04Z,56.0,Charge 6
2025-11-12T11:13:07Z,56.0,Charge 6
2025-11-12T11:13:10Z,56.0,Charge 6
2025-11-12T11:13:12Z,55.0,Charge 6
2025-11-12T11:13:14Z,54.0,Charge 6
2025-11-12T11:13:17Z,54.0,Charge 6
2025-11-12T11:13:19Z,54.0,Charge 6
2025-11-12T11:13:22Z,54.0,Charge 6
2025-11-12T11:13:25Z,54.0,Charge 6
2025-11-12T11:13:28Z,54.0,Charge 6
2025-11-12T11:13:29Z,56.0,Charge 6
2025-11-12T11:13:32Z,56.0,Charge 6
2025-11-12T11:13:33Z,58.0,Charge 6
2025-11-12T11:13:36Z,58.0,Charge 6
2025-11-12T11:13:38Z,57.0,Charge 6
2025-11-12T11:13:41Z,57.0,Charge 6
2025-11-12T11:13:42Z,56.0,Charge 6
2025-11-12T11:13:45Z,56.0,Charge 6
2025-11-12T11:13:48Z,56.0,Charge 6
2025-11-12T11:13:51Z,56.0,Charge 6
2025-11-12T11:13:54Z,56.0,Charge 6
2025-11-12T11:13:57Z,56.0,Charge 6
2025-11-12T11:14:00Z,56.0,Charge 6
2025-11-12T11:14:03Z,56.0,Charge 6
2025-11-12T11:14:06Z,56.0,Charge 6
2025-11-12T11:14:09Z,56.0,Charge 6
2025-11-12T11:14:12Z,56.0,Charge 6
2025-11-12T11:14:15Z,56.0,Charge 6
2025-11-12T11:14:18Z,56.0,Charge 6
2025-11-12T11:14:21Z,56.0,Charge 6
2025-11-12T11:14:24Z,56.0,Charge 6
2025-11-12T11:14:27Z,56.0,Charge 6
2025-11-12T11:14:30Z,56.0,Charge 6
2025-11-12T11:14:32Z,56.0,Charge 6
2025-11-12T11:14:35Z,56.0,Charge 6
2025-11-12T11:14:36Z,57.0,Charge 6
2025-11-12T11:14:38Z,56.0,Charge 6
2025-11-12T11:14:41Z,56.0,Charge 6
2025-11-12T11:14:44Z,55.0,Charge 6
2025-11-12T11:14:47Z,55.0,Charge 6
2025-11-12T11:14:50Z,55.0,Charge 6
2025-11-12T11:14:51Z,56.0,Charge 6
2025-11-12T11:14:54Z,56.0,Charge 6
2025-11-12T11:14:57Z,56.0,Charge 6
2025-11-12T11:15:00Z,56.0,Charge 6
2025-11-12T11:15:03Z,56.0,Charge 6
2025-11-12T11:15:06Z,56.0,Charge 6
2025-11-12T11:15:09Z,56.0,Charge 6
2025-11-12T11:15:12Z,56.0,Charge 6
2025-11-12T11:15:15Z,56.0,Charge 6
2025-11-12T11:15:18Z,56.0,Charge 6
2025-11-12T11:15:21Z,56.0,Charge 6
2025-11-12T11:15:24Z,56.0,Charge 6
2025-11-12T11:15:27Z,56.0,Charge 6
2025-11-12T11:15:30Z,56.0,Charge 6
2025-11-12T11:15:33Z,56.0,Charge 6
2025-11-12T11:15:36Z,56.0,Charge 6
2025-11-12T11:15:39Z,56.0,Charge 6
2025-11-12T11:15:42Z,56.0,Charge 6
2025-11-12T11:15:45Z,56.0,Charge 6
2025-11-12T11:15:47Z,56.0,Charge 6
2025-11-12T11:15:49Z,57.0,Charge 6
2025-11-12T11:15:51Z,58.0,Charge 6
2025-11-12T11:15:54Z,58.0,Charge 6
2025-11-12T11:15:57Z,59.0,Charge 6
2025-11-12T11:15:59Z,58.0,Charge 6
2025-11-12T11:16:02Z,57.0,Charge 6
2025-11-12T11:16:04Z,56.0,Charge 6
2025-11-12T11:16:07Z,56.0,Charge 6
2025-11-12T11:16:10Z,56.0,Charge 6
2025-11-12T11:16:13Z,56.0,Charge 6
2025-11-12T11:16:16Z,56.0,Charge 6
2025-11-12T11:16:19Z,56.0,Charge 6
2025-11-12T11:16:22Z,56.0,Charge 6
2025-11-12T11:16:25Z,56.0,Charge 6
2025-11-12T11:16:27Z,57.0,Charge 6
2025-11-12T11:16:29Z,58.0,Charge 6
2025-11-12T11:16:32Z,58.0,Charge 6
2025-11-12T11:16:35Z,58.0,Charge 6
2025-11-12T11:16:38Z,58.0,Charge 6
2025-11-12T11:16:41Z,58.0,Charge 6
2025-11-12T11:16:44Z,58.0,Charge 6
2025-11-12T11:16:47Z,58.0,Charge 6
2025-11-12T11:16:50Z,57.0,Charge 6
2025-11-12T11:16:53Z,57.0,Charge 6
2025-11-12T11:16:54Z,58.0,Charge 6
2025-11-12T11:16:57Z,58.0,Charge 6
2025-11-12T11:16:58Z,58.0,Charge 6
2025-11-12T11:17:01Z,58.0,Charge 6
2025-11-12T11:17:02Z,56.0,Charge 6
2025-11-12T11:17:05Z,56.0,Charge 6
2025-11-12T11:17:08Z,56.0,Charge 6
2025-11-12T11:17:11Z,56.0,Charge 6
2025-11-12T11:17:14Z,56.0,Charge 6
2025-11-12T11:17:17Z,56.0,Charge 6
2025-11-12T11:17:20Z,56.0,Charge 6
2025-11-12T11:17:23Z,56.0,Charge 6
2025-11-12T11:17:26Z,56.0,Charge 6
2025-11-12T11:17:29Z,56.0,Charge 6
2025-11-12T11:17:32Z,56.0,Charge 6
2025-11-12T11:17:33Z,55.0,Charge 6
2025-11-12T11:17:35Z,56.0,Charge 6
2025-11-12T11:17:38Z,57.0,Charge 6
2025-11-12T11:17:40Z,58.0,Charge 6
2025-11-12T11:17:43Z,58.0,Charge 6
2025-11-12T11:17:46Z,58.0,Charge 6
2025-11-12T11:17:49Z,58.0,Charge 6
2025-11-12T11:17:52Z,57.0,Charge 6
2025-11-12T11:17:55Z,57.0,Charge 6
2025-11-12T11:17:58Z,56.0,Charge 6
2025-11-12T11:18:01Z,56.0,Charge 6
2025-11-12T11:18:04Z,56.0,Charge 6
2025-11-12T11:18:07Z,56.0,Charge 6
2025-11-12T11:18:09Z,57.0,Charge 6
2025-11-12T11:18:11Z,57.0,Charge 6
2025-11-12T11:18:14Z,57.0,Charge 6
2025-11-12T11:18:17Z,58.0,Charge 6
2025-11-12T11:18:20Z,58.0,Charge 6
2025-11-12T11:18:23Z,58.0,Charge 6
2025-11-12T11:18:26Z,58.0,Charge 6
2025-11-12T11:18:28Z,57.0,Charge 6
2025-11-12T11:18:31Z,57.0,Charge 6
2025-11-12T11:18:34Z,58.0,Charge 6
2025-11-12T11:18:37Z,58.0,Charge 6
2025-11-12T11:18:40Z,58.0,Charge 6
2025-11-12T11:18:43Z,58.0,Charge 6
2025-11-12T11:18:46Z,58.0,Charge 6
2025-11-12T11:18:49Z,58.0,Charge 6
2025-11-12T11:18:52Z,58.0,Charge 6
2025-11-12T11:18:55Z,58.0,Charge 6
2025-11-12T11:18:58Z,58.0,Charge 6
2025-11-12T11:19:01Z,58.0,Charge 6
2025-11-12T11:19:04Z,58.0,Charge 6
2025-11-12T11:19:07Z,57.0,Charge 6
2025-11-12T11:19:10Z,57.0,Charge 6
2025-11-12T11:19:11Z,56.0,Charge 6
2025-11-12T11:19:14Z,56.0,Charge 6
2025-11-12T11:19:17Z,56.0,Charge 6
2025-11-12T11:19:20Z,56.0,Charge 6
2025-11-12T11:19:23Z,56.0,Charge 6
2025-11-12T11:19:26Z,56.0,Charge 6
2025-11-12T11:19:28Z,56.0,Charge 6
2025-11-12T11:19:31Z,56.0,Charge 6
2025-11-12T11:19:34Z,56.0,Charge 6
2025-11-12T11:19:37Z,56.0,Charge 6
2025-11-12T11:19:39Z,57.0,Charge 6
2025-11-12T11:19:41Z,58.0,Charge 6
2025-11-12T11:19:44Z,58.0,Charge 6
2025-11-12T11:19:47Z,58.0,Charge 6
2025-11-12T11:19:50Z,58.0,Charge 6
2025-11-12T11:19:53Z,58.0,Charge 6
2025-11-12T11:19:56Z,58.0,Charge 6
2025-11-12T11:19:57Z,59.0,Charge 6
2025-11-12T11:19:59Z,58.0,Charge 6
2025-11-12T11:20:02Z,58.0,Charge 6
2025-11-12T11:20:05Z,58.0,Charge 6
2025-11-12T11:20:08Z,58.0,Charge 6
2025-11-12T11:20:11Z,58.0,Charge 6
2025-11-12T11:20:14Z,58.0,Charge 6
2025-11-12T11:20:17Z,58.0,Charge 6
2025-11-12T11:20:20Z,58.0,Charge 6
2025-11-12T11:20:23Z,58.0,Charge 6
2025-11-12T11:20:26Z,58.0,Charge 6
2025-11-12T11:20:29Z,58.0,Charge 6
2025-11-12T11:20:31Z,60.0,Charge 6
2025-11-12T11:20:34Z,60.0,Charge 6
2025-11-12T11:20:35Z,59.0,Charge 6
2025-11-12T11:20:37Z,58.0,Charge 6
2025-11-12T11:20:39Z,57.0,Charge 6
2025-11-12T11:20:41Z,56.0,Charge 6
2025-11-12T11:20:44Z,56.0,Charge 6
2025-11-12T11:20:47Z,56.0,Charge 6
2025-11-12T11:20:49Z,55.0,Charge 6
2025-11-12T11:20:52Z,56.0,Charge 6
2025-11-12T11:20:55Z,56.0,Charge 6
2025-11-12T11:20:58Z,56.0,Charge 6
2025-11-12T11:21:00Z,58.0,Charge 6
2025-11-12T11:21:03Z,58.0,Charge 6
2025-11-12T11:21:06Z,58.0,Charge 6
2025-11-12T11:21:09Z,58.0,Charge 6
2025-11-12T11:21:12Z,58.0,Charge 6
2025-11-12T11:21:15Z,58.0,Charge 6
2025-11-12T11:21:18Z,58.0,Charge 6
2025-11-12T11:21:21Z,58.0,Charge 6
2025-11-12T11:21:24Z,58.0,Charge 6
2025-11-12T11:21:27Z,59.0,Charge 6
2025-11-12T11:21:30Z,59.0,Charge 6
2025-11-12T11:21:31Z,58.0,Charge 6
2025-11-12T11:21:34Z,58.0,Charge 6
2025-11-12T11:21:37Z,58.0,Charge 6
2025-11-12T11:21:40Z,58.0,Charge 6
2025-11-12T11:21:41Z,59.0,Charge 6
2025-11-12T11:21:43Z,60.0,Charge 6
2025-11-12T11:21:46Z,60.0,Charge 6
2025-11-12T11:21:47Z,59.0,Charge 6
2025-11-12T11:21:48Z,58.0,Charge 6
2025-11-12T11:21:51Z,58.0,Charge 6
2025-11-12T11:21:52Z,57.0,Charge 6
2025-11-12T11:21:54Z,56.0,Charge 6
2025-11-12T11:21:57Z,56.0,Charge 6
2025-11-12T11:22:00Z,55.0,Charge 6
2025-11-12T11:22:02Z,54.0,Charge 6
2025-11-12T11:22:04Z,55.0,Charge 6
2025-11-12T11:22:07Z,55.0,Charge 6
2025-11-12T11:22:08Z,56.0,Charge 6
2025-11-12T11:22:11Z,56.0,Charge 6
2025-11-12T11:22:13Z,57.0,Charge 6
2025-11-12T11:22:15Z,58.0,Charge 6
2025-11-12T11:22:18Z,58.0,Charge 6
2025-11-12T11:22:21Z,58.0,Charge 6
2025-11-12T11:22:24Z,58.0,Charge 6
2025-11-12T11:22:27Z,59.0,Charge 6
2025-11-12T11:22:29Z,58.0,Charge 6
2025-11-12T11:22:31Z,57.0,Charge 6
2025-11-12T11:22:33Z,56.0,Charge 6
2025-11-12T11:22:36Z,57.0,Charge 6
2025-11-12T11:22:39Z,57.0,Charge 6
2025-11-12T11:22:40Z,58.0,Charge 6
2025-11-12T11:22:43Z,58.0,Charge 6
2025-11-12T11:22:46Z,58.0,Charge 6
2025-11-12T11:22:49Z,58.0,Charge 6
2025-11-12T11:22:52Z,58.0,Charge 6
2025-11-12T11:22:54Z,58.0,Charge 6
2025-11-12T11:22:57Z,58.0,Charge 6
2025-11-12T11:23:00Z,58.0,Charge 6
2025-11-12T11:23:03Z,58.0,Charge 6
2025-11-12T11:23:06Z,58.0,Charge 6
2025-11-12T11:23:09Z,58.0,Charge 6
2025-11-12T11:23:12Z,58.0,Charge 6
2025-11-12T11:23:15Z,58.0,Charge 6
2025-11-12T11:23:17Z,59.0,Charge 6
2025-11-12T11:23:19Z,60.0,Charge 6
2025-11-12T11:23:21Z,62.0,Charge 6
2025-11-12T11:23:23Z,64.0,Charge 6
2025-11-12T11:23:24Z,65.0,Charge 6
2025-11-12T11:23:26Z,67.0,Charge 6
2025-11-12T11:23:28Z,72.0,Charge 6
2025-11-12T11:23:30Z,77.0,Charge 6
2025-11-12T11:23:33Z,77.0,Charge 6
2025-11-12T11:23:34Z,78.0,Charge 6
2025-11-12T11:23:36Z,81.0,Charge 6
2025-11-12T11:23:38Z,82.0,Charge 6
2025-11-12T11:23:40Z,83.0,Charge 6
2025-11-12T11:23:42Z,81.0,Charge 6
2025-11-12T11:23:44Z,78.0,Charge 6
2025-11-12T11:23:46Z,73.0,Charge 6
2025-11-12T11:23:48Z,70.0,Charge 6
2025-11-12T11:23:49Z,67.0,Charge 6
2025-11-12T11:23:51Z,64.0,Charge 6
2025-11-12T11:23:53Z,63.0,Charge 6
2025-11-12T11:23:55Z,61.0,Charge 6
2025-11-12T11:23:58Z,61.0,Charge 6
2025-11-12T11:23:59Z,60.0,Charge 6
2025-11-12T11:24:02Z,60.0,Charge 6
2025-11-12T11:24:03Z,61.0,Charge 6
2025-11-12T11:24:05Z,62.0,Charge 6
2025-11-12T11:24:07Z,66.0,Charge 6
2025-11-12T11:24:10Z,66.0,Charge 6
2025-11-12T11:24:11Z,63.0,Charge 6
2025-11-12T11:24:12Z,61.0,Charge 6
2025-11-12T11:24:14Z,58.0,Charge 6
2025-11-12T11:24:16Z,57.0,Charge 6
2025-11-12T11:24:18Z,56.0,Charge 6
2025-11-12T11:24:21Z,56.0,Charge 6
2025-11-12T11:24:22Z,55.0,Charge 6
2025-11-12T11:24:25Z,55.0,Charge 6
2025-11-12T11:24:26Z,57.0,Charge 6
2025-11-12T11:24:28Z,60.0,Charge 6
2025-11-12T11:24:30Z,62.0,Charge 6
2025-11-12T11:24:33Z,62.0,Charge 6
2025-11-12T11:24:34Z,59.0,Charge 6
2025-11-12T11:24:36Z,57.0,Charge 6
2025-11-12T11:24:39Z,57.0,Charge 6
2025-11-12T11:24:41Z,56.0,Charge 6
2025-11-12T11:24:44Z,56.0,Charge 6
2025-11-12T11:24:47Z,57.0,Charge 6
2025-11-12T11:24:49Z,56.0,Charge 6
2025-11-12T11:24:51Z,55.0,Charge 6
2025-11-12T11:24:53Z,54.0,Charge 6
2025-11-12T11:24:56Z,54.0,Charge 6
2025-11-12T11:24:59Z,54.0,Charge 6
2025-11-12T11:25:00Z,56.0,Charge 6
2025-11-12T11:25:03Z,56.0,Charge 6
2025-11-12T11:25:04Z,58.0,Charge 6
2025-11-12T11:25:07Z,58.0,Charge 6
2025-11-12T11:25:08Z,57.0,Charge 6
2025-11-12T11:25:10Z,56.0,Charge 6
2025-11-12T11:25:13Z,56.0,Charge 6
2025-11-12T11:25:14Z,55.0,Charge 6
2025-11-12T11:25:17Z,55.0,Charge 6
2025-11-12T11:25:20Z,56.0,Charge 6
2025-11-12T11:25:23Z,56.0,Charge 6
2025-11-12T11:25:26Z,56.0,Charge 6
2025-11-12T11:25:27Z,57.0,Charge 6
2025-11-12T11:25:30Z,57.0,Charge 6
2025-11-12T11:25:31Z,58.0,Charge 6
2025-11-12T11:25:34Z,58.0,Charge 6
2025-11-12T11:25:37Z,58.0,Charge 6
2025-11-12T11:25:40Z,58.0,Charge 6
2025-11-12T11:25:43Z,58.0,Charge 6
2025-11-12T11:25:46Z,58.0,Charge 6
2025-11-12T11:25:48Z,57.0,Charge 6
2025-11-12T11:25:51Z,57.0,Charge 6
2025-11-12T11:25:52Z,57.0,Charge 6
2025-11-12T11:25:54Z,56.0,Charge 6
2025-11-12T11:25:57Z,56.0,Charge 6
2025-11-12T11:26:00Z,56.0,Charge 6
2025-11-12T11:26:03Z,56.0,Charge 6
2025-11-12T11:26:04Z,56.0,Charge 6
2025-11-12T11:26:06Z,59.0,Charge 6
2025-11-12T11:26:08Z,61.0,Charge 6
2025-11-12T11:26:10Z,67.0,Charge 6
2025-11-12T11:26:12Z,68.0,Charge 6
2025-11-12T11:26:13Z,67.0,Charge 6
2025-11-12T11:26:15Z,64.0,Charge 6
2025-11-12T11:26:17Z,61.0,Charge 6
2025-11-12T11:26:19Z,59.0,Charge 6
2025-11-12T11:26:21Z,57.0,Charge 6
2025-11-12T11:26:24Z,57.0,Charge 6
2025-11-12T11:26:27Z,57.0,Charge 6
2025-11-12T11:26:29Z,58.0,Charge 6
2025-11-12T11:26:32Z,58.0,Charge 6
2025-11-12T11:26:33Z,56.0,Charge 6
2025-11-12T11:26:35Z,54.0,Charge 6
2025-11-12T11:26:38Z,54.0,Charge 6
2025-11-12T11:26:40Z,53.0,Charge 6
2025-11-12T11:26:43Z,53.0,Charge 6
2025-11-12T11:26:44Z,54.0,Charge 6
2025-11-12T11:26:47Z,54.0,Charge 6
2025-11-12T11:26:50Z,54.0,Charge 6
2025-11-12T11:26:52Z,56.0,Charge 6
2025-11-12T11:26:55Z,56.0,Charge 6
2025-11-12T11:26:56Z,55.0,Charge 6
2025-11-12T11:26:58Z,54.0,Charge 6
2025-11-12T11:27:01Z,54.0,Charge 6
2025-11-12T11:27:04Z,54.0,Charge 6
2025-11-12T11:27:07Z,56.0,Charge 6
2025-11-12T11:27:09Z,58.0,Charge 6
2025-11-12T11:27:11Z,60.0,Charge 6
2025-11-12T11:27:13Z,57.0,Charge 6
2025-11-12T11:27:15Z,55.0,Charge 6
2025-11-12T11:27:18Z,55.0,Charge 6
2025-11-12T11:27:19Z,54.0,Charge 6
2025-11-12T11:27:21Z,53.0,Charge 6
2025-11-12T11:27:24Z,53.0,Charge 6
2025-11-12T11:27:26Z,54.0,Charge 6
2025-11-12T11:27:28Z,56.0,Charge 6
2025-11-12T11:27:31Z,56.0,Charge 6
2025-11-12T11:27:34Z,59.0,Charge 6
2025-11-12T11:27:36Z,62.0,Charge 6
2025-11-12T11:27:38Z,65.0,Charge 6
2025-11-12T11:27:40Z,68.0,Charge 6
2025-11-12T11:27:42Z,70.0,Charge 6
2025-11-12T11:27:44Z,69.0,Charge 6
2025-11-12T11:27:46Z,66.0,Charge 6
2025-11-12T11:27:48Z,65.0,Charge 6
2025-11-12T11:27:51Z,63.0,Charge 6
2025-11-12T11:27:53Z,63.0,Charge 6
2025-11-12T11:27:55Z,62.0,Charge 6
2025-11-12T11:27:57Z,61.0,Charge 6
2025-11-12T11:27:59Z,59.0,Charge 6
2025-11-12T11:28:01Z,56.0,Charge 6
2025-11-12T11:28:04Z,56.0,Charge 6
2025-11-12T11:28:05Z,55.0,Charge 6
2025-11-12T11:28:08Z,55.0,Charge 6
2025-11-12T11:28:11Z,54.0,Charge 6
2025-11-12T11:28:14Z,54.0,Charge 6
2025-11-12T11:28:17Z,54.0,Charge 6
2025-11-12T11:28:20Z,54.0,Charge 6
2025-11-12T11:28:23Z,54.0,Charge 6
2025-11-12T11:28:24Z,55.0,Charge 6
2025-11-12T11:28:26Z,56.0,Charge 6
2025-11-12T11:28:29Z,56.0,Charge 6
2025-11-12T11:28:30Z,57.0,Charge 6
2025-11-12T11:28:32Z,58.0,Charge 6
2025-11-12T11:28:34Z,57.0,Charge 6
2025-11-12T11:28:36Z,56.0,Charge 6
2025-11-12T11:28:39Z,55.0,Charge 6
2025-11-12T11:28:42Z,55.0,Charge 6
2025-11-12T11:28:43Z,54.0,Charge 6
2025-11-12T11:28:45Z,55.0,Charge 6
2025-11-12T11:28:47Z,56.0,Charge 6
2025-11-12T11:28:50Z,56.0,Charge 6
2025-11-12T11:28:53Z,56.0,Charge 6
2025-11-12T11:28:55Z,58.0,Charge 6
2025-11-12T11:28:58Z,58.0,Charge 6
2025-11-12T11:29:00Z,56.0,Charge 6
2025-11-12T11:29:02Z,55.0,Charge 6
2025-11-12T11:29:05Z,55.0,Charge 6
2025-11-12T11:29:06Z,54.0,Charge 6
2025-11-12T11:29:09Z,54.0,Charge 6
2025-11-12T11:29:12Z,54.0,Charge 6
2025-11-12T11:29:15Z,54.0,Charge 6
2025-11-12T11:29:16Z,56.0,Charge 6
2025-11-12T11:29:18Z,57.0,Charge 6
2025-11-12T11:29:20Z,56.0,Charge 6
2025-11-12T11:29:23Z,56.0,Charge 6
2025-11-12T11:29:24Z,55.0,Charge 6
2025-11-12T11:29:25Z,54.0,Charge 6
2025-11-12T11:29:27Z,55.0,Charge 6
2025-11-12T11:29:29Z,56.0,Charge 6
2025-11-12T11:29:31Z,57.0,Charge 6
2025-11-12T11:29:33Z,60.0,Charge 6
2025-11-12T11:29:35Z,64.0,Charge 6
2025-11-12T11:29:37Z,65.0,Charge 6
2025-11-12T11:29:39Z,67.0,Charge 6
2025-11-12T11:29:41Z,69.0,Charge 6
2025-11-12T11:29:43Z,69.0,Charge 6
2025-11-12T11:29:45Z,70.0,Charge 6
2025-11-12T11:29:47Z,73.0,Charge 6
2025-11-12T11:29:48Z,74.0,Charge 6
2025-11-12T11:29:50Z,73.0,Charge 6
2025-11-12T11:29:52Z,70.0,Charge 6
2025-11-12T11:29:54Z,68.0,Charge 6
2025-11-12T11:29:56Z,67.0,Charge 6
2025-11-12T11:29:58Z,65.0,Charge 6
2025-11-12T11:30:00Z,64.0,Charge 6
2025-11-12T11:30:02Z,62.0,Charge 6
2025-11-12T11:30:04Z,61.0,Charge 6
2025-11-12T11:30:06Z,59.0,Charge 6
2025-11-12T11:30:08Z,57.0,Charge 6
2025-11-12T11:30:10Z,56.0,Charge 6
2025-11-12T11:30:13Z,55.0,Charge 6
2025-11-12T11:30:15Z,56.0,Charge 6
2025-11-12T11:30:17Z,55.0,Charge 6
2025-11-12T11:30:20Z,55.0,Charge 6
2025-11-12T11:30:21Z,54.0,Charge 6
2025-11-12T11:30:24Z,54.0,Charge 6
2025-11-12T11:30:27Z,54.0,Charge 6
2025-11-12T11:30:30Z,54.0,Charge 6
2025-11-12T11:30:31Z,55.0,Charge 6
2025-11-12T11:30:33Z,56.0,Charge 6
2025-11-12T11:30:35Z,55.0,Charge 6
2025-11-12T11:30:36Z,54.0,Charge 6
2025-11-12T11:30:39Z,54.0,Charge 6
2025-11-12T11:30:40Z,53.0,Charge 6
2025-11-12T11:30:42Z,52.0,Charge 6
2025-11-12T11:30:45Z,52.0,Charge 6
2025-11-12T11:30:46Z,52.0,Charge 6
2025-11-12T11:30:49Z,52.0,Charge 6
2025-11-12T11:30:52Z,52.0,Charge 6
2025-11-12T11:30:55Z,52.0,Charge 6
2025-11-12T11:30:56Z,51.0,Charge 6
2025-11-12T11:30:59Z,51.0,Charge 6
2025-11-12T11:31:02Z,51.0,Charge 6
2025-11-12T11:31:03Z,52.0,Charge 6
2025-11-12T11:31:06Z,52.0,Charge 6
2025-11-12T11:31:07Z,53.0,Charge 6
2025-11-12T11:31:09Z,54.0,Charge 6
2025-11-12T11:31:12Z,54.0,Charge 6
2025-11-12T11:31:15Z,54.0,Charge 6
2025-11-12T11:31:18Z,54.0,Charge 6
2025-11-12T11:31:19Z,56.0,Charge 6
2025-11-12T11:31:21Z,57.0,Charge 6
2025-11-12T11:31:23Z,59.0,Charge 6
2025-11-12T11:31:24Z,60.0,Charge 6
2025-11-12T11:31:26Z,61.0,Charge 6
2025-11-12T11:31:28Z,60.0,Charge 6
2025-11-12T11:31:30Z,61.0,Charge 6
2025-11-12T11:31:32Z,60.0,Charge 6
2025-11-12T11:31:35Z,60.0,Charge 6
2025-11-12T11:31:38Z,60.0,Charge 6
2025-11-12T11:31:41Z,60.0,Charge 6
2025-11-12T11:31:42Z,59.0,Charge 6
2025-11-12T11:31:44Z,58.0,Charge 6
2025-11-12T11:31:46Z,58.0,Charge 6
2025-11-12T11:31:49Z,58.0,Charge 6
2025-11-12T11:31:52Z,58.0,Charge 6
2025-11-12T11:31:53Z,59.0,Charge 6
2025-11-12T11:31:56Z,59.0,Charge 6
2025-11-12T11:31:57Z,60.0,Charge 6
2025-11-12T11:31:59Z,62.0,Charge 6
2025-11-12T11:32:01Z,65.0,Charge 6
2025-11-12T11:32:03Z,67.0,Charge 6
2025-11-12T11:32:05Z,69.0,Charge 6
2025-11-12T11:32:08Z,69.0,Charge 6
2025-11-12T11:32:09Z,70.0,Charge 6
2025-11-12T11:32:12Z,69.0,Charge 6
2025-11-12T11:32:14Z,68.0,Charge 6
2025-11-12T11:32:16Z,69.0,Charge 6
2025-11-12T11:32:18Z,68.0,Charge 6
2025-11-12T11:32:20Z,65.0,Charge 6
2025-11-12T11:32:22Z,62.0,Charge 6
2025-11-12T11:32:24Z,61.0,Charge 6
2025-11-12T11:32:26Z,59.0,Charge 6
2025-11-12T11:32:28Z,58.0,Charge 6
2025-11-12T11:32:30Z,57.0,Charge 6
2025-11-12T11:32:32Z,56.0,Charge 6
2025-11-12T11:32:35Z,56.0,Charge 6
2025-11-12T11:32:38Z,56.0,Charge 6
2025-11-12T11:32:39Z,55.0,Charge 6
2025-11-12T11:32:42Z,55.0,Charge 6
2025-11-12T11:32:43Z,54.0,Charge 6
2025-11-12T11:32:46Z,54.0,Charge 6
2025-11-12T11:32:49Z,54.0,Charge 6
2025-11-12T11:32:52Z,54.0,Charge 6
2025-11-12T11:32:55Z,53.0,Charge 6
2025-11-12T11:32:57Z,52.0,Charge 6
2025-11-12T11:33:00Z,52.0,Charge 6
2025-11-12T11:33:03Z,52.0,Charge 6
2025-11-12T11:33:04Z,53.0,Charge 6
2025-11-12T11:33:07Z,53.0,Charge 6
2025-11-12T11:33:08Z,52.0,Charge 6
2025-11-12T11:33:10Z,53.0,Charge 6
2025-11-12T11:33:13Z,53.0,Charge 6
2025-11-12T11:33:14Z,54.0,Charge 6
2025-11-12T11:33:16Z,55.0,Charge 6
2025-11-12T11:33:19Z,55.0,Charge 6
2025-11-12T11:33:22Z,55.0,Charge 6
2025-11-12T11:33:24Z,56.0,Charge 6
2025-11-12T11:33:27Z,57.0,Charge 6
2025-11-12T11:33:29Z,58.0,Charge 6
2025-11-12T11:33:31Z,59.0,Charge 6
2025-11-12T11:33:33Z,60.0,Charge 6
2025-11-12T11:33:35Z,61.0,Charge 6
2025-11-12T11:33:37Z,63.0,Charge 6
2025-11-12T11:33:39Z,66.0,Charge 6
2025-11-12T11:33:41Z,68.0,Charge 6
2025-11-12T11:33:43Z,66.0,Charge 6
2025-11-12T11:33:45Z,64.0,Charge 6
2025-11-12T11:33:47Z,64.0,Charge 6
2025-11-12T11:33:48Z,66.0,Charge 6
2025-11-12T11:33:50Z,65.0,Charge 6
2025-11-12T11:33:53Z,65.0,Charge 6
2025-11-12T11:33:54Z,64.0,Charge 6
2025-11-12T11:33:56Z,61.0,Charge 6
2025-11-12T11:33:58Z,59.0,Charge 6
2025-11-12T11:34:00Z,58.0,Charge 6
2025-11-12T11:34:02Z,56.0,Charge 6
2025-11-12T11:34:05Z,56.0,Charge 6
2025-11-12T11:34:06Z,54.0,Charge 6
2025-11-12T11:34:09Z,54.0,Charge 6
2025-11-12T11:34:10Z,54.0,Charge 6
2025-11-12T11:34:13Z,54.0,Charge 6
2025-11-12T11:34:16Z,54.0,Charge 6
2025-11-12T11:34:17Z,53.0,Charge 6
2025-11-12T11:34:20Z,53.0,Charge 6
2025-11-12T11:34:23Z,54.0,Charge 6
2025-11-12T11:34:26Z,54.0,Charge 6
2025-11-12T11:34:29Z,54.0,Charge 6
2025-11-12T11:34:31Z,55.0,Charge 6
2025-11-12T11:34:33Z,56.0,Charge 6
2025-11-12T11:34:36Z,58.0,Charge 6
2025-11-12T11:34:38Z,60.0,Charge 6
2025-11-12T11:34:41Z,60.0,Charge 6
2025-11-12T11:34:42Z,59.0,Charge 6
2025-11-12T11:34:44Z,58.0,Charge 6
2025-11-12T11:34:47Z,58.0,Charge 6
2025-11-12T11:34:48Z,59.0,Charge 6
2025-11-12T11:34:50Z,60.0,Charge 6
2025-11-12T11:34:53Z,60.0,Charge 6
2025-11-12T11:34:56Z,59.0,Charge 6
2025-11-12T11:34:58Z,58.0,Charge 6
2025-11-12T11:35:01Z,58.0,Charge 6
2025-11-12T11:35:04Z,58.0,Charge 6
2025-11-12T11:35:07Z,58.0,Charge 6
2025-11-12T11:35:09Z,57.0,Charge 6
2025-11-12T11:35:11Z,56.0,Charge 6
2025-11-12T11:35:14Z,56.0,Charge 6
2025-11-12T11:35:17Z,56.0,Charge 6
2025-11-12T11:35:20Z,56.0,Charge 6
2025-11-12T11:35:23Z,56.0,Charge 6
2025-11-12T11:35:26Z,56.0,Charge 6
2025-11-12T11:35:29Z,56.0,Charge 6
2025-11-12T11:35:30Z,54.0,Charge 6
2025-11-12T11:35:33Z,54.0,Charge 6
2025-11-12T11:35:36Z,54.0,Charge 6
2025-11-12T11:35:39Z,54.0,Charge 6
2025-11-12T11:35:42Z,54.0,Charge 6
2025-11-12T11:35:45Z,54.0,Charge 6
2025-11-12T11:35:48Z,54.0,Charge 6
2025-11-12T11:35:51Z,54.0,Charge 6
2025-11-12T11:35:54Z,54.0,Charge 6
2025-11-12T11:35:55Z,54.0,Charge 6
2025-11-12T11:35:58Z,54.0,Charge 6
2025-11-12T11:36:01Z,54.0,Charge 6
2025-11-12T11:36:04Z,54.0,Charge 6
2025-11-12T11:36:05Z,55.0,Charge 6
2025-11-12T11:36:07Z,56.0,Charge 6
2025-11-12T11:36:10Z,56.0,Charge 6
2025-11-12T11:36:11Z,58.0,Charge 6
2025-11-12T11:36:12Z,60.0,Charge 6
2025-11-12T11:36:14Z,62.0,Charge 6
2025-11-12T11:36:16Z,69.0,Charge 6
2025-11-12T11:36:18Z,70.0,Charge 6
2025-11-12T11:36:20Z,69.0,Charge 6
2025-11-12T11:36:22Z,68.0,Charge 6
2025-11-12T11:36:24Z,63.0,Charge 6
2025-11-12T11:36:25Z,62.0,Charge 6
2025-11-12T11:36:28Z,62.0,Charge 6
2025-11-12T11:36:29Z,60.0,Charge 6
2025-11-12T11:36:32Z,60.0,Charge 6
2025-11-12T11:36:35Z,58.0,Charge 6
2025-11-12T11:36:38Z,58.0,Charge 6
2025-11-12T11:36:41Z,57.0,Charge 6
2025-11-12T11:36:43Z,56.0,Charge 6
2025-11-12T11:36:46Z,56.0,Charge 6
2025-11-12T11:36:49Z,55.0,Charge 6
2025-11-12T11:36:50Z,56.0,Charge 6
2025-11-12T11:36:53Z,56.0,Charge 6
2025-11-12T11:36:54Z,56.0,Charge 6
2025-11-12T11:36:57Z,56.0,Charge 6
2025-11-12T11:37:00Z,56.0,Charge 6
2025-11-12T11:37:03Z,56.0,Charge 6
2025-11-12T11:37:06Z,56.0,Charge 6
2025-11-12T11:37:08Z,58.0,Charge 6
2025-11-12T11:37:11Z,58.0,Charge 6
2025-11-12T11:37:14Z,58.0,Charge 6
2025-11-12T11:37:17Z,59.0,Charge 6
2025-11-12T11:37:19Z,60.0,Charge 6
2025-11-12T11:37:21Z,61.0,Charge 6
2025-11-12T11:37:23Z,62.0,Charge 6
2025-11-12T11:37:26Z,62.0,Charge 6
2025-11-12T11:37:27Z,61.0,Charge 6
2025-11-12T11:37:29Z,60.0,Charge 6
2025-11-12T11:37:32Z,60.0,Charge 6
2025-11-12T11:37:35Z,60.0,Charge 6
2025-11-12T11:37:38Z,60.0,Charge 6
2025-11-12T11:37:41Z,60.0,Charge 6
2025-11-12T11:37:44Z,60.0,Charge 6
2025-11-12T11:37:46Z,59.0,Charge 6
2025-11-12T11:37:48Z,58.0,Charge 6
2025-11-12T11:37:51Z,58.0,Charge 6
2025-11-12T11:37:54Z,58.0,Charge 6
2025-11-12T11:37:57Z,58.0,Charge 6
2025-11-12T11:38:00Z,58.0,Charge 6
2025-11-12T11:38:03Z,59.0,Charge 6
2025-11-12T11:38:05Z,60.0,Charge 6
2025-11-12T11:38:07Z,62.0,Charge 6
2025-11-12T11:38:09Z,64.0,Charge 6
2025-11-12T11:38:11Z,63.0,Charge 6
2025-11-12T11:38:13Z,61.0,Charge 6
2025-11-12T11:38:15Z,57.0,Charge 6
2025-11-12T11:38:17Z,55.0,Charge 6
2025-11-12T11:38:20Z,55.0,Charge 6
2025-11-12T11:38:21Z,54.0,Charge 6
2025-11-12T11:38:24Z,54.0,Charge 6
2025-11-12T11:38:26Z,54.0,Charge 6
2025-11-12T11:38:29Z,54.0,Charge 6
2025-11-12T11:38:32Z,54.0,Charge 6
2025-11-12T11:38:35Z,54.0,Charge 6
2025-11-12T11:38:36Z,53.0,Charge 6
2025-11-12T11:38:38Z,54.0,Charge 6
2025-11-12T11:38:41Z,54.0,Charge 6
2025-11-12T11:38:44Z,56.0,Charge 6
2025-11-12T11:38:47Z,56.0,Charge 6
2025-11-12T11:38:50Z,56.0,Charge 6
2025-11-12T11:38:53Z,56.0,Charge 6
2025-11-12T11:38:56Z,56.0,Charge 6
2025-11-12T11:38:59Z,56.0,Charge 6
2025-11-12T11:39:02Z,56.0,Charge 6
2025-11-12T11:39:05Z,57.0,Charge 6
2025-11-12T11:39:08Z,57.0,Charge 6
2025-11-12T11:39:11Z,57.0,Charge 6
2025-11-12T11:39:13Z,57.0,Charge 6
2025-11-12T11:39:16Z,57.0,Charge 6
2025-11-12T11:39:18Z,58.0,Charge 6
2025-11-12T11:39:21Z,58.0,Charge 6
2025-11-12T11:39:24Z,58.0,Charge 6
2025-11-12T11:39:27Z,58.0,Charge 6
2025-11-12T11:39:30Z,58.0,Charge 6
2025-11-12T11:39:33Z,58.0,Charge 6
2025-11-12T11:39:34Z,59.0,Charge 6
2025-11-12T11:39:36Z,60.0,Charge 6
2025-11-12T11:39:37Z,62.0,Charge 6
2025-11-12T11:39:39Z,62.0,Charge 6
2025-11-12T11:39:41Z,63.0,Charge 6
2025-11-12T11:39:43Z,65.0,Charge 6
2025-11-12T11:39:45Z,69.0,Charge 6
2025-11-12T11:39:47Z,74.0,Charge 6
2025-11-12T11:39:50Z,74.0,Charge 6
2025-11-12T11:39:51Z,71.0,Charge 6
2025-11-12T11:39:53Z,66.0,Charge 6
2025-11-12T11:39:55Z,65.0,Charge 6
2025-11-12T11:39:57Z,64.0,Charge 6
2025-11-12T11:39:59Z,63.0,Charge 6
2025-11-12T11:40:01Z,64.0,Charge 6
2025-11-12T11:40:02Z,65.0,Charge 6
2025-11-12T11:40:04Z,66.0,Charge 6
2025-11-12T11:40:06Z,66.0,Charge 6
2025-11-12T11:40:09Z,66.0,Charge 6
2025-11-12T11:40:10Z,66.0,Charge 6
2025-11-12T11:40:12Z,65.0,Charge 6
2025-11-12T11:40:14Z,66.0,Charge 6
2025-11-12T11:40:16Z,67.0,Charge 6
2025-11-12T11:40:18Z,68.0,Charge 6
2025-11-12T11:40:20Z,70.0,Charge 6
2025-11-12T11:40:22Z,72.0,Charge 6
2025-11-12T11:40:25Z,74.0,Charge 6
2025-11-12T11:40:27Z,75.0,Charge 6
2025-11-12T11:40:29Z,76.0,Charge 6
2025-11-12T11:40:32Z,76.0,Charge 6
2025-11-12T11:40:33Z,74.0,Charge 6
2025-11-12T11:40:35Z,72.0,Charge 6
2025-11-12T11:40:37Z,69.0,Charge 6
2025-11-12T11:40:39Z,66.0,Charge 6
2025-11-12T11:40:41Z,65.0,Charge 6
2025-11-12T11:40:43Z,63.0,Charge 6
2025-11-12T11:40:45Z,62.0,Charge 6
2025-11-12T11:40:48Z,62.0,Charge 6
2025-11-12T11:40:49Z,61.0,Charge 6
2025-11-12T11:40:52Z,62.0,Charge 6
2025-11-12T11:40:54Z,61.0,Charge 6
2025-11-12T11:40:57Z,61.0,Charge 6
2025-11-12T11:40:58Z,60.0,Charge 6
2025-11-12T11:41:01Z,60.0,Charge 6
2025-11-12T11:41:04Z,60.0,Charge 6
2025-11-12T11:41:07Z,60.0,Charge 6
2025-11-12T11:41:08Z,59.0,Charge 6
2025-11-12T11:41:11Z,59.0,Charge 6
2025-11-12T11:41:14Z,59.0,Charge 6
2025-11-12T11:41:17Z,59.0,Charge 6
2025-11-12T11:41:20Z,59.0,Charge 6
2025-11-12T11:41:23Z,59.0,Charge 6
2025-11-12T11:41:25Z,60.0,Charge 6
2025-11-12T11:41:27Z,61.0,Charge 6
2025-11-12T11:41:29Z,60.0,Charge 6
2025-11-12T11:41:32Z,60.0,Charge 6
2025-11-12T11:41:33Z,61.0,Charge 6
2025-11-12T11:41:35Z,62.0,Charge 6
2025-11-12T11:41:38Z,63.0,Charge 6
2025-11-12T11:41:40Z,62.0,Charge 6
2025-11-12T11:41:42Z,61.0,Charge 6
2025-11-12T11:41:44Z,60.0,Charge 6
2025-11-12T11:41:46Z,59.0,Charge 6
2025-11-12T11:41:48Z,60.0,Charge 6
2025-11-12T11:41:51Z,60.0,Charge 6
2025-11-12T11:41:54Z,59.0,Charge 6
2025-11-12T11:41:56Z,58.0,Charge 6
2025-11-12T11:41:59Z,58.0,Charge 6
2025-11-12T11:42:01Z,57.0,Charge 6
2025-11-12T11:42:04Z,57.0,Charge 6
2025-11-12T11:42:07Z,58.0,Charge 6
2025-11-12T11:42:09Z,59.0,Charge 6
2025-11-12T11:42:11Z,60.0,Charge 6
2025-11-12T11:42:13Z,60.0,Charge 6
2025-11-12T11:42:15Z,59.0,Charge 6
2025-11-12T11:42:18Z,59.0,Charge 6
2025-11-12T11:42:21Z,60.0,Charge 6
2025-11-12T11:42:24Z,60.0,Charge 6
2025-11-12T11:42:27Z,60.0,Charge 6
2025-11-12T11:42:30Z,61.0,Charge 6
2025-11-12T11:42:32Z,62.0,Charge 6
2025-11-12T11:42:34Z,61.0,Charge 6
2025-11-12T11:42:37Z,61.0,Charge 6
2025-11-12T11:42:38Z,62.0,Charge 6
2025-11-12T11:42:41Z,62.0,Charge 6
2025-11-12T11:42:44Z,62.0,Charge 6
2025-11-12T11:42:46Z,61.0,Charge 6
2025-11-12T11:42:48Z,60.0,Charge 6
2025-11-12T11:42:51Z,60.0,Charge 6
2025-11-12T11:42:53Z,59.0,Charge 6
2025-11-12T11:42:56Z,59.0,Charge 6
2025-11-12T11:42:57Z,58.0,Charge 6
2025-11-12T11:43:00Z,58.0,Charge 6
2025-11-12T11:43:01Z,59.0,Charge 6
2025-11-12T11:43:03Z,60.0,Charge 6
2025-11-12T11:43:05Z,62.0,Charge 6
2025-11-12T11:43:08Z,62.0,Charge 6
2025-11-12T11:43:09Z,61.0,Charge 6
2025-11-12T11:43:11Z,60.0,Charge 6
2025-11-12T11:43:13Z,59.0,Charge 6
2025-11-12T11:43:14Z,58.0,Charge 6
2025-11-12T11:43:17Z,58.0,Charge 6
2025-11-12T11:43:18Z,57.0,Charge 6
2025-11-12T11:43:20Z,56.0,Charge 6
2025-11-12T11:43:22Z,57.0,Charge 6
2025-11-12T11:43:24Z,58.0,Charge 6
2025-11-12T11:43:26Z,60.0,Charge 6
2025-11-12T11:43:28Z,62.0,Charge 6
2025-11-12T11:43:30Z,61.0,Charge 6
2025-11-12T11:43:32Z,60.0,Charge 6
2025-11-12T11:43:34Z,57.0,Charge 6
2025-11-12T11:43:36Z,56.0,Charge 6
2025-11-12T11:43:39Z,55.0,Charge 6
2025-11-12T11:43:42Z,55.0,Charge 6
2025-11-12T11:43:43Z,56.0,Charge 6
2025-11-12T11:43:46Z,56.0,Charge 6
2025-11-12T11:43:47Z,57.0,Charge 6
2025-11-12T11:43:50Z,57.0,Charge 6
2025-11-12T11:43:53Z,57.0,Charge 6
2025-11-12T11:43:56Z,57.0,Charge 6
2025-11-12T11:43:57Z,56.0,Charge 6
2025-11-12T11:44:00Z,56.0,Charge 6
2025-11-12T11:44:03Z,56.0,Charge 6
2025-11-12T11:44:06Z,56.0,Charge 6
2025-11-12T11:44:08Z,57.0,Charge 6
2025-11-12T11:44:10Z,58.0,Charge 6
2025-11-12T11:44:13Z,58.0,Charge 6
2025-11-12T11:44:14Z,58.0,Charge 6
2025-11-12T11:44:16Z,59.0,Charge 6
2025-11-12T11:44:18Z,60.0,Charge 6
2025-11-12T11:44:21Z,60.0,Charge 6
2025-11-12T11:44:24Z,60.0,Charge 6
2025-11-12T11:44:25Z,62.0,Charge 6
2025-11-12T11:44:27Z,64.0,Charge 6
2025-11-12T11:44:29Z,67.0,Charge 6
2025-11-12T11:44:31Z,69.0,Charge 6
2025-11-12T11:44:33Z,66.0,Charge 6
2025-11-12T11:44:35Z,63.0,Charge 6
2025-11-12T11:44:37Z,60.0,Charge 6
2025-11-12T11:44:39Z,60.0,Charge 6
2025-11-12T11:44:41Z,59.0,Charge 6
2025-11-12T11:44:43Z,60.0,Charge 6
2025-11-12T11:44:45Z,61.0,Charge 6
2025-11-12T11:44:47Z,62.0,Charge 6
2025-11-12T11:44:49Z,64.0,Charge 6
2025-11-12T11:44:50Z,65.0,Charge 6
2025-11-12T11:44:52Z,66.0,Charge 6
2025-11-12T11:44:54Z,67.0,Charge 6
2025-11-12T11:44:56Z,68.0,Charge 6
2025-11-12T11:44:58Z,69.0,Charge 6
2025-11-12T11:45:00Z,70.0,Charge 6
2025-11-12T11:45:02Z,69.0,Charge 6
2025-11-12T11:45:04Z,67.0,Charge 6
2025-11-12T11:45:06Z,66.0,Charge 6
2025-11-12T11:45:08Z,65.0,Charge 6
2025-11-12T11:45:10Z,63.0,Charge 6
2025-11-12T11:45:12Z,61.0,Charge 6
2025-11-12T11:45:13Z,60.0,Charge 6
2025-11-12T11:45:15Z,59.0,Charge 6
2025-11-12T11:45:17Z,58.0,Charge 6
2025-11-12T11:45:19Z,57.0,Charge 6
2025-11-12T11:45:21Z,56.0,Charge 6
2025-11-12T11:45:24Z,56.0,Charge 6
2025-11-12T11:45:27Z,56.0,Charge 6
2025-11-12T11:45:30Z,56.0,Charge 6
2025-11-12T11:45:31Z,58.0,Charge 6
2025-11-12T11:45:33Z,63.0,Charge 6
2025-11-12T11:45:35Z,68.0,Charge 6
2025-11-12T11:45:37Z,70.0,Charge 6
2025-11-12T11:45:38Z,72.0,Charge 6
2025-11-12T11:45:40Z,74.0,Charge 6
2025-11-12T11:45:42Z,76.0,Charge 6
2025-11-12T11:45:45Z,76.0,Charge 6
2025-11-12T11:45:46Z,77.0,Charge 6
2025-11-12T11:45:49Z,77.0,Charge 6
2025-11-12T11:45:52Z,76.0,Charge 6
2025-11-12T11:45:54Z,75.0,Charge 6
2025-11-12T11:45:56Z,73.0,Charge 6
2025-11-12T11:45:58Z,68.0,Charge 6
2025-11-12T11:46:00Z,65.0,Charge 6
2025-11-12T11:46:01Z,62.0,Charge 6
2025-11-12T11:46:03Z,61.0,Charge 6
2025-11-12T11:46:06Z,61.0,Charge 6
2025-11-12T11:46:07Z,58.0,Charge 6
2025-11-12T11:46:09Z,59.0,Charge 6
2025-11-12T11:46:11Z,61.0,Charge 6
2025-11-12T11:46:14Z,61.0,Charge 6
2025-11-12T11:46:15Z,60.0,Charge 6
2025-11-12T11:46:17Z,62.0,Charge 6
2025-11-12T11:46:19Z,61.0,Charge 6
2025-11-12T11:46:22Z,61.0,Charge 6
2025-11-12T11:46:25Z,61.0,Charge 6
2025-11-12T11:46:26Z,60.0,Charge 6
2025-11-12T11:46:28Z,59.0,Charge 6
2025-11-12T11:46:31Z,59.0,Charge 6
2025-11-12T11:46:32Z,58.0,Charge 6
2025-11-12T11:46:35Z,58.0,Charge 6
2025-11-12T11:46:36Z,57.0,Charge 6
2025-11-12T11:46:38Z,56.0,Charge 6
2025-11-12T11:46:41Z,56.0,Charge 6
2025-11-12T11:46:42Z,55.0,Charge 6
2025-11-12T11:46:45Z,55.0,Charge 6
2025-11-12T11:46:46Z,54.0,Charge 6
2025-11-12T11:46:49Z,55.0,Charge 6
2025-11-12T11:46:51Z,56.0,Charge 6
2025-11-12T11:46:54Z,56.0,Charge 6
2025-11-12T11:46:55Z,57.0,Charge 6
2025-11-12T11:46:57Z,58.0,Charge 6
2025-11-12T11:46:59Z,58.0,Charge 6
2025-11-12T11:47:01Z,56.0,Charge 6
2025-11-12T11:47:04Z,56.0,Charge 6
2025-11-12T11:47:05Z,57.0,Charge 6
2025-11-12T11:47:07Z,59.0,Charge 6
2025-11-12T11:47:09Z,61.0,Charge 6
2025-11-12T11:47:11Z,62.0,Charge 6
2025-11-12T11:47:13Z,61.0,Charge 6
2025-11-12T11:47:14Z,61.0,Charge 6
2025-11-12T11:47:16Z,60.0,Charge 6
2025-11-12T11:47:18Z,58.0,Charge 6
2025-11-12T11:47:20Z,57.0,Charge 6
2025-11-12T11:47:22Z,56.0,Charge 6
2025-11-12T11:47:25Z,56.0,Charge 6
2025-11-12T11:47:28Z,55.0,Charge 6
2025-11-12T11:47:30Z,56.0,Charge 6
2025-11-12T11:47:32Z,55.0,Charge 6
2025-11-12T11:47:34Z,56.0,Charge 6
2025-11-12T11:47:37Z,56.0,Charge 6
2025-11-12T11:47:39Z,57.0,Charge 6
2025-11-12T11:47:41Z,58.0,Charge 6
2025-11-12T11:47:43Z,59.0,Charge 6
2025-11-12T11:47:45Z,60.0,Charge 6
2025-11-12T11:47:47Z,60.0,Charge 6
2025-11-12T11:47:50Z,60.0,Charge 6
2025-11-12T11:47:51Z,62.0,Charge 6
2025-11-12T11:47:54Z,62.0,Charge 6
2025-11-12T11:47:55Z,62.0,Charge 6
2025-11-12T11:47:58Z,62.0,Charge 6
2025-11-12T11:47:59Z,62.0,Charge 6
2025-11-12T11:48:02Z,60.0,Charge 6
2025-11-12T11:48:05Z,60.0,Charge 6
2025-11-12T11:48:08Z,58.0,Charge 6
2025-11-12T11:48:11Z,58.0,Charge 6
2025-11-12T11:48:12Z,58.0,Charge 6
2025-11-12T11:48:15Z,58.0,Charge 6
2025-11-12T11:48:16Z,59.0,Charge 6
2025-11-12T11:48:18Z,60.0,Charge 6
2025-11-12T11:48:20Z,60.0,Charge 6
2025-11-12T11:48:22Z,61.0,Charge 6
2025-11-12T11:48:25Z,61.0,Charge 6
2025-11-12T11:48:28Z,61.0,Charge 6
2025-11-12T11:48:29Z,60.0,Charge 6
2025-11-12T11:48:32Z,60.0,Charge 6
2025-11-12T11:48:33Z,61.0,Charge 6
2025-11-12T11:48:35Z,62.0,Charge 6
2025-11-12T11:48:37Z,63.0,Charge 6
2025-11-12T11:48:39Z,62.0,Charge 6
2025-11-12T11:48:41Z,59.0,Charge 6
2025-11-12T11:48:44Z,59.0,Charge 6
2025-11-12T11:48:45Z,60.0,Charge 6
2025-11-12T11:48:47Z,58.0,Charge 6
2025-11-12T11:48:50Z,58.0,Charge 6
2025-11-12T11:48:52Z,58.0,Charge 6
2025-11-12T11:48:54Z,58.0,Charge 6
2025-11-12T11:48:57Z,58.0,Charge 6
2025-11-12T11:49:00Z,58.0,Charge 6
2025-11-12T11:49:03Z,58.0,Charge 6
2025-11-12T11:49:04Z,59.0,Charge 6
2025-11-12T11:49:06Z,59.0,Charge 6
2025-11-12T11:49:09Z,59.0,Charge 6
2025-11-12T11:49:10Z,58.0,Charge 6
2025-11-12T11:49:12Z,58.0,Charge 6
2025-11-12T11:49:13Z,57.0,Charge 6
2025-11-12T11:49:15Z,58.0,Charge 6
2025-11-12T11:49:18Z,58.0,Charge 6
2025-11-12T11:49:19Z,60.0,Charge 6
2025-11-12T11:49:21Z,59.0,Charge 6
2025-11-12T11:49:24Z,59.0,Charge 6
2025-11-12T11:49:27Z,59.0,Charge 6
2025-11-12T11:49:29Z,59.0,Charge 6
2025-11-12T11:49:31Z,58.0,Charge 6
2025-11-12T11:49:33Z,58.0,Charge 6
2025-11-12T11:49:35Z,58.0,Charge 6
2025-11-12T11:49:38Z,58.0,Charge 6
2025-11-12T11:49:40Z,59.0,Charge 6
2025-11-12T11:49:42Z,58.0,Charge 6
2025-11-12T11:49:45Z,58.0,Charge 6
2025-11-12T11:49:46Z,59.0,Charge 6
2025-11-12T11:49:48Z,60.0,Charge 6
2025-11-12T11:49:50Z,61.0,Charge 6
2025-11-12T11:49:52Z,60.0,Charge 6
2025-11-12T11:49:54Z,60.0,Charge 6
2025-11-12T11:49:56Z,59.0,Charge 6
2025-11-12T11:49:59Z,59.0,Charge 6
2025-11-12T11:50:00Z,59.0,Charge 6
2025-11-12T11:50:01Z,60.0,Charge 6
2025-11-12T11:50:04Z,60.0,Charge 6
2025-11-12T11:50:07Z,60.0,Charge 6
2025-11-12T11:50:09Z,59.0,Charge 6
2025-11-12T11:50:12Z,59.0,Charge 6
2025-11-12T11:50:13Z,58.0,Charge 6
2025-11-12T11:50:15Z,57.0,Charge 6
2025-11-12T11:50:18Z,57.0,Charge 6
2025-11-12T11:50:21Z,57.0,Charge 6
2025-11-12T11:50:23Z,58.0,Charge 6
2025-11-12T11:50:26Z,58.0,Charge 6
2025-11-12T11:50:29Z,58.0,Charge 6
2025-11-12T11:50:30Z,60.0,Charge 6
2025-11-12T11:50:32Z,61.0,Charge 6
2025-11-12T11:50:34Z,60.0,Charge 6
2025-11-12T11:50:37Z,60.0,Charge 6
2025-11-12T11:50:38Z,59.0,Charge 6
2025-11-12T11:50:40Z,58.0,Charge 6
2025-11-12T11:50:42Z,58.0,Charge 6
2025-11-12T11:50:45Z,58.0,Charge 6
2025-11-12T11:50:48Z,57.0,Charge 6
2025-11-12T11:50:51Z,57.0,Charge 6
2025-11-12T11:50:53Z,56.0,Charge 6
2025-11-12T11:50:56Z,56.0,Charge 6
2025-11-12T11:50:59Z,55.0,Charge 6
2025-11-12T11:51:02Z,55.0,Charge 6
2025-11-12T11:51:03Z,56.0,Charge 6
2025-11-12T11:51:06Z,56.0,Charge 6
2025-11-12T11:51:09Z,56.0,Charge 6
2025-11-12T11:51:12Z,56.0,Charge 6
2025-11-12T11:51:14Z,57.0,Charge 6
2025-11-12T11:51:16Z,58.0,Charge 6
2025-11-12T11:51:19Z,58.0,Charge 6
2025-11-12T11:51:22Z,58.0,Charge 6
2025-11-12T11:51:25Z,58.0,Charge 6
2025-11-12T11:51:28Z,58.0,Charge 6
2025-11-12T11:51:31Z,59.0,Charge 6
2025-11-12T11:51:33Z,59.0,Charge 6
2025-11-12T11:51:35Z,60.0,Charge 6
2025-11-12T11:51:36Z,65.0,Charge 6
2025-11-12T11:51:38Z,66.0,Charge 6
2025-11-12T11:51:40Z,67.0,Charge 6
2025-11-12T11:51:43Z,67.0,Charge 6
2025-11-12T11:51:46Z,66.0,Charge 6
2025-11-12T11:51:48Z,64.0,Charge 6
2025-11-12T11:51:50Z,65.0,Charge 6
2025-11-12T11:51:52Z,63.0,Charge 6
2025-11-12T11:51:54Z,64.0,Charge 6
2025-11-12T11:51:56Z,63.0,Charge 6
2025-11-12T11:51:58Z,60.0,Charge 6
2025-11-12T11:52:01Z,59.0,Charge 6
2025-11-12T11:52:04Z,59.0,Charge 6
2025-11-12T11:52:05Z,58.0,Charge 6
2025-11-12T11:52:08Z,58.0,Charge 6
2025-11-12T11:52:09Z,57.0,Charge 6
2025-11-12T11:52:12Z,57.0,Charge 6
2025-11-12T11:52:15Z,56.0,Charge 6
2025-11-12T11:52:18Z,56.0,Charge 6
2025-11-12T11:52:21Z,56.0,Charge 6
2025-11-12T11:52:24Z,57.0,Charge 6
2025-11-12T11:52:26Z,58.0,Charge 6
2025-11-12T11:52:29Z,58.0,Charge 6
2025-11-12T11:52:32Z,59.0,Charge 6
2025-11-12T11:52:34Z,59.0,Charge 6
2025-11-12T11:52:36Z,59.0,Charge 6
2025-11-12T11:52:39Z,59.0,Charge 6
2025-11-12T11:52:42Z,62.0,Charge 6
2025-11-12T11:52:45Z,62.0,Charge 6
2025-11-12T11:52:46Z,61.0,Charge 6
2025-11-12T11:52:48Z,60.0,Charge 6
2025-11-12T11:52:49Z,59.0,Charge 6
2025-11-12T11:52:51Z,59.0,Charge 6
2025-11-12T11:52:54Z,59.0,Charge 6
2025-11-12T11:52:55Z,60.0,Charge 6
2025-11-12T11:52:58Z,60.0,Charge 6
2025-11-12T11:52:59Z,61.0,Charge 6
2025-11-12T11:53:01Z,62.0,Charge 6
2025-11-12T11:53:03Z,63.0,Charge 6
2025-11-12T11:53:05Z,64.0,Charge 6
2025-11-12T11:53:07Z,66.0,Charge 6
2025-11-12T11:53:09Z,69.0,Charge 6
2025-11-12T11:53:11Z,71.0,Charge 6
2025-11-12T11:53:12Z,73.0,Charge 6
2025-11-12T11:53:14Z,74.0,Charge 6
2025-11-12T11:53:16Z,75.0,Charge 6
2025-11-12T11:53:18Z,76.0,Charge 6
2025-11-12T11:53:20Z,74.0,Charge 6
2025-11-12T11:53:22Z,70.0,Charge 6
2025-11-12T11:53:24Z,67.0,Charge 6
2025-11-12T11:53:26Z,63.0,Charge 6
2025-11-12T11:53:28Z,61.0,Charge 6
2025-11-12T11:53:30Z,60.0,Charge 6
2025-11-12T11:53:32Z,59.0,Charge 6
2025-11-12T11:53:34Z,58.0,Charge 6
2025-11-12T11:53:36Z,57.0,Charge 6
2025-11-12T11:53:37Z,56.0,Charge 6
2025-11-12T11:53:40Z,56.0,Charge 6
2025-11-12T11:53:43Z,57.0,Charge 6
2025-11-12T11:53:45Z,56.0,Charge 6
2025-11-12T11:53:48Z,56.0,Charge 6
2025-11-12T11:53:51Z,56.0,Charge 6
2025-11-12T11:53:54Z,56.0,Charge 6
2025-11-12T11:53:55Z,55.0,Charge 6
2025-11-12T11:53:57Z,56.0,Charge 6
2025-11-12T11:54:00Z,56.0,Charge 6
2025-11-12T11:54:03Z,56.0,Charge 6
2025-11-12T11:54:04Z,56.0,Charge 6
2025-11-12T11:54:07Z,56.0,Charge 6
2025-11-12T11:54:10Z,56.0,Charge 6
2025-11-12T11:54:13Z,56.0,Charge 6
2025-11-12T11:54:16Z,56.0,Charge 6
2025-11-12T11:54:19Z,56.0,Charge 6
2025-11-12T11:54:22Z,56.0,Charge 6
2025-11-12T11:54:25Z,56.0,Charge 6
2025-11-12T11:54:28Z,56.0,Charge 6
2025-11-12T11:54:31Z,56.0,Charge 6
2025-11-12T11:54:34Z,56.0,Charge 6
2025-11-12T11:54:35Z,55.0,Charge 6
2025-11-12T11:54:37Z,54.0,Charge 6
2025-11-12T11:54:39Z,55.0,Charge 6
2025-11-12T11:54:41Z,54.0,Charge 6
2025-11-12T11:54:44Z,54.0,Charge 6
2025-11-12T11:54:47Z,54.0,Charge 6
2025-11-12T11:54:50Z,54.0,Charge 6
2025-11-12T11:54:52Z,53.0,Charge 6
2025-11-12T11:54:55Z,53.0,Charge 6
2025-11-12T11:54:56Z,52.0,Charge 6
2025-11-12T11:54:59Z,52.0,Charge 6
2025-11-12T11:55:02Z,53.0,Charge 6
2025-11-12T11:55:05Z,53.0,Charge 6
2025-11-12T11:55:06Z,53.0,Charge 6
2025-11-12T11:55:08Z,52.0,Charge 6
2025-11-12T11:55:11Z,52.0,Charge 6
2025-11-12T11:55:14Z,52.0,Charge 6
2025-11-12T11:55:17Z,52.0,Charge 6
2025-11-12T11:55:19Z,53.0,Charge 6
2025-11-12T11:55:22Z,53.0,Charge 6
2025-11-12T11:55:23Z,52.0,Charge 6
2025-11-12T11:55:26Z,52.0,Charge 6
2025-11-12T11:55:29Z,53.0,Charge 6
2025-11-12T11:55:31Z,54.0,Charge 6
2025-11-12T11:55:34Z,54.0,Charge 6
2025-11-12T11:55:37Z,54.0,Charge 6
2025-11-12T11:55:40Z,54.0,Charge 6
2025-11-12T11:55:43Z,54.0,Charge 6
2025-11-12T11:55:46Z,53.0,Charge 6
2025-11-12T11:55:49Z,53.0,Charge 6
2025-11-12T11:55:52Z,53.0,Charge 6
2025-11-12T11:55:55Z,53.0,Charge 6
2025-11-12T11:55:56Z,54.0,Charge 6
2025-11-12T11:55:59Z,54.0,Charge 6
2025-11-12T11:56:02Z,54.0,Charge 6
2025-11-12T11:56:05Z,54.0,Charge 6
2025-11-12T11:56:08Z,54.0,Charge 6
2025-11-12T11:56:09Z,53.0,Charge 6
2025-11-12T11:56:11Z,54.0,Charge 6
2025-11-12T11:56:13Z,56.0,Charge 6
2025-11-12T11:56:15Z,56.0,Charge 6
2025-11-12T11:56:17Z,53.0,Charge 6
2025-11-12T11:56:20Z,53.0,Charge 6
2025-11-12T11:56:21Z,51.0,Charge 6
2025-11-12T11:56:24Z,51.0,Charge 6
2025-11-12T11:56:26Z,50.0,Charge 6
2025-11-12T11:56:29Z,50.0,Charge 6
2025-11-12T11:56:32Z,50.0,Charge 6
2025-11-12T11:56:35Z,50.0,Charge 6
2025-11-12T11:56:36Z,51.0,Charge 6
2025-11-12T11:56:38Z,52.0,Charge 6
2025-11-12T11:56:41Z,52.0,Charge 6
2025-11-12T11:56:42Z,53.0,Charge 6
2025-11-12T11:56:44Z,54.0,Charge 6
2025-11-12T11:56:46Z,54.0,Charge 6
2025-11-12T11:56:48Z,56.0,Charge 6
2025-11-12T11:56:49Z,57.0,Charge 6
2025-11-12T11:56:51Z,61.0,Charge 6
2025-11-12T11:56:53Z,66.0,Charge 6
2025-11-12T11:56:55Z,68.0,Charge 6
2025-11-12T11:56:57Z,69.0,Charge 6
2025-11-12T11:56:59Z,65.0,Charge 6
2025-11-12T11:57:01Z,64.0,Charge 6
2025-11-12T11:57:03Z,63.0,Charge 6
2025-11-12T11:57:05Z,61.0,Charge 6
2025-11-12T11:57:07Z,60.0,Charge 6
2025-11-12T11:57:09Z,59.0,Charge 6
2025-11-12T11:57:11Z,58.0,Charge 6
2025-11-12T11:57:12Z,57.0,Charge 6
2025-11-12T11:57:14Z,56.0,Charge 6
2025-11-12T11:57:16Z,55.0,Charge 6
2025-11-12T11:57:18Z,54.0,Charge 6
2025-11-12T11:57:21Z,54.0,Charge 6
2025-11-12T11:57:24Z,53.0,Charge 6
2025-11-12T11:57:27Z,53.0,Charge 6
2025-11-12T11:57:28Z,54.0,Charge 6
2025-11-12T11:57:30Z,55.0,Charge 6
2025-11-12T11:57:33Z,55.0,Charge 6
2025-11-12T11:57:34Z,54.0,Charge 6
2025-11-12T11:57:36Z,53.0,Charge 6
2025-11-12T11:57:39Z,53.0,Charge 6
2025-11-12T11:57:42Z,53.0,Charge 6
2025-11-12T11:57:45Z,54.0,Charge 6
2025-11-12T11:57:47Z,53.0,Charge 6
2025-11-12T11:57:49Z,54.0,Charge 6
2025-11-12T11:57:52Z,54.0,Charge 6
2025-11-12T11:57:55Z,54.0,Charge 6
2025-11-12T11:57:58Z,54.0,Charge 6
2025-11-12T11:58:00Z,55.0,Charge 6
2025-11-12T11:58:02Z,56.0,Charge 6
2025-11-12T11:58:05Z,56.0,Charge 6
2025-11-12T11:58:06Z,55.0,Charge 6
2025-11-12T11:58:09Z,55.0,Charge 6
2025-11-12T11:58:12Z,55.0,Charge 6
2025-11-12T11:58:14Z,56.0,Charge 6
2025-11-12T11:58:16Z,55.0,Charge 6
2025-11-12T11:58:19Z,55.0,Charge 6
2025-11-12T11:58:22Z,55.0,Charge 6
2025-11-12T11:58:25Z,56.0,Charge 6
2025-11-12T11:58:28Z,56.0,Charge 6
2025-11-12T11:58:31Z,56.0,Charge 6
2025-11-12T11:58:34Z,56.0,Charge 6
2025-11-12T11:58:37Z,56.0,Charge 6
2025-11-12T11:58:39Z,54.0,Charge 6
2025-11-12T11:58:42Z,54.0,Charge 6
2025-11-12T11:58:43Z,53.0,Charge 6
2025-11-12T11:58:45Z,53.0,Charge 6
2025-11-12T11:58:48Z,54.0,Charge 6
2025-11-12T11:58:50Z,55.0,Charge 6
2025-11-12T11:58:52Z,58.0,Charge 6
2025-11-12T11:58:54Z,62.0,Charge 6
2025-11-12T11:58:56Z,64.0,Charge 6
2025-11-12T11:58:59Z,64.0,Charge 6
2025-11-12T11:59:00Z,62.0,Charge 6
2025-11-12T11:59:02Z,61.0,Charge 6
2025-11-12T11:59:04Z,59.0,Charge 6
2025-11-12T11:59:06Z,58.0,Charge 6
2025-11-12T11:59:09Z,58.0,Charge 6
2025-11-12T11:59:10Z,58.0,Charge 6
2025-11-12T11:59:12Z,57.0,Charge 6
2025-11-12T11:59:13Z,59.0,Charge 6
2025-11-12T11:59:15Z,64.0,Charge 6
2025-11-12T11:59:17Z,65.0,Charge 6
2025-11-12T11:59:20Z,65.0,Charge 6
2025-11-12T11:59:23Z,64.0,Charge 6
2025-11-12T11:59:25Z,63.0,Charge 6
2025-11-12T11:59:27Z,60.0,Charge 6
2025-11-12T11:59:29Z,58.0,Charge 6
2025-11-12T11:59:31Z,57.0,Charge 6
2025-11-12T11:59:33Z,56.0,Charge 6
2025-11-12T11:59:35Z,55.0,Charge 6
2025-11-12T11:59:36Z,54.0,Charge 6
2025-11-12T11:59:39Z,54.0,Charge 6
2025-11-12T11:59:40Z,53.0,Charge 6
2025-11-12T11:59:43Z,53.0,Charge 6
2025-11-12T11:59:44Z,54.0,Charge 6
2025-11-12T11:59:46Z,54.0,Charge 6
2025-11-12T11:59:48Z,55.0,Charge 6
2025-11-12T11:59:50Z,56.0,Charge 6
2025-11-12T11:59:52Z,59.0,Charge 6
2025-11-12T11:59:54Z,65.0,Charge 6
2025-11-12T11:59:56Z,66.0,Charge 6
2025-11-12T11:59:58Z,67.0,Charge 6
2025-11-12T12:00:00Z,69.0,Charge 6
2025-11-12T12:00:01Z,70.0,Charge 6
2025-11-12T12:00:03Z,73.0,Charge 6
2025-11-12T12:00:05Z,74.0,Charge 6
2025-11-12T12:00:07Z,76.0,Charge 6
2025-11-12T12:00:09Z,76.0,Charge 6
2025-11-12T12:00:11Z,73.0,Charge 6
2025-11-12T12:00:13Z,68.0,Charge 6
2025-11-12T12:00:15Z,63.0,Charge 6
2025-11-12T12:00:17Z,60.0,Charge 6
2025-11-12T12:00:19Z,59.0,Charge 6
2025-11-12T12:00:21Z,57.0,Charge 6
2025-11-12T12:00:23Z,56.0,Charge 6
2025-11-12T12:00:26Z,55.0,Charge 6
2025-11-12T12:00:28Z,56.0,Charge 6
2025-11-12T12:00:30Z,57.0,Charge 6
2025-11-12T12:00:32Z,56.0,Charge 6
2025-11-12T12:00:34Z,55.0,Charge 6
2025-11-12T12:00:36Z,56.0,Charge 6
2025-11-12T12:00:38Z,58.0,Charge 6
2025-11-12T12:00:40Z,61.0,Charge 6
2025-11-12T12:00:42Z,64.0,Charge 6
2025-11-12T12:00:44Z,66.0,Charge 6
2025-11-12T12:00:46Z,65.0,Charge 6
2025-11-12T12:00:48Z,62.0,Charge 6
2025-11-12T12:00:49Z,61.0,Charge 6
2025-11-12T12:00:51Z,59.0,Charge 6
2025-11-12T12:00:53Z,57.0,Charge 6
2025-11-12T12:00:55Z,56.0,Charge 6
2025-11-12T12:00:57Z,55.0,Charge 6
2025-11-12T12:00:59Z,54.0,Charge 6
2025-11-12T12:01:01Z,53.0,Charge 6
2025-11-12T12:01:03Z,53.0,Charge 6
2025-11-12T12:01:05Z,52.0,Charge 6
2025-11-12T12:01:08Z,52.0,Charge 6
2025-11-12T12:01:11Z,54.0,Charge 6
2025-11-12T12:01:12Z,54.0,Charge 6
2025-11-12T12:01:14Z,53.0,Charge 6
2025-11-12T12:01:16Z,55.0,Charge 6
2025-11-12T12:01:18Z,60.0,Charge 6
2025-11-12T12:01:20Z,61.0,Charge 6
2025-11-12T12:01:22Z,63.0,Charge 6
2025-11-12T12:01:24Z,61.0,Charge 6
2025-11-12T12:01:26Z,59.0,Charge 6
2025-11-12T12:01:28Z,58.0,Charge 6
2025-11-12T12:01:30Z,57.0,Charge 6
2025-11-12T12:01:32Z,55.0,Charge 6
2025-11-12T12:01:34Z,54.0,Charge 6
2025-11-12T12:01:36Z,55.0,Charge 6
2025-11-12T12:01:37Z,54.0,Charge 6
2025-11-12T12:01:39Z,53.0,Charge 6
2025-11-12T12:01:42Z,53.0,Charge 6
2025-11-12T12:01:43Z,52.0,Charge 6
2025-11-12T12:01:46Z,52.0,Charge 6
2025-11-12T12:01:49Z,52.0,Charge 6
2025-11-12T12:01:52Z,52.0,Charge 6
2025-11-12T12:01:55Z,52.0,Charge 6
2025-11-12T12:01:58Z,52.0,Charge 6
2025-11-12T12:02:01Z,52.0,Charge 6
2025-11-12T12:02:02Z,52.0,Charge 6
2025-11-12T12:02:04Z,53.0,Charge 6
2025-11-12T12:02:06Z,55.0,Charge 6
2025-11-12T12:02:09Z,55.0,Charge 6
2025-11-12T12:02:10Z,53.0,Charge 6
2025-11-12T12:02:12Z,52.0,Charge 6
2025-11-12T12:02:15Z,52.0,Charge 6
2025-11-12T12:02:18Z,52.0,Charge 6
2025-11-12T12:02:21Z,52.0,Charge 6
2025-11-12T12:02:24Z,52.0,Charge 6
2025-11-12T12:02:27Z,52.0,Charge 6
2025-11-12T12:02:30Z,52.0,Charge 6
2025-11-12T12:02:33Z,52.0,Charge 6
2025-11-12T12:02:36Z,52.0,Charge 6
2025-11-12T12:02:39Z,53.0,Charge 6
2025-11-12T12:02:42Z,53.0,Charge 6
2025-11-12T12:02:45Z,53.0,Charge 6
2025-11-12T12:02:48Z,53.0,Charge 6
2025-11-12T12:02:50Z,54.0,Charge 6
2025-11-12T12:02:53Z,54.0,Charge 6
2025-11-12T12:02:56Z,53.0,Charge 6
2025-11-12T12:02:58Z,52.0,Charge 6
2025-11-12T12:03:01Z,52.0,Charge 6
2025-11-12T12:03:04Z,52.0,Charge 6
2025-11-12T12:03:07Z,52.0,Charge 6
2025-11-12T12:03:10Z,52.0,Charge 6
2025-11-12T12:03:13Z,52.0,Charge 6
2025-11-12T12:03:15Z,52.0,Charge 6
2025-11-12T12:03:18Z,52.0,Charge 6
2025-11-12T12:03:21Z,53.0,Charge 6
2025-11-12T12:03:23Z,54.0,Charge 6
2025-11-12T12:03:26Z,54.0,Charge 6
2025-11-12T12:03:27Z,53.0,Charge 6
2025-11-12T12:03:29Z,52.0,Charge 6
2025-11-12T12:03:32Z,52.0,Charge 6
2025-11-12T12:03:35Z,52.0,Charge 6
2025-11-12T12:03:38Z,51.0,Charge 6
2025-11-12T12:03:41Z,51.0,Charge 6
2025-11-12T12:03:44Z,50.0,Charge 6
2025-11-12T12:03:46Z,51.0,Charge 6
2025-11-12T12:03:48Z,52.0,Charge 6
2025-11-12T12:03:51Z,52.0,Charge 6
2025-11-12T12:03:54Z,52.0,Charge 6
2025-11-12T12:03:57Z,52.0,Charge 6
2025-11-12T12:04:00Z,52.0,Charge 6
2025-11-12T12:04:03Z,52.0,Charge 6
2025-11-12T12:04:06Z,52.0,Charge 6
2025-11-12T12:04:07Z,53.0,Charge 6
2025-11-12T12:04:09Z,52.0,Charge 6
2025-11-12T12:04:12Z,52.0,Charge 6
2025-11-12T12:04:15Z,51.0,Charge 6
2025-11-12T12:04:18Z,51.0,Charge 6
2025-11-12T12:04:21Z,51.0,Charge 6
2025-11-12T12:04:23Z,52.0,Charge 6
2025-11-12T12:04:24Z,52.0,Charge 6
2025-11-12T12:04:27Z,52.0,Charge 6
2025-11-12T12:04:30Z,52.0,Charge 6
2025-11-12T12:04:33Z,52.0,Charge 6
2025-11-12T12:04:36Z,52.0,Charge 6
2025-11-12T12:04:39Z,52.0,Charge 6
2025-11-12T12:04:42Z,52.0,Charge 6
2025-11-12T12:04:45Z,52.0,Charge 6
2025-11-12T12:04:46Z,54.0,Charge 6
2025-11-12T12:04:49Z,53.0,Charge 6
2025-11-12T12:04:51Z,52.0,Charge 6
2025-11-12T12:04:54Z,52.0,Charge 6
2025-11-12T12:04:55Z,56.0,Charge 6
2025-11-12T12:04:57Z,57.0,Charge 6
2025-11-12T12:04:59Z,60.0,Charge 6
2025-11-12T12:05:01Z,62.0,Charge 6
2025-11-12T12:05:03Z,64.0,Charge 6
2025-11-12T12:05:05Z,67.0,Charge 6
2025-11-12T12:05:08Z,67.0,Charge 6
2025-11-12T12:05:09Z,71.0,Charge 6
2025-11-12T12:05:11Z,72.0,Charge 6
2025-11-12T12:05:12Z,75.0,Charge 6
2025-11-12T12:05:14Z,76.0,Charge 6
2025-11-12T12:05:17Z,76.0,Charge 6
2025-11-12T12:05:18Z,75.0,Charge 6
2025-11-12T12:05:20Z,72.0,Charge 6
2025-11-12T12:05:22Z,69.0,Charge 6
2025-11-12T12:05:24Z,65.0,Charge 6
2025-11-12T12:05:26Z,63.0,Charge 6
2025-11-12T12:05:28Z,61.0,Charge 6
2025-11-12T12:05:30Z,60.0,Charge 6
2025-11-12T12:05:32Z,59.0,Charge 6
2025-11-12T12:05:34Z,58.0,Charge 6
2025-11-12T12:05:36Z,57.0,Charge 6
2025-11-12T12:05:37Z,56.0,Charge 6
2025-11-12T12:05:39Z,55.0,Charge 6
2025-11-12T12:05:42Z,55.0,Charge 6
2025-11-12T12:05:45Z,55.0,Charge 6
2025-11-12T12:05:47Z,54.0,Charge 6
2025-11-12T12:05:50Z,54.0,Charge 6
2025-11-12T12:05:51Z,55.0,Charge 6
2025-11-12T12:05:53Z,54.0,Charge 6
2025-11-12T12:05:56Z,54.0,Charge 6
2025-11-12T12:05:59Z,55.0,Charge 6
2025-11-12T12:06:00Z,56.0,Charge 6
2025-11-12T12:06:03Z,56.0,Charge 6
2025-11-12T12:06:06Z,56.0,Charge 6
2025-11-12T12:06:08Z,55.0,Charge 6
2025-11-12T12:06:11Z,55.0,Charge 6
2025-11-12T12:06:12Z,54.0,Charge 6
2025-11-12T12:06:15Z,54.0,Charge 6
2025-11-12T12:06:16Z,53.0,Charge 6
2025-11-12T12:06:19Z,53.0,Charge 6
2025-11-12T12:06:20Z,52.0,Charge 6
2025-11-12T12:06:22Z,52.0,Charge 6
2025-11-12T12:06:25Z,53.0,Charge 6
2025-11-12T12:06:27Z,54.0,Charge 6
2025-11-12T12:06:29Z,55.0,Charge 6
2025-11-12T12:06:32Z,56.0,Charge 6
2025-11-12T12:06:34Z,58.0,Charge 6
2025-11-12T12:06:36Z,59.0,Charge 6
2025-11-12T12:06:39Z,59.0,Charge 6
2025-11-12T12:06:40Z,58.0,Charge 6
2025-11-12T12:06:43Z,58.0,Charge 6
2025-11-12T12:06:46Z,55.0,Charge 6
2025-11-12T12:06:47Z,53.0,Charge 6
2025-11-12T12:06:49Z,52.0,Charge 6
2025-11-12T12:06:52Z,52.0,Charge 6
2025-11-12T12:06:55Z,53.0,Charge 6
2025-11-12T12:06:57Z,54.0,Charge 6
2025-11-12T12:07:00Z,54.0,Charge 6
2025-11-12T12:07:03Z,54.0,Charge 6
2025-11-12T12:07:06Z,54.0,Charge 6
2025-11-12T12:07:07Z,53.0,Charge 6
2025-11-12T12:07:09Z,51.0,Charge 6
2025-11-12T12:07:11Z,51.0,Charge 6
2025-11-12T12:07:12Z,51.0,Charge 6
2025-11-12T12:07:14Z,50.0,Charge 6
2025-11-12T12:07:17Z,50.0,Charge 6
2025-11-12T12:07:20Z,50.0,Charge 6
2025-11-12T12:07:22Z,52.0,Charge 6
2025-11-12T12:07:24Z,52.0,Charge 6
2025-11-12T12:07:26Z,53.0,Charge 6
2025-11-12T12:07:28Z,55.0,Charge 6
2025-11-12T12:07:30Z,62.0,Charge 6
2025-11-12T12:07:32Z,64.0,Charge 6
2025-11-12T12:07:34Z,67.0,Charge 6
2025-11-12T12:07:35Z,70.0,Charge 6
2025-11-12T12:07:37Z,72.0,Charge 6
2025-11-12T12:07:39Z,75.0,Charge 6
2025-11-12T12:07:41Z,76.0,Charge 6
2025-11-12T12:07:43Z,75.0,Charge 6
2025-11-12T12:07:45Z,74.0,Charge 6
2025-11-12T12:07:47Z,70.0,Charge 6
2025-11-12T12:07:49Z,65.0,Charge 6
2025-11-12T12:07:51Z,66.0,Charge 6
2025-11-12T12:07:54Z,66.0,Charge 6
2025-11-12T12:07:55Z,65.0,Charge 6
2025-11-12T12:07:57Z,67.0,Charge 6
2025-11-12T12:07:59Z,69.0,Charge 6
2025-11-12T12:08:00Z,70.0,Charge 6
2025-11-12T12:08:02Z,74.0,Charge 6
2025-11-12T12:08:05Z,74.0,Charge 6
2025-11-12T12:08:08Z,73.0,Charge 6
2025-11-12T12:08:10Z,71.0,Charge 6
2025-11-12T12:08:12Z,67.0,Charge 6
2025-11-12T12:08:14Z,62.0,Charge 6
2025-11-12T12:08:16Z,61.0,Charge 6
2025-11-12T12:08:18Z,62.0,Charge 6
2025-11-12T12:08:20Z,63.0,Charge 6
2025-11-12T12:08:22Z,61.0,Charge 6
2025-11-12T12:08:23Z,59.0,Charge 6
2025-11-12T12:08:25Z,57.0,Charge 6
2025-11-12T12:08:28Z,57.0,Charge 6
2025-11-12T12:08:29Z,57.0,Charge 6
2025-11-12T12:08:32Z,57.0,Charge 6
2025-11-12T12:08:35Z,55.0,Charge 6
2025-11-12T12:08:38Z,55.0,Charge 6
2025-11-12T12:08:39Z,56.0,Charge 6
2025-11-12T12:08:42Z,56.0,Charge 6
2025-11-12T12:08:45Z,57.0,Charge 6
2025-11-12T12:08:48Z,58.0,Charge 6
2025-11-12T12:08:51Z,58.0,Charge 6
2025-11-12T12:08:54Z,60.0,Charge 6
2025-11-12T12:08:56Z,61.0,Charge 6
2025-11-12T12:08:58Z,62.0,Charge 6
2025-11-12T12:09:01Z,62.0,Charge 6
2025-11-12T12:09:02Z,61.0,Charge 6
2025-11-12T12:09:04Z,59.0,Charge 6
2025-11-12T12:09:06Z,58.0,Charge 6
2025-11-12T12:09:08Z,57.0,Charge 6
2025-11-12T12:09:10Z,56.0,Charge 6
2025-11-12T12:09:11Z,56.0,Charge 6
2025-11-12T12:09:14Z,56.0,Charge 6
2025-11-12T12:09:17Z,56.0,Charge 6
2025-11-12T12:09:19Z,56.0,Charge 6
2025-11-12T12:09:22Z,56.0,Charge 6
2025-11-12T12:09:25Z,55.0,Charge 6
2025-11-12T12:09:28Z,55.0,Charge 6
2025-11-12T12:09:29Z,54.0,Charge 6
2025-11-12T12:09:32Z,54.0,Charge 6
2025-11-12T12:09:33Z,54.0,Charge 6
2025-11-12T12:09:35Z,55.0,Charge 6
2025-11-12T12:09:38Z,56.0,Charge 6
2025-11-12T12:09:40Z,56.0,Charge 6
2025-11-12T12:09:42Z,57.0,Charge 6
2025-11-12T12:09:44Z,60.0,Charge 6
2025-11-12T12:09:46Z,62.0,Charge 6
2025-11-12T12:09:48Z,60.0,Charge 6
2025-11-12T12:09:50Z,57.0,Charge 6
2025-11-12T12:09:52Z,55.0,Charge 6
2025-11-12T12:09:55Z,55.0,Charge 6
2025-11-12T12:09:58Z,54.0,Charge 6
2025-11-12T12:10:01Z,55.0,Charge 6
2025-11-12T12:10:04Z,55.0,Charge 6
2025-11-12T12:10:05Z,54.0,Charge 6
2025-11-12T12:10:08Z,54.0,Charge 6
2025-11-12T12:10:11Z,54.0,Charge 6
2025-11-12T12:10:14Z,54.0,Charge 6
2025-11-12T12:10:17Z,54.0,Charge 6
2025-11-12T12:10:20Z,54.0,Charge 6
2025-11-12T12:10:23Z,54.0,Charge 6
2025-11-12T12:10:24Z,54.0,Charge 6
2025-11-12T12:10:27Z,54.0,Charge 6
2025-11-12T12:10:30Z,54.0,Charge 6
2025-11-12T12:10:33Z,54.0,Charge 6
2025-11-12T12:10:36Z,54.0,Charge 6
2025-11-12T12:10:39Z,54.0,Charge 6
2025-11-12T12:10:40Z,55.0,Charge 6
2025-11-12T12:10:43Z,55.0,Charge 6
2025-11-12T12:10:44Z,54.0,Charge 6
2025-11-12T12:10:47Z,54.0,Charge 6
2025-11-12T12:10:50Z,54.0,Charge 6
2025-11-12T12:10:53Z,54.0,Charge 6
2025-11-12T12:10:56Z,54.0,Charge 6
2025-11-12T12:10:59Z,54.0,Charge 6
2025-11-12T12:11:02Z,54.0,Charge 6
2025-11-12T12:11:05Z,56.0,Charge 6
2025-11-12T12:11:08Z,56.0,Charge 6
2025-11-12T12:11:11Z,56.0,Charge 6
2025-11-12T12:11:14Z,56.0,Charge 6
2025-11-12T12:11:16Z,55.0,Charge 6
2025-11-12T12:11:18Z,54.0,Charge 6
2025-11-12T12:11:21Z,54.0,Charge 6
2025-11-12T12:11:22Z,55.0,Charge 6
2025-11-12T12:11:25Z,55.0,Charge 6
2025-11-12T12:11:26Z,56.0,Charge 6
2025-11-12T12:11:29Z,56.0,Charge 6
2025-11-12T12:11:30Z,55.0,Charge 6
2025-11-12T12:11:32Z,55.0,Charge 6
2025-11-12T12:11:34Z,54.0,Charge 6
2025-11-12T12:11:37Z,54.0,Charge 6
2025-11-12T12:11:40Z,54.0,Charge 6
2025-11-12T12:11:41Z,55.0,Charge 6
2025-11-12T12:11:43Z,56.0,Charge 6
2025-11-12T12:11:46Z,56.0,Charge 6
2025-11-12T12:11:49Z,55.0,Charge 6
2025-11-12T12:11:51Z,54.0,Charge 6
2025-11-12T12:11:53Z,53.0,Charge 6
2025-11-12T12:11:56Z,53.0,Charge 6
2025-11-12T12:11:57Z,52.0,Charge 6
2025-11-12T12:12:00Z,53.0,Charge 6
2025-11-12T12:12:03Z,53.0,Charge 6
2025-11-12T12:12:06Z,53.0,Charge 6
2025-11-12T12:12:09Z,53.0,Charge 6
2025-11-12T12:12:12Z,53.0,Charge 6
2025-11-12T12:12:14Z,52.0,Charge 6
2025-11-12T12:12:17Z,52.0,Charge 6
2025-11-12T12:12:18Z,53.0,Charge 6
2025-11-12T12:12:21Z,53.0,Charge 6
2025-11-12T12:12:24Z,53.0,Charge 6
2025-11-12T12:12:27Z,54.0,Charge 6
2025-11-12T12:12:30Z,54.0,Charge 6
2025-11-12T12:12:33Z,53.0,Charge 6
2025-11-12T12:12:35Z,54.0,Charge 6
2025-11-12T12:12:38Z,54.0,Charge 6
2025-11-12T12:12:39Z,54.0,Charge 6
2025-11-12T12:12:42Z,54.0,Charge 6
2025-11-12T12:12:45Z,54.0,Charge 6
2025-11-12T12:12:48Z,54.0,Charge 6
2025-11-12T12:12:51Z,54.0,Charge 6
2025-11-12T12:12:52Z,53.0,Charge 6
2025-11-12T12:12:55Z,53.0,Charge 6
2025-11-12T12:12:56Z,54.0,Charge 6
2025-11-12T12:12:59Z,54.0,Charge 6
2025-11-12T12:13:02Z,54.0,Charge 6
2025-11-12T12:13:05Z,54.0,Charge 6
2025-11-12T12:13:08Z,54.0,Charge 6
2025-11-12T12:13:10Z,55.0,Charge 6
2025-11-12T12:13:11Z,54.0,Charge 6
2025-11-12T12:13:14Z,54.0,Charge 6
2025-11-12T12:13:15Z,53.0,Charge 6
2025-11-12T12:13:17Z,52.0,Charge 6
2025-11-12T12:13:20Z,52.0,Charge 6
2025-11-12T12:13:23Z,52.0,Charge 6
2025-11-12T12:13:25Z,53.0,Charge 6
2025-11-12T12:13:28Z,53.0,Charge 6
2025-11-12T12:13:31Z,52.0,Charge 6
2025-11-12T12:13:34Z,52.0,Charge 6
2025-11-12T12:13:37Z,52.0,Charge 6
2025-11-12T12:13:40Z,52.0,Charge 6
2025-11-12T12:13:43Z,52.0,Charge 6
2025-11-12T12:13:46Z,52.0,Charge 6
2025-11-12T12:13:48Z,53.0,Charge 6
2025-11-12T12:13:51Z,53.0,Charge 6
2025-11-12T12:13:54Z,53.0,Charge 6
2025-11-12T12:13:57Z,53.0,Charge 6
2025-11-12T12:13:59Z,54.0,Charge 6
2025-11-12T12:14:02Z,54.0,Charge 6
2025-11-12T12:14:05Z,54.0,Charge 6
2025-11-12T12:14:08Z,54.0,Charge 6
2025-11-12T12:14:09Z,55.0,Charge 6
2025-11-12T12:14:11Z,56.0,Charge 6
2025-11-12T12:14:14Z,56.0,Charge 6
2025-11-12T12:14:17Z,56.0,Charge 6
2025-11-12T12:14:20Z,56.0,Charge 6
2025-11-12T12:14:23Z,56.0,Charge 6
2025-11-12T12:14:26Z,56.0,Charge 6
2025-11-12T12:14:29Z,56.0,Charge 6
2025-11-12T12:14:32Z,56.0,Charge 6
2025-11-12T12:14:35Z,56.0,Charge 6
2025-11-12T12:14:38Z,55.0,Charge 6
2025-11-12T12:14:41Z,55.0,Charge 6
2025-11-12T12:14:44Z,54.0,Charge 6
2025-11-12T12:14:47Z,55.0,Charge 6
2025-11-12T12:14:50Z,55.0,Charge 6
2025-11-12T12:14:53Z,54.0,Charge 6
2025-11-12T12:14:56Z,54.0,Charge 6
2025-11-12T12:14:59Z,54.0,Charge 6
2025-11-12T12:15:02Z,54.0,Charge 6
2025-11-12T12:15:03Z,54.0,Charge 6
2025-11-12T12:15:06Z,54.0,Charge 6
2025-11-12T12:15:09Z,54.0,Charge 6
2025-11-12T12:15:12Z,54.0,Charge 6
2025-11-12T12:15:15Z,54.0,Charge 6
2025-11-12T12:15:18Z,54.0,Charge 6
2025-11-12T12:15:21Z,54.0,Charge 6
2025-11-12T12:15:24Z,53.0,Charge 6
2025-11-12T12:15:26Z,54.0,Charge 6
2025-11-12T12:15:29Z,54.0,Charge 6
2025-11-12T12:15:32Z,55.0,Charge 6
2025-11-12T12:15:34Z,54.0,Charge 6
2025-11-12T12:15:37Z,54.0,Charge 6
2025-11-12T12:15:40Z,54.0,Charge 6
2025-11-12T12:15:43Z,54.0,Charge 6
2025-11-12T12:15:46Z,54.0,Charge 6
2025-11-12T12:15:49Z,54.0,Charge 6
2025-11-12T12:15:52Z,54.0,Charge 6
2025-11-12T12:15:55Z,55.0,Charge 6
2025-11-12T12:15:58Z,55.0,Charge 6
2025-11-12T12:16:01Z,55.0,Charge 6
2025-11-12T12:16:04Z,55.0,Charge 6
2025-11-12T12:16:07Z,55.0,Charge 6
2025-11-12T12:16:10Z,55.0,Charge 6
2025-11-12T12:16:13Z,55.0,Charge 6
2025-11-12T12:16:16Z,54.0,Charge 6
2025-11-12T12:16:19Z,54.0,Charge 6
2025-11-12T12:16:20Z,54.0,Charge 6
2025-11-12T12:16:23Z,54.0,Charge 6
2025-11-12T12:16:26Z,54.0,Charge 6
2025-11-12T12:16:29Z,54.0,Charge 6
2025-11-12T12:16:32Z,54.0,Charge 6
2025-11-12T12:16:35Z,54.0,Charge 6
2025-11-12T12:16:38Z,54.0,Charge 6
2025-11-12T12:16:41Z,54.0,Charge 6
2025-11-12T12:16:44Z,54.0,Charge 6
2025-11-12T12:16:47Z,54.0,Charge 6
2025-11-12T12:16:50Z,54.0,Charge 6
2025-11-12T12:16:53Z,54.0,Charge 6
2025-11-12T12:16:56Z,54.0,Charge 6
2025-11-12T12:16:59Z,54.0,Charge 6
2025-11-12T12:17:02Z,54.0,Charge 6
2025-11-12T12:17:05Z,54.0,Charge 6
2025-11-12T12:17:08Z,54.0,Charge 6
2025-11-12T12:17:10Z,55.0,Charge 6
2025-11-12T12:17:11Z,56.0,Charge 6
2025-11-12T12:17:14Z,56.0,Charge 6
2025-11-12T12:17:17Z,56.0,Charge 6
2025-11-12T12:17:19Z,55.0,Charge 6
2025-11-12T12:17:22Z,55.0,Charge 6
2025-11-12T12:17:23Z,54.0,Charge 6
2025-11-12T12:17:26Z,54.0,Charge 6
2025-11-12T12:17:27Z,55.0,Charge 6
2025-11-12T12:17:30Z,55.0,Charge 6
2025-11-12T12:17:31Z,54.0,Charge 6
2025-11-12T12:17:33Z,55.0,Charge 6
2025-11-12T12:17:36Z,55.0,Charge 6
2025-11-12T12:17:38Z,54.0,Charge 6
2025-11-12T12:17:41Z,54.0,Charge 6
2025-11-12T12:17:44Z,54.0,Charge 6
2025-11-12T12:17:47Z,54.0,Charge 6
2025-11-12T12:17:48Z,53.0,Charge 6
2025-11-12T12:17:51Z,53.0,Charge 6
2025-11-12T12:17:54Z,53.0,Charge 6
2025-11-12T12:17:56Z,54.0,Charge 6
2025-11-12T12:17:59Z,54.0,Charge 6
2025-11-12T12:18:02Z,54.0,Charge 6
2025-11-12T12:18:03Z,53.0,Charge 6
2025-11-12T12:18:06Z,53.0,Charge 6
2025-11-12T12:18:09Z,53.0,Charge 6
2025-11-12T12:18:12Z,53.0,Charge 6
2025-11-12T12:18:15Z,53.0,Charge 6
2025-11-12T12:18:18Z,53.0,Charge 6
2025-11-12T12:18:21Z,54.0,Charge 6
2025-11-12T12:18:24Z,54.0,Charge 6
2025-11-12T12:18:27Z,54.0,Charge 6
2025-11-12T12:18:28Z,55.0,Charge 6
2025-11-12T12:18:30Z,56.0,Charge 6
2025-11-12T12:18:33Z,56.0,Charge 6
2025-11-12T12:18:36Z,56.0,Charge 6
2025-11-12T12:18:39Z,56.0,Charge 6
2025-11-12T12:18:40Z,56.0,Charge 6
2025-11-12T12:18:43Z,56.0,Charge 6
2025-11-12T12:18:46Z,56.0,Charge 6
2025-11-12T12:18:49Z,54.0,Charge 6
2025-11-12T12:18:52Z,54.0,Charge 6
2025-11-12T12:18:53Z,53.0,Charge 6
2025-11-12T12:18:55Z,52.0,Charge 6
2025-11-12T12:18:58Z,52.0,Charge 6
2025-11-12T12:19:01Z,52.0,Charge 6
2025-11-12T12:19:04Z,52.0,Charge 6
2025-11-12T12:19:05Z,53.0,Charge 6
2025-11-12T12:19:07Z,54.0,Charge 6
2025-11-12T12:19:10Z,54.0,Charge 6
2025-11-12T12:19:12Z,55.0,Charge 6
2025-11-12T12:19:14Z,56.0,Charge 6
2025-11-12T12:19:17Z,56.0,Charge 6
2025-11-12T12:19:20Z,56.0,Charge 6
2025-11-12T12:19:23Z,56.0,Charge 6
2025-11-12T12:19:26Z,55.0,Charge 6
2025-11-12T12:19:29Z,55.0,Charge 6
2025-11-12T12:19:32Z,55.0,Charge 6
2025-11-12T12:19:35Z,55.0,Charge 6
2025-11-12T12:19:38Z,55.0,Charge 6
2025-11-12T12:19:39Z,56.0,Charge 6
2025-11-12T12:19:42Z,56.0,Charge 6
2025-11-12T12:19:45Z,56.0,Charge 6
2025-11-12T12:19:47Z,55.0,Charge 6
2025-11-12T12:19:49Z,55.0,Charge 6
2025-11-12T12:19:51Z,56.0,Charge 6
2025-11-12T12:19:54Z,56.0,Charge 6
2025-11-12T12:19:57Z,56.0,Charge 6
2025-11-12T12:20:00Z,55.0,Charge 6
2025-11-12T12:20:03Z,55.0,Charge 6
2025-11-12T12:20:06Z,55.0,Charge 6
2025-11-12T12:20:09Z,55.0,Charge 6
2025-11-12T12:20:10Z,56.0,Charge 6
2025-11-12T12:20:13Z,56.0,Charge 6
2025-11-12T12:20:14Z,55.0,Charge 6
2025-11-12T12:20:16Z,54.0,Charge 6
2025-11-12T12:20:19Z,54.0,Charge 6
2025-11-12T12:20:22Z,54.0,Charge 6
2025-11-12T12:20:25Z,54.0,Charge 6
2025-11-12T12:20:28Z,54.0,Charge 6
2025-11-12T12:20:31Z,54.0,Charge 6
2025-11-12T12:20:34Z,54.0,Charge 6
2025-11-12T12:20:37Z,54.0,Charge 6
2025-11-12T12:20:40Z,54.0,Charge 6
2025-11-12T12:20:43Z,54.0,Charge 6
2025-11-12T12:20:46Z,54.0,Charge 6
2025-11-12T12:20:49Z,54.0,Charge 6
2025-11-12T12:20:52Z,54.0,Charge 6
2025-11-12T12:20:55Z,54.0,Charge 6
2025-11-12T12:20:58Z,54.0,Charge 6
2025-11-12T12:21:01Z,54.0,Charge 6
2025-11-12T12:21:02Z,54.0,Charge 6
2025-11-12T12:21:05Z,54.0,Charge 6
2025-11-12T12:21:08Z,54.0,Charge 6
2025-11-12T12:21:11Z,54.0,Charge 6
2025-11-12T12:21:14Z,54.0,Charge 6
2025-11-12T12:21:17Z,55.0,Charge 6
2025-11-12T12:21:20Z,55.0,Charge 6
2025-11-12T12:21:21Z,54.0,Charge 6
2025-11-12T12:21:24Z,54.0,Charge 6
2025-11-12T12:21:27Z,54.0,Charge 6
2025-11-12T12:21:30Z,54.0,Charge 6
2025-11-12T12:21:33Z,54.0,Charge 6
2025-11-12T12:21:36Z,54.0,Charge 6
2025-11-12T12:21:39Z,54.0,Charge 6
2025-11-12T12:21:42Z,54.0,Charge 6
2025-11-12T12:21:45Z,54.0,Charge 6
2025-11-12T12:21:48Z,54.0,Charge 6
2025-11-12T12:21:51Z,54.0,Charge 6
2025-11-12T12:21:54Z,54.0,Charge 6
2025-11-12T12:21:57Z,54.0,Charge 6
2025-11-12T12:22:00Z,54.0,Charge 6
2025-11-12T12:22:03Z,54.0,Charge 6
2025-11-12T12:22:06Z,54.0,Charge 6
2025-11-12T12:22:09Z,54.0,Charge 6
2025-11-12T12:22:12Z,54.0,Charge 6
2025-11-12T12:22:15Z,54.0,Charge 6
2025-11-12T12:22:18Z,54.0,Charge 6
2025-11-12T12:22:19Z,54.0,Charge 6
2025-11-12T12:22:22Z,54.0,Charge 6
2025-11-12T12:22:25Z,54.0,Charge 6
2025-11-12T12:22:28Z,54.0,Charge 6
2025-11-12T12:22:31Z,54.0,Charge 6
2025-11-12T12:22:34Z,54.0,Charge 6
2025-11-12T12:22:36Z,55.0,Charge 6
2025-11-12T12:22:39Z,55.0,Charge 6
2025-11-12T12:22:40Z,54.0,Charge 6
2025-11-12T12:22:43Z,54.0,Charge 6
2025-11-12T12:22:46Z,54.0,Charge 6
2025-11-12T12:22:49Z,54.0,Charge 6
2025-11-12T12:22:52Z,54.0,Charge 6
2025-11-12T12:22:55Z,54.0,Charge 6
2025-11-12T12:22:58Z,54.0,Charge 6
2025-11-12T12:23:01Z,55.0,Charge 6
2025-11-12T12:23:03Z,54.0,Charge 6
2025-11-12T12:23:06Z,54.0,Charge 6
2025-11-12T12:23:09Z,54.0,Charge 6
2025-11-12T12:23:12Z,54.0,Charge 6
2025-11-12T12:23:15Z,54.0,Charge 6
2025-11-12T12:23:18Z,54.0,Charge 6
2025-11-12T12:23:21Z,54.0,Charge 6
2025-11-12T12:23:24Z,54.0,Charge 6
2025-11-12T12:23:27Z,54.0,Charge 6
2025-11-12T12:23:30Z,54.0,Charge 6
2025-11-12T12:23:33Z,54.0,Charge 6
2025-11-12T12:23:34Z,54.0,Charge 6
2025-11-12T12:23:37Z,54.0,Charge 6
2025-11-12T12:23:40Z,54.0,Charge 6
2025-11-12T12:23:43Z,54.0,Charge 6
2025-11-12T12:23:44Z,54.0,Charge 6
2025-11-12T12:23:46Z,57.0,Charge 6
2025-11-12T12:23:48Z,62.0,Charge 6
2025-11-12T12:23:49Z,66.0,Charge 6
2025-11-12T12:23:51Z,71.0,Charge 6
2025-11-12T12:23:53Z,70.0,Charge 6
2025-11-12T12:23:55Z,74.0,Charge 6
2025-11-12T12:23:57Z,71.0,Charge 6
2025-11-12T12:23:59Z,67.0,Charge 6
2025-11-12T12:24:01Z,66.0,Charge 6
2025-11-12T12:24:04Z,66.0,Charge 6
2025-11-12T12:24:05Z,66.0,Charge 6
2025-11-12T12:24:07Z,67.0,Charge 6
2025-11-12T12:24:09Z,67.0,Charge 6
2025-11-12T12:24:12Z,62.0,Charge 6
2025-11-12T12:24:14Z,59.0,Charge 6
2025-11-12T12:24:16Z,58.0,Charge 6
2025-11-12T12:24:18Z,55.0,Charge 6
2025-11-12T12:24:21Z,55.0,Charge 6
2025-11-12T12:24:22Z,54.0,Charge 6
2025-11-12T12:24:25Z,54.0,Charge 6
2025-11-12T12:24:26Z,53.0,Charge 6
2025-11-12T12:24:29Z,53.0,Charge 6
2025-11-12T12:24:30Z,52.0,Charge 6
2025-11-12T12:24:32Z,53.0,Charge 6
2025-11-12T12:24:34Z,54.0,Charge 6
2025-11-12T12:24:36Z,56.0,Charge 6
2025-11-12T12:24:37Z,60.0,Charge 6
2025-11-12T12:24:39Z,64.0,Charge 6
2025-11-12T12:24:41Z,64.0,Charge 6
2025-11-12T12:24:43Z,66.0,Charge 6
2025-11-12T12:24:45Z,65.0,Charge 6
2025-11-12T12:24:47Z,63.0,Charge 6
2025-11-12T12:24:49Z,62.0,Charge 6
2025-11-12T12:24:51Z,60.0,Charge 6
2025-11-12T12:24:53Z,59.0,Charge 6
2025-11-12T12:24:55Z,58.0,Charge 6
2025-11-12T12:24:57Z,57.0,Charge 6
2025-11-12T12:24:59Z,56.0,Charge 6
2025-11-12T12:25:00Z,55.0,Charge 6
2025-11-12T12:25:02Z,54.0,Charge 6
2025-11-12T12:25:04Z,54.0,Charge 6
2025-11-12T12:25:07Z,54.0,Charge 6
2025-11-12T12:25:10Z,53.0,Charge 6
2025-11-12T12:25:13Z,53.0,Charge 6
2025-11-12T12:25:16Z,53.0,Charge 6
2025-11-12T12:25:18Z,54.0,Charge 6
2025-11-12T12:25:20Z,55.0,Charge 6
2025-11-12T12:25:22Z,60.0,Charge 6
2025-11-12T12:25:24Z,62.0,Charge 6
2025-11-12T12:25:25Z,63.0,Charge 6
2025-11-12T12:25:27Z,62.0,Charge 6
2025-11-12T12:25:29Z,60.0,Charge 6
2025-11-12T12:25:32Z,60.0,Charge 6
2025-11-12T12:25:35Z,60.0,Charge 6
2025-11-12T12:25:37Z,58.0,Charge 6
2025-11-12T12:25:39Z,57.0,Charge 6
2025-11-12T12:25:41Z,56.0,Charge 6
2025-11-12T12:25:43Z,57.0,Charge 6
2025-11-12T12:25:46Z,57.0,Charge 6
2025-11-12T12:25:47Z,56.0,Charge 6
2025-11-12T12:25:48Z,58.0,Charge 6
2025-11-12T12:25:50Z,58.0,Charge 6
2025-11-12T12:25:52Z,57.0,Charge 6
2025-11-12T12:25:55Z,57.0,Charge 6
2025-11-12T12:25:56Z,56.0,Charge 6
2025-11-12T12:25:58Z,55.0,Charge 6
2025-11-12T12:26:00Z,56.0,Charge 6
2025-11-12T12:26:02Z,55.0,Charge 6
2025-11-12T12:26:04Z,56.0,Charge 6
2025-11-12T12:26:07Z,56.0,Charge 6
2025-11-12T12:26:08Z,55.0,Charge 6
2025-11-12T12:26:11Z,55.0,Charge 6
2025-11-12T12:26:13Z,54.0,Charge 6
2025-11-12T12:26:15Z,55.0,Charge 6
2025-11-12T12:26:18Z,55.0,Charge 6
2025-11-12T12:26:21Z,55.0,Charge 6
2025-11-12T12:26:23Z,55.0,Charge 6
2025-11-12T12:26:26Z,55.0,Charge 6
2025-11-12T12:26:29Z,56.0,Charge 6
2025-11-12T12:26:32Z,56.0,Charge 6
2025-11-12T12:26:35Z,56.0,Charge 6
2025-11-12T12:26:36Z,55.0,Charge 6
2025-11-12T12:26:39Z,55.0,Charge 6
2025-11-12T12:26:42Z,55.0,Charge 6
2025-11-12T12:26:44Z,57.0,Charge 6
2025-11-12T12:26:47Z,57.0,Charge 6
2025-11-12T12:26:48Z,56.0,Charge 6
2025-11-12T12:26:50Z,55.0,Charge 6
2025-11-12T12:26:52Z,56.0,Charge 6
2025-11-12T12:26:54Z,55.0,Charge 6
2025-11-12T12:26:57Z,55.0,Charge 6
2025-11-12T12:27:00Z,55.0,Charge 6
2025-11-12T12:27:03Z,57.0,Charge 6
2025-11-12T12:27:06Z,57.0,Charge 6
2025-11-12T12:27:07Z,56.0,Charge 6
2025-11-12T12:27:09Z,55.0,Charge 6
2025-11-12T12:27:12Z,55.0,Charge 6
2025-11-12T12:27:13Z,53.0,Charge 6
2025-11-12T12:27:16Z,53.0,Charge 6
2025-11-12T12:27:19Z,55.0,Charge 6
2025-11-12T12:27:22Z,55.0,Charge 6
2025-11-12T12:27:23Z,57.0,Charge 6
2025-11-12T12:27:24Z,59.0,Charge 6
2025-11-12T12:27:26Z,56.0,Charge 6
2025-11-12T12:27:28Z,58.0,Charge 6
2025-11-12T12:27:30Z,57.0,Charge 6
2025-11-12T12:27:32Z,54.0,Charge 6
2025-11-12T12:27:35Z,54.0,Charge 6
2025-11-12T12:27:36Z,53.0,Charge 6
2025-11-12T12:27:38Z,52.0,Charge 6
2025-11-12T12:27:41Z,52.0,Charge 6
2025-11-12T12:27:44Z,51.0,Charge 6
2025-11-12T12:27:46Z,52.0,Charge 6
2025-11-12T12:27:48Z,51.0,Charge 6
2025-11-12T12:27:49Z,52.0,Charge 6
2025-11-12T12:27:51Z,53.0,Charge 6
2025-11-12T12:27:53Z,54.0,Charge 6
2025-11-12T12:27:56Z,54.0,Charge 6
2025-11-12T12:27:59Z,53.0,Charge 6
2025-11-12T12:28:01Z,51.0,Charge 6
2025-11-12T12:28:04Z,51.0,Charge 6
2025-11-12T12:28:05Z,52.0,Charge 6
2025-11-12T12:28:08Z,52.0,Charge 6
2025-11-12T12:28:11Z,53.0,Charge 6
2025-11-12T12:28:14Z,54.0,Charge 6
2025-11-12T12:28:16Z,55.0,Charge 6
2025-11-12T12:28:18Z,54.0,Charge 6
2025-11-12T12:28:20Z,55.0,Charge 6
2025-11-12T12:28:23Z,55.0,Charge 6
2025-11-12T12:28:24Z,54.0,Charge 6
2025-11-12T12:28:26Z,54.0,Charge 6
2025-11-12T12:28:29Z,54.0,Charge 6
2025-11-12T12:28:32Z,54.0,Charge 6
2025-11-12T12:28:34Z,53.0,Charge 6
2025-11-12T12:28:36Z,52.0,Charge 6
2025-11-12T12:28:37Z,53.0,Charge 6
2025-11-12T12:28:40Z,53.0,Charge 6
2025-11-12T12:28:43Z,53.0,Charge 6
2025-11-12T12:28:46Z,53.0,Charge 6
2025-11-12T12:28:49Z,53.0,Charge 6
2025-11-12T12:28:51Z,52.0,Charge 6
2025-11-12T12:28:53Z,50.0,Charge 6
2025-11-12T12:28:56Z,50.0,Charge 6
2025-11-12T12:28:57Z,51.0,Charge 6
2025-11-12T12:28:59Z,50.0,Charge 6
2025-11-12T12:29:02Z,51.0,Charge 6
2025-11-12T12:29:04Z,52.0,Charge 6
2025-11-12T12:29:06Z,53.0,Charge 6
2025-11-12T12:29:09Z,53.0,Charge 6
2025-11-12T12:29:12Z,53.0,Charge 6
2025-11-12T12:29:15Z,53.0,Charge 6
2025-11-12T12:29:16Z,52.0,Charge 6
2025-11-12T12:29:19Z,52.0,Charge 6
2025-11-12T12:29:22Z,52.0,Charge 6
2025-11-12T12:29:25Z,52.0,Charge 6
2025-11-12T12:29:27Z,51.0,Charge 6
2025-11-12T12:29:29Z,52.0,Charge 6
2025-11-12T12:29:31Z,53.0,Charge 6
2025-11-12T12:29:33Z,52.0,Charge 6
2025-11-12T12:29:36Z,52.0,Charge 6
2025-11-12T12:29:39Z,51.0,Charge 6
2025-11-12T12:29:41Z,52.0,Charge 6
2025-11-12T12:29:43Z,51.0,Charge 6
2025-11-12T12:29:45Z,49.0,Charge 6
2025-11-12T12:29:47Z,50.0,Charge 6
2025-11-12T12:29:48Z,51.0,Charge 6
2025-11-12T12:29:51Z,51.0,Charge 6
2025-11-12T12:29:54Z,51.0,Charge 6
2025-11-12T12:29:56Z,50.0,Charge 6
2025-11-12T12:29:58Z,51.0,Charge 6
2025-11-12T12:30:01Z,51.0,Charge 6
2025-11-12T12:30:04Z,53.0,Charge 6
2025-11-12T12:30:07Z,53.0,Charge 6
2025-11-12T12:30:08Z,52.0,Charge 6
2025-11-12T12:30:10Z,53.0,Charge 6
2025-11-12T12:30:12Z,54.0,Charge 6
2025-11-12T12:30:15Z,54.0,Charge 6
2025-11-12T12:30:17Z,52.0,Charge 6
2025-11-12T12:30:19Z,51.0,Charge 6
2025-11-12T12:30:21Z,50.0,Charge 6
2025-11-12T12:30:23Z,51.0,Charge 6
2025-11-12T12:30:26Z,51.0,Charge 6
2025-11-12T12:30:29Z,51.0,Charge 6
2025-11-12T12:30:32Z,51.0,Charge 6
2025-11-12T12:30:33Z,50.0,Charge 6
2025-11-12T12:30:35Z,49.0,Charge 6
2025-11-12T12:30:36Z,48.0,Charge 6
2025-11-12T12:30:38Z,49.0,Charge 6
2025-11-12T12:30:40Z,50.0,Charge 6
2025-11-12T12:30:42Z,51.0,Charge 6
2025-11-12T12:30:44Z,49.0,Charge 6
2025-11-12T12:30:46Z,50.0,Charge 6
2025-11-12T12:30:48Z,51.0,Charge 6
2025-11-12T12:30:50Z,52.0,Charge 6
2025-11-12T12:30:52Z,51.0,Charge 6
2025-11-12T12:30:55Z,51.0,Charge 6
2025-11-12T12:30:58Z,52.0,Charge 6
2025-11-12T12:31:01Z,51.0,Charge 6
2025-11-12T12:31:03Z,52.0,Charge 6
2025-11-12T12:31:06Z,52.0,Charge 6
2025-11-12T12:31:07Z,51.0,Charge 6
2025-11-12T12:31:10Z,51.0,Charge 6
2025-11-12T12:31:11Z,50.0,Charge 6
2025-11-12T12:31:14Z,50.0,Charge 6
2025-11-12T12:31:15Z,51.0,Charge 6
2025-11-12T12:31:18Z,51.0,Charge 6
2025-11-12T12:31:19Z,50.0,Charge 6
2025-11-12T12:31:21Z,51.0,Charge 6
2025-11-12T12:31:24Z,51.0,Charge 6
2025-11-12T12:31:27Z,51.0,Charge 6
2025-11-12T12:31:28Z,50.0,Charge 6
2025-11-12T12:31:30Z,50.0,Charge 6
2025-11-12T12:31:33Z,50.0,Charge 6
2025-11-12T12:31:36Z,50.0,Charge 6
2025-11-12T12:31:39Z,50.0,Charge 6
2025-11-12T12:31:40Z,51.0,Charge 6
2025-11-12T12:31:42Z,50.0,Charge 6
2025-11-12T12:31:45Z,50.0,Charge 6
2025-11-12T12:31:46Z,51.0,Charge 6
2025-11-12T12:31:48Z,52.0,Charge 6
2025-11-12T12:31:49Z,51.0,Charge 6
2025-11-12T12:31:52Z,51.0,Charge 6
2025-11-12T12:31:53Z,52.0,Charge 6
2025-11-12T12:31:56Z,52.0,Charge 6
2025-11-12T12:31:57Z,53.0,Charge 6
2025-11-12T12:31:59Z,52.0,Charge 6
2025-11-12T12:32:02Z,52.0,Charge 6
2025-11-12T12:32:03Z,53.0,Charge 6
2025-11-12T12:32:06Z,53.0,Charge 6
2025-11-12T12:32:09Z,52.0,Charge 6
2025-11-12T12:32:12Z,55.0,Charge 6
2025-11-12T12:32:14Z,54.0,Charge 6
2025-11-12T12:32:16Z,53.0,Charge 6
2025-11-12T12:32:19Z,53.0,Charge 6
2025-11-12T12:32:20Z,52.0,Charge 6
2025-11-12T12:32:22Z,54.0,Charge 6
2025-11-12T12:32:24Z,60.0,Charge 6
2025-11-12T12:32:26Z,53.0,Charge 6
2025-11-12T12:32:28Z,54.0,Charge 6
2025-11-12T12:32:30Z,55.0,Charge 6
2025-11-12T12:32:32Z,54.0,Charge 6
2025-11-12T12:32:34Z,53.0,Charge 6
2025-11-12T12:32:36Z,54.0,Charge 6
2025-11-12T12:32:37Z,52.0,Charge 6
2025-11-12T12:32:39Z,53.0,Charge 6
2025-11-12T12:32:42Z,53.0,Charge 6
2025-11-12T12:32:43Z,51.0,Charge 6
2025-11-12T12:32:45Z,53.0,Charge 6
2025-11-12T12:32:47Z,54.0,Charge 6
2025-11-12T12:32:49Z,52.0,Charge 6
2025-11-12T12:32:51Z,51.0,Charge 6
2025-11-12T12:32:53Z,52.0,Charge 6
2025-11-12T12:32:55Z,51.0,Charge 6
2025-11-12T12:32:57Z,52.0,Charge 6
2025-11-12T12:33:00Z,51.0,Charge 6
2025-11-12T12:33:03Z,51.0,Charge 6
2025-11-12T12:33:04Z,57.0,Charge 6
2025-11-12T12:33:06Z,52.0,Charge 6
2025-11-12T12:33:08Z,50.0,Charge 6
2025-11-12T12:33:10Z,53.0,Charge 6
2025-11-12T12:33:12Z,49.0,Charge 6
2025-11-12T12:33:15Z,49.0,Charge 6
2025-11-12T12:33:16Z,52.0,Charge 6
2025-11-12T12:33:18Z,50.0,Charge 6
2025-11-12T12:33:21Z,50.0,Charge 6
2025-11-12T12:33:22Z,53.0,Charge 6
2025-11-12T12:33:25Z,50.0,Charge 6
2025-11-12T12:33:27Z,53.0,Charge 6
2025-11-12T12:33:30Z,53.0,Charge 6
2025-11-12T12:33:33Z,53.0,Charge 6
2025-11-12T12:33:35Z,51.0,Charge 6
2025-11-12T12:33:38Z,51.0,Charge 6
2025-11-12T12:33:39Z,53.0,Charge 6
2025-11-12T12:33:41Z,55.0,Charge 6
2025-11-12T12:33:43Z,51.0,Charge 6
2025-11-12T12:33:45Z,53.0,Charge 6
2025-11-12T12:33:48Z,52.0,Charge 6
2025-11-12T12:33:50Z,51.0,Charge 6
2025-11-12T12:33:52Z,50.0,Charge 6
2025-11-12T12:33:54Z,51.0,Charge 6
2025-11-12T12:33:56Z,52.0,Charge 6
2025-11-12T12:33:58Z,51.0,Charge 6
2025-11-12T12:34:01Z,51.0,Charge 6
2025-11-12T12:34:02Z,56.0,Charge 6
2025-11-12T12:34:05Z,56.0,Charge 6
2025-11-12T12:34:06Z,57.0,Charge 6
2025-11-12T12:34:08Z,53.0,Charge 6
2025-11-12T12:34:11Z,53.0,Charge 6
2025-11-12T12:34:12Z,52.0,Charge 6
2025-11-12T12:34:15Z,53.0,Charge 6
2025-11-12T12:34:18Z,53.0,Charge 6
2025-11-12T12:34:19Z,54.0,Charge 6
2025-11-12T12:34:21Z,56.0,Charge 6
2025-11-12T12:34:23Z,69.0,Charge 6
2025-11-12T12:34:25Z,61.0,Charge 6
2025-11-12T12:34:27Z,55.0,Charge 6
2025-11-12T12:34:29Z,58.0,Charge 6
2025-11-12T12:34:31Z,56.0,Charge 6
2025-11-12T12:34:33Z,55.0,Charge 6
2025-11-12T12:34:35Z,53.0,Charge 6
2025-11-12T12:34:36Z,54.0,Charge 6
2025-11-12T12:34:39Z,54.0,Charge 6
2025-11-12T12:34:40Z,55.0,Charge 6
2025-11-12T12:34:42Z,56.0,Charge 6
2025-11-12T12:34:44Z,53.0,Charge 6
2025-11-12T12:34:46Z,55.0,Charge 6
2025-11-12T12:34:48Z,57.0,Charge 6
2025-11-12T12:34:50Z,55.0,Charge 6
2025-11-12T12:34:52Z,56.0,Charge 6
2025-11-12T12:34:54Z,57.0,Charge 6
2025-11-12T12:34:56Z,53.0,Charge 6
2025-11-12T12:34:58Z,54.0,Charge 6
2025-11-12T12:35:00Z,55.0,Charge 6
2025-11-12T12:35:01Z,53.0,Charge 6
2025-11-12T12:35:03Z,52.0,Charge 6
2025-11-12T12:35:05Z,53.0,Charge 6
2025-11-12T12:35:07Z,52.0,Charge 6
2025-11-12T12:35:10Z,52.0,Charge 6
2025-11-12T12:35:11Z,55.0,Charge 6
2025-11-12T12:35:13Z,53.0,Charge 6
2025-11-12T12:35:15Z,55.0,Charge 6
2025-11-12T12:35:17Z,57.0,Charge 6
2025-11-12T12:35:19Z,53.0,Charge 6
2025-11-12T12:35:21Z,54.0,Charge 6
2025-11-12T12:35:23Z,58.0,Charge 6
2025-11-12T12:35:24Z,56.0,Charge 6
2025-11-12T12:35:27Z,56.0,Charge 6
2025-11-12T12:35:28Z,58.0,Charge 6
2025-11-12T12:35:30Z,56.0,Charge 6
2025-11-12T12:35:32Z,57.0,Charge 6
2025-11-12T12:35:34Z,56.0,Charge 6
2025-11-12T12:35:36Z,54.0,Charge 6
2025-11-12T12:35:38Z,55.0,Charge 6
2025-11-12T12:35:40Z,66.0,Charge 6
2025-11-12T12:35:42Z,59.0,Charge 6
2025-11-12T12:35:44Z,54.0,Charge 6
2025-11-12T12:35:46Z,57.0,Charge 6
2025-11-12T12:35:48Z,59.0,Charge 6
2025-11-12T12:35:49Z,57.0,Charge 6
2025-11-12T12:35:51Z,67.0,Charge 6
2025-11-12T12:35:53Z,56.0,Charge 6
2025-11-12T12:35:55Z,53.0,Charge 6
2025-11-12T12:35:57Z,57.0,Charge 6
2025-11-12T12:35:59Z,58.0,Charge 6
2025-11-12T12:36:01Z,53.0,Charge 6
2025-11-12T12:36:03Z,57.0,Charge 6
2025-11-12T12:36:05Z,55.0,Charge 6
2025-11-12T12:36:07Z,54.0,Charge 6
2025-11-12T12:36:09Z,70.0,Charge 6
2025-11-12T12:36:11Z,64.0,Charge 6
2025-11-12T12:36:12Z,57.0,Charge 6
2025-11-12T12:36:14Z,66.0,Charge 6
2025-11-12T12:36:16Z,59.0,Charge 6
2025-11-12T12:36:18Z,54.0,Charge 6
2025-11-12T12:36:20Z,59.0,Charge 6
2025-11-12T12:36:23Z,59.0,Charge 6
2025-11-12T12:36:24Z,56.0,Charge 6
2025-11-12T12:36:26Z,60.0,Charge 6
2025-11-12T12:36:28Z,56.0,Charge 6
2025-11-12T12:36:30Z,53.0,Charge 6
2025-11-12T12:36:32Z,56.0,Charge 6
2025-11-12T12:36:34Z,53.0,Charge 6
2025-11-12T12:36:37Z,54.0,Charge 6
2025-11-12T12:36:39Z,55.0,Charge 6
2025-11-12T12:36:41Z,53.0,Charge 6
2025-11-12T12:36:43Z,54.0,Charge 6
2025-11-12T12:36:45Z,54.0,Charge 6
2025-11-12T12:36:46Z,53.0,Charge 6
2025-11-12T12:36:49Z,53.0,Charge 6
2025-11-12T12:36:50Z,52.0,Charge 6
2025-11-12T12:36:53Z,52.0,Charge 6
2025-11-12T12:36:54Z,53.0,Charge 6
2025-11-12T12:36:57Z,53.0,Charge 6
2025-11-12T12:36:58Z,54.0,Charge 6
2025-11-12T12:37:01Z,54.0,Charge 6
2025-11-12T12:37:04Z,54.0,Charge 6
2025-11-12T12:37:06Z,55.0,Charge 6
2025-11-12T12:37:09Z,55.0,Charge 6
2025-11-12T12:37:10Z,53.0,Charge 6
2025-11-12T12:37:11Z,56.0,Charge 6
2025-11-12T12:37:14Z,56.0,Charge 6
2025-11-12T12:37:15Z,54.0,Charge 6
2025-11-12T12:37:17Z,56.0,Charge 6
2025-11-12T12:37:19Z,53.0,Charge 6
2025-11-12T12:37:21Z,56.0,Charge 6
2025-11-12T12:37:23Z,57.0,Charge 6
2025-11-12T12:37:25Z,54.0,Charge 6
2025-11-12T12:37:27Z,55.0,Charge 6
2025-11-12T12:37:30Z,55.0,Charge 6
2025-11-12T12:37:31Z,52.0,Charge 6
2025-11-12T12:37:33Z,55.0,Charge 6
2025-11-12T12:37:36Z,53.0,Charge 6
2025-11-12T12:37:39Z,53.0,Charge 6
2025-11-12T12:37:40Z,54.0,Charge 6
2025-11-12T12:37:42Z,51.0,Charge 6
2025-11-12T12:37:45Z,51.0,Charge 6
2025-11-12T12:37:46Z,52.0,Charge 6
2025-11-12T12:37:49Z,52.0,Charge 6
2025-11-12T12:37:50Z,58.0,Charge 6
2025-11-12T12:37:52Z,62.0,Charge 6
2025-11-12T12:37:54Z,59.0,Charge 6
2025-11-12T12:37:56Z,63.0,Charge 6
2025-11-12T12:37:58Z,68.0,Charge 6
2025-11-12T12:38:01Z,68.0,Charge 6
2025-11-12T12:38:03Z,63.0,Charge 6
2025-11-12T12:38:05Z,61.0,Charge 6
2025-11-12T12:38:07Z,54.0,Charge 6
2025-11-12T12:38:09Z,56.0,Charge 6
2025-11-12T12:38:11Z,55.0,Charge 6
2025-11-12T12:38:13Z,54.0,Charge 6
2025-11-12T12:38:15Z,55.0,Charge 6
2025-11-12T12:38:17Z,52.0,Charge 6
2025-11-12T12:38:19Z,53.0,Charge 6
2025-11-12T12:38:21Z,55.0,Charge 6
2025-11-12T12:38:22Z,54.0,Charge 6
2025-11-12T12:38:24Z,55.0,Charge 6
2025-11-12T12:38:26Z,58.0,Charge 6
2025-11-12T12:38:28Z,57.0,Charge 6
2025-11-12T12:38:30Z,55.0,Charge 6
2025-11-12T12:38:32Z,57.0,Charge 6
2025-11-12T12:38:34Z,57.0,Charge 6
2025-11-12T12:38:36Z,55.0,Charge 6
2025-11-12T12:38:38Z,57.0,Charge 6
2025-11-12T12:38:40Z,56.0,Charge 6
2025-11-12T12:38:42Z,55.0,Charge 6
2025-11-12T12:38:44Z,56.0,Charge 6
2025-11-12T12:38:46Z,54.0,Charge 6
2025-11-12T12:38:49Z,55.0,Charge 6
2025-11-12T12:38:52Z,55.0,Charge 6
2025-11-12T12:38:53Z,54.0,Charge 6
2025-11-12T12:38:55Z,58.0,Charge 6
2025-11-12T12:38:57Z,56.0,Charge 6
2025-11-12T12:38:59Z,54.0,Charge 6
2025-11-12T12:39:01Z,56.0,Charge 6
2025-11-12T12:39:03Z,55.0,Charge 6
2025-11-12T12:39:05Z,54.0,Charge 6
2025-11-12T12:39:08Z,54.0,Charge 6
2025-11-12T12:39:11Z,54.0,Charge 6
2025-11-12T12:39:14Z,54.0,Charge 6
2025-11-12T12:39:16Z,53.0,Charge 6
2025-11-12T12:39:18Z,57.0,Charge 6
2025-11-12T12:39:20Z,56.0,Charge 6
2025-11-12T12:39:22Z,53.0,Charge 6
2025-11-12T12:39:24Z,54.0,Charge 6
2025-11-12T12:39:27Z,54.0,Charge 6
2025-11-12T12:39:28Z,52.0,Charge 6
2025-11-12T12:39:30Z,53.0,Charge 6
2025-11-12T12:39:32Z,54.0,Charge 6
2025-11-12T12:39:34Z,53.0,Charge 6
2025-11-12T12:39:35Z,55.0,Charge 6
2025-11-12T12:39:37Z,54.0,Charge 6
2025-11-12T12:39:40Z,54.0,Charge 6
2025-11-12T12:39:41Z,55.0,Charge 6
2025-11-12T12:39:44Z,55.0,Charge 6
2025-11-12T12:39:45Z,54.0,Charge 6
2025-11-12T12:39:48Z,54.0,Charge 6
2025-11-12T12:39:49Z,55.0,Charge 6
2025-11-12T12:39:51Z,54.0,Charge 6
2025-11-12T12:39:53Z,56.0,Charge 6
2025-11-12T12:39:55Z,57.0,Charge 6
2025-11-12T12:39:57Z,55.0,Charge 6
2025-11-12T12:40:00Z,55.0,Charge 6
2025-11-12T12:40:02Z,54.0,Charge 6
2025-11-12T12:40:04Z,55.0,Charge 6
2025-11-12T12:40:06Z,54.0,Charge 6
2025-11-12T12:40:08Z,53.0,Charge 6
2025-11-12T12:40:10Z,55.0,Charge 6
2025-11-12T12:40:12Z,54.0,Charge 6
2025-11-12T12:40:14Z,53.0,Charge 6
2025-11-12T12:40:17Z,53.0,Charge 6
2025-11-12T12:40:20Z,53.0,Charge 6
2025-11-12T12:40:23Z,53.0,Charge 6
2025-11-12T12:40:25Z,54.0,Charge 6
2025-11-12T12:40:27Z,56.0,Charge 6
2025-11-12T12:40:29Z,55.0,Charge 6
2025-11-12T12:40:32Z,55.0,Charge 6
2025-11-12T12:40:35Z,55.0,Charge 6
2025-11-12T12:40:37Z,54.0,Charge 6
2025-11-12T12:40:40Z,54.0,Charge 6
2025-11-12T12:40:41Z,55.0,Charge 6
2025-11-12T12:40:43Z,54.0,Charge 6
2025-11-12T12:40:45Z,55.0,Charge 6
2025-11-12T12:40:48Z,55.0,Charge 6
2025-11-12T12:40:51Z,55.0,Charge 6
2025-11-12T12:40:54Z,55.0,Charge 6
2025-11-12T12:40:56Z,56.0,Charge 6
2025-11-12T12:40:58Z,55.0,Charge 6
2025-11-12T12:41:00Z,54.0,Charge 6
2025-11-12T12:41:02Z,56.0,Charge 6
2025-11-12T12:41:05Z,56.0,Charge 6
2025-11-12T12:41:06Z,55.0,Charge 6
2025-11-12T12:41:09Z,55.0,Charge 6
2025-11-12T12:41:12Z,55.0,Charge 6
2025-11-12T12:41:15Z,54.0,Charge 6
2025-11-12T12:41:18Z,54.0,Charge 6
2025-11-12T12:41:19Z,56.0,Charge 6
2025-11-12T12:41:21Z,55.0,Charge 6
2025-11-12T12:41:24Z,55.0,Charge 6
2025-11-12T12:41:27Z,55.0,Charge 6
2025-11-12T12:41:29Z,54.0,Charge 6
2025-11-12T12:41:32Z,54.0,Charge 6
2025-11-12T12:41:33Z,54.0,Charge 6
2025-11-12T12:41:36Z,55.0,Charge 6
2025-11-12T12:41:38Z,54.0,Charge 6
2025-11-12T12:41:41Z,54.0,Charge 6
2025-11-12T12:41:42Z,55.0,Charge 6
2025-11-12T12:41:44Z,54.0,Charge 6
2025-11-12T12:41:47Z,54.0,Charge 6
2025-11-12T12:41:50Z,53.0,Charge 6
2025-11-12T12:41:53Z,53.0,Charge 6
2025-11-12T12:41:54Z,55.0,Charge 6
2025-11-12T12:41:56Z,54.0,Charge 6
2025-11-12T12:41:58Z,53.0,Charge 6
2025-11-12T12:42:01Z,54.0,Charge 6
2025-11-12T12:42:03Z,53.0,Charge 6
2025-11-12T12:42:05Z,52.0,Charge 6
2025-11-12T12:42:07Z,53.0,Charge 6
2025-11-12T12:42:09Z,52.0,Charge 6
2025-11-12T12:42:11Z,53.0,Charge 6
2025-11-12T12:42:14Z,53.0,Charge 6
2025-11-12T12:42:17Z,54.0,Charge 6
2025-11-12T12:42:19Z,55.0,Charge 6
2025-11-12T12:42:22Z,55.0,Charge 6
2025-11-12T12:42:24Z,56.0,Charge 6
2025-11-12T12:42:26Z,55.0,Charge 6
2025-11-12T12:42:28Z,56.0,Charge 6
2025-11-12T12:42:31Z,56.0,Charge 6
2025-11-12T12:42:34Z,56.0,Charge 6
2025-11-12T12:42:36Z,56.0,Charge 6
2025-11-12T12:42:39Z,56.0,Charge 6
2025-11-12T12:42:40Z,55.0,Charge 6
2025-11-12T12:42:43Z,55.0,Charge 6
2025-11-12T12:42:44Z,54.0,Charge 6
2025-11-12T12:42:46Z,56.0,Charge 6
2025-11-12T12:42:47Z,55.0,Charge 6
2025-11-12T12:42:50Z,55.0,Charge 6
2025-11-12T12:42:51Z,54.0,Charge 6
2025-11-12T12:42:53Z,56.0,Charge 6
2025-11-12T12:42:55Z,55.0,Charge 6
2025-11-12T12:42:58Z,55.0,Charge 6
2025-11-12T12:43:01Z,54.0,Charge 6
2025-11-12T12:43:04Z,54.0,Charge 6
2025-11-12T12:43:05Z,53.0,Charge 6
2025-11-12T12:43:07Z,52.0,Charge 6
2025-11-12T12:43:10Z,54.0,Charge 6
2025-11-12T12:43:12Z,53.0,Charge 6
2025-11-12T12:43:14Z,54.0,Charge 6
2025-11-12T12:43:17Z,54.0,Charge 6
2025-11-12T12:43:20Z,54.0,Charge 6
2025-11-12T12:43:23Z,54.0,Charge 6
2025-11-12T12:43:26Z,55.0,Charge 6
2025-11-12T12:43:29Z,55.0,Charge 6
2025-11-12T12:43:32Z,55.0,Charge 6
2025-11-12T12:43:34Z,56.0,Charge 6
2025-11-12T12:43:35Z,55.0,Charge 6
2025-11-12T12:43:37Z,55.0,Charge 6
2025-11-12T12:43:40Z,55.0,Charge 6
2025-11-12T12:43:43Z,55.0,Charge 6
2025-11-12T12:43:45Z,56.0,Charge 6
2025-11-12T12:43:48Z,56.0,Charge 6
2025-11-12T12:43:49Z,55.0,Charge 6
2025-11-12T12:43:52Z,55.0,Charge 6
2025-11-12T12:43:55Z,55.0,Charge 6
2025-11-12T12:43:58Z,56.0,Charge 6
2025-11-12T12:44:01Z,56.0,Charge 6
2025-11-12T12:44:02Z,57.0,Charge 6
2025-11-12T12:44:04Z,56.0,Charge 6
2025-11-12T12:44:07Z,56.0,Charge 6
2025-11-12T12:44:10Z,55.0,Charge 6
2025-11-12T12:44:13Z,55.0,Charge 6
2025-11-12T12:44:16Z,54.0,Charge 6
2025-11-12T12:44:19Z,54.0,Charge 6
2025-11-12T12:44:20Z,55.0,Charge 6
2025-11-12T12:44:23Z,54.0,Charge 6
2025-11-12T12:44:25Z,55.0,Charge 6
2025-11-12T12:44:27Z,54.0,Charge 6
2025-11-12T12:44:30Z,54.0,Charge 6
2025-11-12T12:44:31Z,55.0,Charge 6
2025-11-12T12:44:33Z,54.0,Charge 6
2025-11-12T12:44:35Z,53.0,Charge 6
2025-11-12T12:44:37Z,54.0,Charge 6
2025-11-12T12:44:40Z,54.0,Charge 6
2025-11-12T12:44:41Z,54.0,Charge 6
2025-11-12T12:44:44Z,54.0,Charge 6
2025-11-12T12:44:45Z,52.0,Charge 6
2025-11-12T12:44:46Z,54.0,Charge 6
2025-11-12T12:44:49Z,54.0,Charge 6
2025-11-12T12:44:52Z,54.0,Charge 6
2025-11-12T12:44:55Z,54.0,Charge 6
2025-11-12T12:44:56Z,53.0,Charge 6
2025-11-12T12:44:58Z,52.0,Charge 6
2025-11-12T12:45:00Z,53.0,Charge 6
2025-11-12T12:45:02Z,52.0,Charge 6
2025-11-12T12:45:04Z,53.0,Charge 6
2025-11-12T12:45:06Z,54.0,Charge 6
2025-11-12T12:45:09Z,54.0,Charge 6
2025-11-12T12:45:11Z,55.0,Charge 6
2025-11-12T12:45:13Z,54.0,Charge 6
2025-11-12T12:45:16Z,54.0,Charge 6
2025-11-12T12:45:19Z,54.0,Charge 6
2025-11-12T12:45:21Z,55.0,Charge 6
2025-11-12T12:45:23Z,54.0,Charge 6
2025-11-12T12:45:26Z,54.0,Charge 6
2025-11-12T12:45:27Z,54.0,Charge 6
2025-11-12T12:45:29Z,55.0,Charge 6
2025-11-12T12:45:31Z,54.0,Charge 6
2025-11-12T12:45:34Z,54.0,Charge 6
2025-11-12T12:45:37Z,54.0,Charge 6
2025-11-12T12:45:38Z,55.0,Charge 6
2025-11-12T12:45:40Z,55.0,Charge 6
2025-11-12T12:45:42Z,54.0,Charge 6
2025-11-12T12:45:44Z,55.0,Charge 6
2025-11-12T12:45:47Z,55.0,Charge 6
2025-11-12T12:45:48Z,54.0,Charge 6
2025-11-12T12:45:50Z,55.0,Charge 6
2025-11-12T12:45:53Z,55.0,Charge 6
2025-11-12T12:45:54Z,54.0,Charge 6
2025-11-12T12:45:57Z,54.0,Charge 6
2025-11-12T12:45:59Z,55.0,Charge 6
2025-11-12T12:46:01Z,55.0,Charge 6
2025-11-12T12:46:03Z,56.0,Charge 6
2025-11-12T12:46:05Z,55.0,Charge 6
2025-11-12T12:46:08Z,55.0,Charge 6
2025-11-12T12:46:09Z,56.0,Charge 6
2025-11-12T12:46:11Z,54.0,Charge 6
2025-11-12T12:46:13Z,54.0,Charge 6
2025-11-12T12:46:16Z,54.0,Charge 6
2025-11-12T12:46:19Z,54.0,Charge 6
2025-11-12T12:46:21Z,55.0,Charge 6
2025-11-12T12:46:24Z,55.0,Charge 6
2025-11-12T12:46:26Z,55.0,Charge 6
2025-11-12T12:46:28Z,53.0,Charge 6
2025-11-12T12:46:30Z,55.0,Charge 6
2025-11-12T12:46:32Z,54.0,Charge 6
2025-11-12T12:46:34Z,53.0,Charge 6
2025-11-12T12:46:36Z,54.0,Charge 6
2025-11-12T12:46:38Z,54.0,Charge 6
2025-11-12T12:46:40Z,53.0,Charge 6
2025-11-12T12:46:42Z,54.0,Charge 6
2025-11-12T12:46:44Z,55.0,Charge 6
2025-11-12T12:46:46Z,53.0,Charge 6
2025-11-12T12:46:47Z,55.0,Charge 6
2025-11-12T12:46:49Z,55.0,Charge 6
2025-11-12T12:46:52Z,55.0,Charge 6
2025-11-12T12:46:53Z,56.0,Charge 6
2025-11-12T12:46:56Z,56.0,Charge 6
2025-11-12T12:46:57Z,55.0,Charge 6
2025-11-12T12:46:59Z,56.0,Charge 6
2025-11-12T12:47:01Z,55.0,Charge 6
2025-11-12T12:47:04Z,55.0,Charge 6
2025-11-12T12:47:05Z,56.0,Charge 6
2025-11-12T12:47:07Z,55.0,Charge 6
2025-11-12T12:47:10Z,55.0,Charge 6
2025-11-12T12:47:12Z,56.0,Charge 6
2025-11-12T12:47:14Z,55.0,Charge 6
2025-11-12T12:47:16Z,56.0,Charge 6
2025-11-12T12:47:18Z,55.0,Charge 6
2025-11-12T12:47:21Z,55.0,Charge 6
2025-11-12T12:47:22Z,55.0,Charge 6
2025-11-12T12:47:24Z,55.0,Charge 6
2025-11-12T12:47:26Z,54.0,Charge 6
2025-11-12T12:47:28Z,55.0,Charge 6
2025-11-12T12:47:31Z,55.0,Charge 6
2025-11-12T12:47:32Z,54.0,Charge 6
2025-11-12T12:47:34Z,55.0,Charge 6
2025-11-12T12:47:37Z,54.0,Charge 6
2025-11-12T12:47:39Z,56.0,Charge 6
2025-11-12T12:47:41Z,54.0,Charge 6
2025-11-12T12:47:43Z,53.0,Charge 6
2025-11-12T12:47:45Z,54.0,Charge 6
2025-11-12T12:47:48Z,54.0,Charge 6
2025-11-12T12:47:49Z,53.0,Charge 6
2025-11-12T12:47:51Z,54.0,Charge 6
2025-11-12T12:47:54Z,54.0,Charge 6
2025-11-12T12:47:55Z,53.0,Charge 6
2025-11-12T12:47:57Z,54.0,Charge 6
2025-11-12T12:48:00Z,53.0,Charge 6
2025-11-12T12:48:02Z,54.0,Charge 6
2025-11-12T12:48:04Z,55.0,Charge 6
2025-11-12T12:48:07Z,55.0,Charge 6
2025-11-12T12:48:10Z,56.0,Charge 6
2025-11-12T12:48:12Z,59.0,Charge 6
2025-11-12T12:48:14Z,70.0,Charge 6
2025-11-12T12:48:16Z,79.0,Charge 6
2025-11-12T12:48:18Z,80.0,Charge 6
2025-11-12T12:48:20Z,79.0,Charge 6
2025-11-12T12:48:22Z,78.0,Charge 6
2025-11-12T12:48:23Z,79.0,Charge 6
2025-11-12T12:48:25Z,79.0,Charge 6
2025-11-12T12:48:27Z,80.0,Charge 6
2025-11-12T12:48:30Z,80.0,Charge 6
2025-11-12T12:48:31Z,79.0,Charge 6
2025-11-12T12:48:33Z,74.0,Charge 6
2025-11-12T12:48:35Z,68.0,Charge 6
2025-11-12T12:48:37Z,63.0,Charge 6
2025-11-12T12:48:40Z,63.0,Charge 6
2025-11-12T12:48:41Z,62.0,Charge 6
2025-11-12T12:48:43Z,60.0,Charge 6
2025-11-12T12:48:45Z,58.0,Charge 6
2025-11-12T12:48:46Z,57.0,Charge 6
2025-11-12T12:48:48Z,56.0,Charge 6
2025-11-12T12:48:51Z,56.0,Charge 6
2025-11-12T12:48:54Z,55.0,Charge 6
2025-11-12T12:48:56Z,56.0,Charge 6
2025-11-12T12:48:59Z,56.0,Charge 6
2025-11-12T12:49:00Z,57.0,Charge 6
2025-11-12T12:49:02Z,58.0,Charge 6
2025-11-12T12:49:05Z,58.0,Charge 6
2025-11-12T12:49:08Z,58.0,Charge 6
2025-11-12T12:49:11Z,58.0,Charge 6
2025-11-12T12:49:13Z,60.0,Charge 6
2025-11-12T12:49:15Z,62.0,Charge 6
2025-11-12T12:49:17Z,65.0,Charge 6
2025-11-12T12:49:19Z,67.0,Charge 6
2025-11-12T12:49:21Z,65.0,Charge 6
2025-11-12T12:49:23Z,62.0,Charge 6
2025-11-12T12:49:25Z,59.0,Charge 6
2025-11-12T12:49:27Z,58.0,Charge 6
2025-11-12T12:49:29Z,57.0,Charge 6
2025-11-12T12:49:31Z,56.0,Charge 6
2025-11-12T12:49:34Z,56.0,Charge 6
2025-11-12T12:49:36Z,55.0,Charge 6
2025-11-12T12:49:38Z,56.0,Charge 6
2025-11-12T12:49:41Z,56.0,Charge 6
2025-11-12T12:49:44Z,57.0,Charge 6
2025-11-12T12:49:46Z,58.0,Charge 6
2025-11-12T12:49:48Z,61.0,Charge 6
2025-11-12T12:49:50Z,63.0,Charge 6
2025-11-12T12:49:52Z,62.0,Charge 6
2025-11-12T12:49:54Z,61.0,Charge 6
2025-11-12T12:49:56Z,59.0,Charge 6
2025-11-12T12:49:58Z,58.0,Charge 6
2025-11-12T12:49:59Z,56.0,Charge 6
2025-11-12T12:50:01Z,55.0,Charge 6
2025-11-12T12:50:03Z,56.0,Charge 6
2025-11-12T12:50:05Z,55.0,Charge 6
2025-11-12T12:50:07Z,56.0,Charge 6
2025-11-12T12:50:10Z,56.0,Charge 6
2025-11-12T12:50:11Z,55.0,Charge 6
2025-11-12T12:50:13Z,54.0,Charge 6
2025-11-12T12:50:16Z,54.0,Charge 6
2025-11-12T12:50:19Z,54.0,Charge 6
2025-11-12T12:50:21Z,54.0,Charge 6
2025-11-12T12:50:24Z,55.0,Charge 6
2025-11-12T12:50:26Z,56.0,Charge 6
2025-11-12T12:50:29Z,56.0,Charge 6
2025-11-12T12:50:32Z,56.0,Charge 6
2025-11-12T12:50:34Z,55.0,Charge 6
2025-11-12T12:50:37Z,55.0,Charge 6
2025-11-12T12:50:38Z,56.0,Charge 6
2025-11-12T12:50:41Z,56.0,Charge 6
2025-11-12T12:50:44Z,56.0,Charge 6
2025-11-12T12:50:46Z,55.0,Charge 6
2025-11-12T12:50:49Z,56.0,Charge 6
2025-11-12T12:50:52Z,56.0,Charge 6
2025-11-12T12:50:55Z,56.0,Charge 6
2025-11-12T12:50:57Z,55.0,Charge 6
2025-11-12T12:50:59Z,54.0,Charge 6
2025-11-12T12:51:02Z,54.0,Charge 6
2025-11-12T12:51:05Z,54.0,Charge 6
2025-11-12T12:51:08Z,54.0,Charge 6
2025-11-12T12:51:09Z,55.0,Charge 6
2025-11-12T12:51:12Z,55.0,Charge 6
2025-11-12T12:51:14Z,56.0,Charge 6
2025-11-12T12:51:16Z,59.0,Charge 6
2025-11-12T12:51:18Z,62.0,Charge 6
2025-11-12T12:51:20Z,65.0,Charge 6
2025-11-12T12:51:22Z,67.0,Charge 6
2025-11-12T12:51:24Z,68.0,Charge 6
2025-11-12T12:51:26Z,70.0,Charge 6
2025-11-12T12:51:29Z,70.0,Charge 6
2025-11-12T12:51:30Z,68.0,Charge 6
2025-11-12T12:51:32Z,66.0,Charge 6
2025-11-12T12:51:34Z,64.0,Charge 6
2025-11-12T12:51:35Z,62.0,Charge 6
2025-11-12T12:51:37Z,61.0,Charge 6
2025-11-12T12:51:39Z,60.0,Charge 6
2025-11-12T12:51:41Z,59.0,Charge 6
2025-11-12T12:51:43Z,58.0,Charge 6
2025-11-12T12:51:45Z,57.0,Charge 6
2025-11-12T12:51:48Z,57.0,Charge 6
2025-11-12T12:51:49Z,56.0,Charge 6
2025-11-12T12:51:51Z,55.0,Charge 6
2025-11-12T12:51:54Z,55.0,Charge 6
2025-11-12T12:51:55Z,56.0,Charge 6
2025-11-12T12:51:57Z,58.0,Charge 6
2025-11-12T12:51:59Z,59.0,Charge 6
2025-11-12T12:52:02Z,59.0,Charge 6
2025-11-12T12:52:03Z,56.0,Charge 6
2025-11-12T12:52:05Z,55.0,Charge 6
2025-11-12T12:52:08Z,54.0,Charge 6
2025-11-12T12:52:11Z,54.0,Charge 6
2025-11-12T12:52:14Z,54.0,Charge 6
2025-11-12T12:52:17Z,54.0,Charge 6
2025-11-12T12:52:20Z,54.0,Charge 6
2025-11-12T12:52:23Z,54.0,Charge 6
2025-11-12T12:52:24Z,55.0,Charge 6
2025-11-12T12:52:27Z,55.0,Charge 6
2025-11-12T12:52:30Z,55.0,Charge 6
2025-11-12T12:52:31Z,56.0,Charge 6
2025-11-12T12:52:34Z,56.0,Charge 6
2025-11-12T12:52:37Z,56.0,Charge 6
2025-11-12T12:52:39Z,60.0,Charge 6
2025-11-12T12:52:41Z,64.0,Charge 6
2025-11-12T12:52:43Z,67.0,Charge 6
2025-11-12T12:52:45Z,70.0,Charge 6
2025-11-12T12:52:48Z,70.0,Charge 6
2025-11-12T12:52:49Z,73.0,Charge 6
2025-11-12T12:52:51Z,74.0,Charge 6
2025-11-12T12:52:54Z,75.0,Charge 6
2025-11-12T12:52:56Z,76.0,Charge 6
2025-11-12T12:52:58Z,77.0,Charge 6
2025-11-12T12:53:00Z,75.0,Charge 6
2025-11-12T12:53:02Z,71.0,Charge 6
2025-11-12T12:53:04Z,64.0,Charge 6
2025-11-12T12:53:06Z,62.0,Charge 6
2025-11-12T12:53:08Z,60.0,Charge 6
2025-11-12T12:53:10Z,58.0,Charge 6
2025-11-12T12:53:13Z,58.0,Charge 6
2025-11-12T12:53:14Z,60.0,Charge 6
2025-11-12T12:53:16Z,61.0,Charge 6
2025-11-12T12:53:19Z,61.0,Charge 6
2025-11-12T12:53:21Z,60.0,Charge 6
2025-11-12T12:53:23Z,57.0,Charge 6
2025-11-12T12:53:25Z,58.0,Charge 6
2025-11-12T12:53:27Z,57.0,Charge 6
2025-11-12T12:53:29Z,56.0,Charge 6
2025-11-12T12:53:31Z,56.0,Charge 6
2025-11-12T12:53:33Z,56.0,Charge 6
2025-11-12T12:53:35Z,55.0,Charge 6
2025-11-12T12:53:38Z,55.0,Charge 6
2025-11-12T12:53:39Z,54.0,Charge 6
2025-11-12T12:53:42Z,55.0,Charge 6
2025-11-12T12:53:44Z,54.0,Charge 6
2025-11-12T12:53:47Z,54.0,Charge 6
2025-11-12T12:53:48Z,55.0,Charge 6
2025-11-12T12:53:51Z,55.0,Charge 6
2025-11-12T12:53:52Z,57.0,Charge 6
2025-11-12T12:53:54Z,63.0,Charge 6
2025-11-12T12:53:57Z,63.0,Charge 6
2025-11-12T12:53:58Z,61.0,Charge 6
2025-11-12T12:54:01Z,61.0,Charge 6
2025-11-12T12:54:02Z,60.0,Charge 6
2025-11-12T12:54:04Z,59.0,Charge 6
2025-11-12T12:54:06Z,57.0,Charge 6
2025-11-12T12:54:07Z,56.0,Charge 6
2025-11-12T12:54:10Z,56.0,Charge 6
2025-11-12T12:54:13Z,56.0,Charge 6
2025-11-12T12:54:16Z,56.0,Charge 6
2025-11-12T12:54:19Z,59.0,Charge 6
2025-11-12T12:54:21Z,61.0,Charge 6
2025-11-12T12:54:23Z,63.0,Charge 6
2025-11-12T12:54:26Z,63.0,Charge 6
2025-11-12T12:54:27Z,61.0,Charge 6
2025-11-12T12:54:29Z,59.0,Charge 6
2025-11-12T12:54:30Z,57.0,Charge 6
2025-11-12T12:54:32Z,56.0,Charge 6
2025-11-12T12:54:34Z,55.0,Charge 6
2025-11-12T12:54:37Z,55.0,Charge 6
2025-11-12T12:54:40Z,55.0,Charge 6
2025-11-12T12:54:43Z,55.0,Charge 6
2025-11-12T12:54:44Z,54.0,Charge 6
2025-11-12T12:54:47Z,54.0,Charge 6
2025-11-12T12:54:50Z,54.0,Charge 6
2025-11-12T12:54:53Z,54.0,Charge 6
2025-11-12T12:54:56Z,54.0,Charge 6
2025-11-12T12:54:59Z,54.0,Charge 6
2025-11-12T12:55:02Z,54.0,Charge 6
2025-11-12T12:55:05Z,54.0,Charge 6
2025-11-12T12:55:07Z,56.0,Charge 6
2025-11-12T12:55:09Z,57.0,Charge 6
2025-11-12T12:55:12Z,57.0,Charge 6
2025-11-12T12:55:13Z,56.0,Charge 6
2025-11-12T12:55:15Z,55.0,Charge 6
2025-11-12T12:55:18Z,56.0,Charge 6
2025-11-12T12:55:20Z,55.0,Charge 6
2025-11-12T12:55:22Z,54.0,Charge 6
2025-11-12T12:55:24Z,54.0,Charge 6
2025-11-12T12:55:27Z,54.0,Charge 6
2025-11-12T12:55:30Z,54.0,Charge 6
2025-11-12T12:55:32Z,56.0,Charge 6
2025-11-12T12:55:35Z,56.0,Charge 6
2025-11-12T12:55:36Z,58.0,Charge 6
2025-11-12T12:55:39Z,58.0,Charge 6
2025-11-12T12:55:40Z,57.0,Charge 6
2025-11-12T12:55:42Z,56.0,Charge 6
2025-11-12T12:55:43Z,57.0,Charge 6
2025-11-12T12:55:46Z,57.0,Charge 6
2025-11-12T12:55:47Z,56.0,Charge 6
2025-11-12T12:55:49Z,55.0,Charge 6
2025-11-12T12:55:51Z,54.0,Charge 6
2025-11-12T12:55:54Z,54.0,Charge 6
2025-11-12T12:55:55Z,53.0,Charge 6
2025-11-12T12:55:58Z,53.0,Charge 6
2025-11-12T12:55:59Z,54.0,Charge 6
2025-11-12T12:56:01Z,58.0,Charge 6
2025-11-12T12:56:03Z,60.0,Charge 6
2025-11-12T12:56:05Z,60.0,Charge 6
2025-11-12T12:56:06Z,56.0,Charge 6
2025-11-12T12:56:08Z,55.0,Charge 6
2025-11-12T12:56:11Z,55.0,Charge 6
2025-11-12T12:56:12Z,54.0,Charge 6
2025-11-12T12:56:14Z,53.0,Charge 6
2025-11-12T12:56:16Z,52.0,Charge 6
2025-11-12T12:56:18Z,52.0,Charge 6
2025-11-12T12:56:20Z,53.0,Charge 6
2025-11-12T12:56:22Z,54.0,Charge 6
2025-11-12T12:56:25Z,54.0,Charge 6
2025-11-12T12:56:28Z,54.0,Charge 6
2025-11-12T12:56:31Z,54.0,Charge 6
2025-11-12T12:56:34Z,54.0,Charge 6
2025-11-12T12:56:37Z,54.0,Charge 6
2025-11-12T12:56:40Z,54.0,Charge 6
2025-11-12T12:56:43Z,55.0,Charge 6
2025-11-12T12:56:45Z,54.0,Charge 6
2025-11-12T12:56:47Z,53.0,Charge 6
2025-11-12T12:56:49Z,52.0,Charge 6
2025-11-12T12:56:51Z,53.0,Charge 6
2025-11-12T12:56:53Z,52.0,Charge 6
2025-11-12T12:56:54Z,53.0,Charge 6
2025-11-12T12:56:56Z,54.0,Charge 6
2025-11-12T12:56:59Z,54.0,Charge 6
2025-11-12T12:57:02Z,54.0,Charge 6
2025-11-12T12:57:05Z,54.0,Charge 6
2025-11-12T12:57:08Z,54.0,Charge 6
2025-11-12T12:57:10Z,53.0,Charge 6
2025-11-12T12:57:13Z,53.0,Charge 6
2025-11-12T12:57:16Z,53.0,Charge 6
2025-11-12T12:57:19Z,53.0,Charge 6
2025-11-12T12:57:21Z,54.0,Charge 6
2025-11-12T12:57:24Z,54.0,Charge 6
2025-11-12T12:57:25Z,53.0,Charge 6
2025-11-12T12:57:27Z,52.0,Charge 6
2025-11-12T12:57:30Z,52.0,Charge 6
2025-11-12T12:57:33Z,51.0,Charge 6
2025-11-12T12:57:36Z,51.0,Charge 6
2025-11-12T12:57:37Z,52.0,Charge 6
2025-11-12T12:57:40Z,52.0,Charge 6
2025-11-12T12:57:43Z,52.0,Charge 6
2025-11-12T12:57:44Z,53.0,Charge 6
2025-11-12T12:57:46Z,54.0,Charge 6
2025-11-12T12:57:49Z,54.0,Charge 6
2025-11-12T12:57:52Z,54.0,Charge 6
2025-11-12T12:57:55Z,54.0,Charge 6
2025-11-12T12:57:58Z,54.0,Charge 6
2025-11-12T12:58:01Z,54.0,Charge 6
2025-11-12T12:58:04Z,54.0,Charge 6
2025-11-12T12:58:07Z,54.0,Charge 6
2025-11-12T12:58:09Z,53.0,Charge 6
2025-11-12T12:58:11Z,52.0,Charge 6
2025-11-12T12:58:14Z,52.0,Charge 6
2025-11-12T12:58:17Z,53.0,Charge 6
2025-11-12T12:58:19Z,54.0,Charge 6
2025-11-12T12:58:22Z,54.0,Charge 6
2025-11-12T12:58:25Z,52.0,Charge 6
2025-11-12T12:58:28Z,52.0,Charge 6
2025-11-12T12:58:31Z,52.0,Charge 6
2025-11-12T12:58:34Z,52.0,Charge 6
2025-11-12T12:58:36Z,52.0,Charge 6
2025-11-12T12:58:39Z,52.0,Charge 6
2025-11-12T12:58:40Z,53.0,Charge 6
2025-11-12T12:58:43Z,53.0,Charge 6
2025-11-12T12:58:44Z,54.0,Charge 6
2025-11-12T12:58:47Z,54.0,Charge 6
2025-11-12T12:58:50Z,54.0,Charge 6
2025-11-12T12:58:53Z,54.0,Charge 6
2025-11-12T12:58:54Z,53.0,Charge 6
2025-11-12T12:58:55Z,52.0,Charge 6
2025-11-12T12:58:58Z,52.0,Charge 6
2025-11-12T12:59:01Z,53.0,Charge 6
2025-11-12T12:59:03Z,54.0,Charge 6
2025-11-12T12:59:05Z,55.0,Charge 6
2025-11-12T12:59:08Z,55.0,Charge 6
2025-11-12T12:59:09Z,54.0,Charge 6
2025-11-12T12:59:12Z,54.0,Charge 6
2025-11-12T12:59:13Z,53.0,Charge 6
2025-11-12T12:59:15Z,52.0,Charge 6
2025-11-12T12:59:18Z,52.0,Charge 6
2025-11-12T12:59:20Z,53.0,Charge 6
2025-11-12T12:59:23Z,53.0,Charge 6
2025-11-12T12:59:26Z,54.0,Charge 6
2025-11-12T12:59:29Z,54.0,Charge 6
2025-11-12T12:59:32Z,54.0,Charge 6
2025-11-12T12:59:34Z,53.0,Charge 6
2025-11-12T12:59:37Z,53.0,Charge 6
2025-11-12T12:59:38Z,54.0,Charge 6
2025-11-12T12:59:40Z,53.0,Charge 6
2025-11-12T12:59:42Z,54.0,Charge 6
2025-11-12T12:59:45Z,55.0,Charge 6
2025-11-12T12:59:48Z,55.0,Charge 6
2025-11-12T12:59:49Z,54.0,Charge 6
2025-11-12T12:59:51Z,53.0,Charge 6
2025-11-12T12:59:53Z,52.0,Charge 6
2025-11-12T12:59:56Z,52.0,Charge 6
2025-11-12T12:59:59Z,52.0,Charge 6
2025-11-12T13:00:02Z,52.0,Charge 6
2025-11-12T13:00:05Z,52.0,Charge 6
2025-11-12T13:00:08Z,52.0,Charge 6
2025-11-12T13:00:11Z,52.0,Charge 6
2025-11-12T13:00:14Z,53.0,Charge 6
2025-11-12T13:00:17Z,53.0,Charge 6
2025-11-12T13:00:18Z,52.0,Charge 6
2025-11-12T13:00:21Z,52.0,Charge 6
2025-11-12T13:00:24Z,51.0,Charge 6
2025-11-12T13:00:26Z,50.0,Charge 6
2025-11-12T13:00:29Z,50.0,Charge 6
2025-11-12T13:00:31Z,51.0,Charge 6
2025-11-12T13:00:33Z,52.0,Charge 6
2025-11-12T13:00:36Z,52.0,Charge 6
2025-11-12T13:00:39Z,53.0,Charge 6
2025-11-12T13:00:41Z,54.0,Charge 6
2025-11-12T13:00:43Z,55.0,Charge 6
2025-11-12T13:00:45Z,56.0,Charge 6
2025-11-12T13:00:48Z,56.0,Charge 6
2025-11-12T13:00:49Z,55.0,Charge 6
2025-11-12T13:00:51Z,54.0,Charge 6
2025-11-12T13:00:54Z,54.0,Charge 6
2025-11-12T13:00:57Z,54.0,Charge 6
2025-11-12T13:01:00Z,54.0,Charge 6
2025-11-12T13:01:02Z,55.0,Charge 6
2025-11-12T13:01:05Z,55.0,Charge 6
2025-11-12T13:01:06Z,56.0,Charge 6
2025-11-12T13:01:09Z,56.0,Charge 6
2025-11-12T13:01:10Z,57.0,Charge 6
2025-11-12T13:01:13Z,57.0,Charge 6
2025-11-12T13:01:14Z,56.0,Charge 6
2025-11-12T13:01:17Z,56.0,Charge 6
2025-11-12T13:01:20Z,56.0,Charge 6
2025-11-12T13:01:23Z,56.0,Charge 6
2025-11-12T13:01:26Z,56.0,Charge 6
2025-11-12T13:01:29Z,56.0,Charge 6
2025-11-12T13:01:32Z,56.0,Charge 6
2025-11-12T13:01:33Z,55.0,Charge 6
2025-11-12T13:01:35Z,56.0,Charge 6
2025-11-12T13:01:38Z,56.0,Charge 6
2025-11-12T13:01:41Z,56.0,Charge 6
2025-11-12T13:01:44Z,56.0,Charge 6
2025-11-12T13:01:46Z,58.0,Charge 6
2025-11-12T13:01:49Z,58.0,Charge 6
2025-11-12T13:01:50Z,59.0,Charge 6
2025-11-12T13:01:52Z,58.0,Charge 6
2025-11-12T13:01:54Z,57.0,Charge 6
2025-11-12T13:01:56Z,56.0,Charge 6
2025-11-12T13:01:58Z,55.0,Charge 6
2025-11-12T13:02:00Z,54.0,Charge 6
2025-11-12T13:02:03Z,54.0,Charge 6
2025-11-12T13:02:06Z,54.0,Charge 6
2025-11-12T13:02:07Z,56.0,Charge 6
2025-11-12T13:02:09Z,57.0,Charge 6
2025-11-12T13:02:12Z,57.0,Charge 6
2025-11-12T13:02:13Z,54.0,Charge 6
2025-11-12T13:02:16Z,54.0,Charge 6
2025-11-12T13:02:17Z,53.0,Charge 6
2025-11-12T13:02:20Z,53.0,Charge 6
2025-11-12T13:02:23Z,54.0,Charge 6
2025-11-12T13:02:26Z,54.0,Charge 6
2025-11-12T13:02:27Z,55.0,Charge 6
2025-11-12T13:02:29Z,56.0,Charge 6
2025-11-12T13:02:32Z,56.0,Charge 6
2025-11-12T13:02:35Z,56.0,Charge 6
2025-11-12T13:02:38Z,56.0,Charge 6
2025-11-12T13:02:41Z,56.0,Charge 6
2025-11-12T13:02:44Z,55.0,Charge 6
2025-11-12T13:02:46Z,56.0,Charge 6
2025-11-12T13:02:49Z,56.0,Charge 6
2025-11-12T13:02:52Z,58.0,Charge 6
2025-11-12T13:02:54Z,58.0,Charge 6
2025-11-12T13:02:57Z,58.0,Charge 6
2025-11-12T13:02:59Z,59.0,Charge 6
2025-11-12T13:03:02Z,59.0,Charge 6
2025-11-12T13:03:05Z,59.0,Charge 6
2025-11-12T13:03:08Z,59.0,Charge 6
2025-11-12T13:03:09Z,60.0,Charge 6
2025-11-12T13:03:12Z,60.0,Charge 6
2025-11-12T13:03:15Z,59.0,Charge 6
2025-11-12T13:03:17Z,58.0,Charge 6
2025-11-12T13:03:20Z,58.0,Charge 6
2025-11-12T13:03:22Z,57.0,Charge 6
2025-11-12T13:03:25Z,57.0,Charge 6
2025-11-12T13:03:26Z,56.0,Charge 6
2025-11-12T13:03:29Z,56.0,Charge 6
2025-11-12T13:03:32Z,56.0,Charge 6
2025-11-12T13:03:34Z,58.0,Charge 6
2025-11-12T13:03:37Z,58.0,Charge 6
2025-11-12T13:03:40Z,58.0,Charge 6
2025-11-12T13:03:42Z,57.0,Charge 6
2025-11-12T13:03:43Z,58.0,Charge 6
2025-11-12T13:03:46Z,58.0,Charge 6
2025-11-12T13:03:47Z,57.0,Charge 6
2025-11-12T13:03:49Z,58.0,Charge 6
2025-11-12T13:03:52Z,58.0,Charge 6
2025-11-12T13:03:55Z,58.0,Charge 6
2025-11-12T13:03:58Z,58.0,Charge 6
2025-11-12T13:03:59Z,58.0,Charge 6
2025-11-12T13:04:02Z,58.0,Charge 6
2025-11-12T13:04:05Z,57.0,Charge 6
2025-11-12T13:04:08Z,56.0,Charge 6
2025-11-12T13:04:11Z,56.0,Charge 6
2025-11-12T13:04:14Z,56.0,Charge 6
2025-11-12T13:04:17Z,56.0,Charge 6
2025-11-12T13:04:18Z,55.0,Charge 6
2025-11-12T13:04:20Z,54.0,Charge 6
2025-11-12T13:04:22Z,55.0,Charge 6
2025-11-12T13:04:24Z,56.0,Charge 6
2025-11-12T13:04:27Z,56.0,Charge 6
2025-11-12T13:04:28Z,57.0,Charge 6
2025-11-12T13:04:30Z,58.0,Charge 6
2025-11-12T13:04:31Z,59.0,Charge 6
2025-11-12T13:04:33Z,60.0,Charge 6
2025-11-12T13:04:36Z,60.0,Charge 6
2025-11-12T13:04:37Z,61.0,Charge 6
2025-11-12T13:04:40Z,61.0,Charge 6
2025-11-12T13:04:43Z,61.0,Charge 6
2025-11-12T13:04:46Z,61.0,Charge 6
2025-11-12T13:04:49Z,60.0,Charge 6
2025-11-12T13:04:51Z,62.0,Charge 6
2025-11-12T13:04:54Z,63.0,Charge 6
2025-11-12T13:04:56Z,62.0,Charge 6
2025-11-12T13:04:58Z,61.0,Charge 6
2025-11-12T13:05:00Z,60.0,Charge 6
2025-11-12T13:05:02Z,58.0,Charge 6
2025-11-12T13:05:04Z,57.0,Charge 6
2025-11-12T13:05:06Z,56.0,Charge 6
2025-11-12T13:05:09Z,56.0,Charge 6
2025-11-12T13:05:12Z,55.0,Charge 6
2025-11-12T13:05:15Z,55.0,Charge 6
2025-11-12T13:05:16Z,54.0,Charge 6
2025-11-12T13:05:19Z,54.0,Charge 6
2025-11-12T13:05:22Z,54.0,Charge 6
2025-11-12T13:05:25Z,54.0,Charge 6
2025-11-12T13:05:27Z,53.0,Charge 6
2025-11-12T13:05:29Z,52.0,Charge 6
2025-11-12T13:05:32Z,52.0,Charge 6
2025-11-12T13:05:33Z,53.0,Charge 6
2025-11-12T13:05:35Z,54.0,Charge 6
2025-11-12T13:05:37Z,56.0,Charge 6
2025-11-12T13:05:40Z,56.0,Charge 6
2025-11-12T13:05:43Z,56.0,Charge 6
2025-11-12T13:05:44Z,58.0,Charge 6
2025-11-12T13:05:47Z,58.0,Charge 6
2025-11-12T13:05:48Z,60.0,Charge 6
2025-11-12T13:05:50Z,61.0,Charge 6
2025-11-12T13:05:52Z,62.0,Charge 6
2025-11-12T13:05:54Z,65.0,Charge 6
2025-11-12T13:05:56Z,68.0,Charge 6
2025-11-12T13:05:58Z,70.0,Charge 6
2025-11-12T13:06:01Z,70.0,Charge 6
2025-11-12T13:06:02Z,71.0,Charge 6
2025-11-12T13:06:04Z,72.0,Charge 6
2025-11-12T13:06:07Z,71.0,Charge 6
2025-11-12T13:06:09Z,70.0,Charge 6
2025-11-12T13:06:11Z,67.0,Charge 6
2025-11-12T13:06:13Z,65.0,Charge 6
2025-11-12T13:06:15Z,63.0,Charge 6
2025-11-12T13:06:17Z,62.0,Charge 6
2025-11-12T13:06:19Z,61.0,Charge 6
2025-11-12T13:06:21Z,60.0,Charge 6
2025-11-12T13:06:24Z,60.0,Charge 6
2025-11-12T13:06:25Z,59.0,Charge 6
2025-11-12T13:06:28Z,59.0,Charge 6
2025-11-12T13:06:29Z,58.0,Charge 6
2025-11-12T13:06:32Z,58.0,Charge 6
2025-11-12T13:06:35Z,58.0,Charge 6
2025-11-12T13:06:36Z,59.0,Charge 6
2025-11-12T13:06:39Z,59.0,Charge 6
2025-11-12T13:06:40Z,60.0,Charge 6
2025-11-12T13:06:43Z,60.0,Charge 6
2025-11-12T13:06:46Z,60.0,Charge 6
2025-11-12T13:06:48Z,61.0,Charge 6
2025-11-12T13:06:50Z,62.0,Charge 6
2025-11-12T13:06:53Z,62.0,Charge 6
2025-11-12T13:06:55Z,63.0,Charge 6
2025-11-12T13:06:58Z,63.0,Charge 6
2025-11-12T13:07:00Z,64.0,Charge 6
2025-11-12T13:07:01Z,64.0,Charge 6
2025-11-12T13:07:04Z,64.0,Charge 6
2025-11-12T13:07:07Z,65.0,Charge 6
2025-11-12T13:07:10Z,65.0,Charge 6
2025-11-12T13:07:11Z,64.0,Charge 6
2025-11-12T13:07:14Z,64.0,Charge 6
2025-11-12T13:07:17Z,64.0,Charge 6
2025-11-12T13:07:20Z,64.0,Charge 6
2025-11-12T13:07:23Z,64.0,Charge 6
2025-11-12T13:07:26Z,64.0,Charge 6
2025-11-12T13:07:29Z,64.0,Charge 6
2025-11-12T13:07:32Z,64.0,Charge 6
2025-11-12T13:07:35Z,64.0,Charge 6
2025-11-12T13:07:36Z,63.0,Charge 6
2025-11-12T13:07:38Z,62.0,Charge 6
2025-11-12T13:07:41Z,62.0,Charge 6
2025-11-12T13:07:44Z,62.0,Charge 6
2025-11-12T13:07:47Z,62.0,Charge 6
2025-11-12T13:07:50Z,62.0,Charge 6
2025-11-12T13:07:53Z,63.0,Charge 6
2025-11-12T13:07:55Z,64.0,Charge 6
2025-11-12T13:07:58Z,64.0,Charge 6
2025-11-12T13:07:59Z,65.0,Charge 6
2025-11-12T13:08:01Z,66.0,Charge 6
2025-11-12T13:08:03Z,65.0,Charge 6
2025-11-12T13:08:05Z,64.0,Charge 6
2025-11-12T13:08:08Z,64.0,Charge 6
2025-11-12T13:08:09Z,62.0,Charge 6
2025-11-12T13:08:12Z,62.0,Charge 6
2025-11-12T13:08:15Z,62.0,Charge 6
2025-11-12T13:08:18Z,62.0,Charge 6
2025-11-12T13:08:21Z,62.0,Charge 6
2025-11-12T13:08:22Z,61.0,Charge 6
2025-11-12T13:08:25Z,61.0,Charge 6
2025-11-12T13:08:28Z,62.0,Charge 6
2025-11-12T13:08:31Z,62.0,Charge 6
2025-11-12T13:08:34Z,62.0,Charge 6
2025-11-12T13:08:37Z,62.0,Charge 6
2025-11-12T13:08:40Z,62.0,Charge 6
2025-11-12T13:08:43Z,62.0,Charge 6
2025-11-12T13:08:46Z,62.0,Charge 6
2025-11-12T13:08:49Z,62.0,Charge 6
2025-11-12T13:08:52Z,62.0,Charge 6
2025-11-12T13:08:55Z,63.0,Charge 6
2025-11-12T13:08:57Z,64.0,Charge 6
2025-11-12T13:09:00Z,64.0,Charge 6
2025-11-12T13:09:03Z,64.0,Charge 6
2025-11-12T13:09:06Z,64.0,Charge 6
2025-11-12T13:09:09Z,64.0,Charge 6
2025-11-12T13:09:12Z,64.0,Charge 6
2025-11-12T13:09:14Z,65.0,Charge 6
2025-11-12T13:09:17Z,65.0,Charge 6
2025-11-12T13:09:18Z,64.0,Charge 6
2025-11-12T13:09:21Z,64.0,Charge 6
2025-11-12T13:09:22Z,64.0,Charge 6
2025-11-12T13:09:25Z,64.0,Charge 6
2025-11-12T13:09:28Z,64.0,Charge 6
2025-11-12T13:09:31Z,64.0,Charge 6
2025-11-12T13:09:34Z,64.0,Charge 6
2025-11-12T13:09:37Z,63.0,Charge 6
2025-11-12T13:09:39Z,62.0,Charge 6
2025-11-12T13:09:42Z,62.0,Charge 6
2025-11-12T13:09:45Z,63.0,Charge 6
2025-11-12T13:09:47Z,64.0,Charge 6
2025-11-12T13:09:50Z,64.0,Charge 6
2025-11-12T13:09:53Z,64.0,Charge 6
2025-11-12T13:09:56Z,66.0,Charge 6
2025-11-12T13:09:59Z,66.0,Charge 6
2025-11-12T13:10:00Z,67.0,Charge 6
2025-11-12T13:10:03Z,67.0,Charge 6
2025-11-12T13:10:04Z,66.0,Charge 6
2025-11-12T13:10:07Z,66.0,Charge 6
2025-11-12T13:10:10Z,66.0,Charge 6
2025-11-12T13:10:12Z,65.0,Charge 6
2025-11-12T13:10:15Z,65.0,Charge 6
2025-11-12T13:10:17Z,64.0,Charge 6
2025-11-12T13:10:20Z,64.0,Charge 6
2025-11-12T13:10:23Z,65.0,Charge 6
2025-11-12T13:10:26Z,65.0,Charge 6
2025-11-12T13:10:29Z,65.0,Charge 6
2025-11-12T13:10:32Z,65.0,Charge 6
2025-11-12T13:10:33Z,66.0,Charge 6
2025-11-12T13:10:36Z,66.0,Charge 6
2025-11-12T13:10:37Z,67.0,Charge 6
2025-11-12T13:10:38Z,68.0,Charge 6
2025-11-12T13:10:41Z,68.0,Charge 6
2025-11-12T13:10:44Z,68.0,Charge 6
2025-11-12T13:10:46Z,69.0,Charge 6
2025-11-12T13:10:48Z,68.0,Charge 6
2025-11-12T13:10:51Z,68.0,Charge 6
2025-11-12T13:10:54Z,68.0,Charge 6
2025-11-12T13:10:57Z,68.0,Charge 6
2025-11-12T13:11:00Z,68.0,Charge 6
2025-11-12T13:11:01Z,67.0,Charge 6
2025-11-12T13:11:03Z,66.0,Charge 6
2025-11-12T13:11:05Z,67.0,Charge 6
2025-11-12T13:11:07Z,66.0,Charge 6
2025-11-12T13:11:10Z,66.0,Charge 6
2025-11-12T13:11:11Z,67.0,Charge 6
2025-11-12T13:11:13Z,68.0,Charge 6
2025-11-12T13:11:16Z,68.0,Charge 6
2025-11-12T13:11:19Z,68.0,Charge 6
2025-11-12T13:11:22Z,68.0,Charge 6
2025-11-12T13:11:25Z,69.0,Charge 6
2025-11-12T13:11:26Z,70.0,Charge 6
2025-11-12T13:11:29Z,70.0,Charge 6
2025-11-12T13:11:32Z,70.0,Charge 6
2025-11-12T13:11:35Z,70.0,Charge 6
2025-11-12T13:11:36Z,70.0,Charge 6
2025-11-12T13:11:38Z,71.0,Charge 6
2025-11-12T13:11:41Z,71.0,Charge 6
2025-11-12T13:11:42Z,72.0,Charge 6
2025-11-12T13:11:44Z,71.0,Charge 6
2025-11-12T13:11:47Z,71.0,Charge 6
2025-11-12T13:11:50Z,71.0,Charge 6
2025-11-12T13:11:53Z,71.0,Charge 6
2025-11-12T13:11:55Z,72.0,Charge 6
2025-11-12T13:11:58Z,72.0,Charge 6
2025-11-12T13:11:59Z,73.0,Charge 6
2025-11-12T13:12:01Z,74.0,Charge 6
2025-11-12T13:12:03Z,74.0,Charge 6
2025-11-12T13:12:06Z,74.0,Charge 6
2025-11-12T13:12:09Z,74.0,Charge 6
2025-11-12T13:12:12Z,74.0,Charge 6
2025-11-12T13:12:13Z,73.0,Charge 6
2025-11-12T13:12:14Z,71.0,Charge 6
2025-11-12T13:12:16Z,69.0,Charge 6
2025-11-12T13:12:18Z,67.0,Charge 6
2025-11-12T13:12:20Z,66.0,Charge 6
2025-11-12T13:12:22Z,66.0,Charge 6
2025-11-12T13:12:25Z,66.0,Charge 6
2025-11-12T13:12:26Z,67.0,Charge 6
2025-11-12T13:12:28Z,70.0,Charge 6
2025-11-12T13:12:30Z,71.0,Charge 6
2025-11-12T13:12:33Z,71.0,Charge 6
2025-11-12T13:12:34Z,74.0,Charge 6
2025-11-12T13:12:37Z,74.0,Charge 6
2025-11-12T13:12:39Z,72.0,Charge 6
2025-11-12T13:12:41Z,70.0,Charge 6
2025-11-12T13:12:43Z,66.0,Charge 6
2025-11-12T13:12:45Z,64.0,Charge 6
2025-11-12T13:12:47Z,62.0,Charge 6
2025-11-12T13:12:49Z,60.0,Charge 6
2025-11-12T13:12:52Z,60.0,Charge 6
2025-11-12T13:12:53Z,60.0,Charge 6
2025-11-12T13:12:56Z,60.0,Charge 6
2025-11-12T13:12:59Z,60.0,Charge 6
2025-11-12T13:13:02Z,61.0,Charge 6
2025-11-12T13:13:04Z,60.0,Charge 6
2025-11-12T13:13:07Z,60.0,Charge 6
2025-11-12T13:13:10Z,61.0,Charge 6
2025-11-12T13:13:12Z,62.0,Charge 6
2025-11-12T13:13:14Z,63.0,Charge 6
2025-11-12T13:13:16Z,64.0,Charge 6
2025-11-12T13:13:19Z,64.0,Charge 6
2025-11-12T13:13:20Z,63.0,Charge 6
2025-11-12T13:13:23Z,63.0,Charge 6
2025-11-12T13:13:24Z,64.0,Charge 6
2025-11-12T13:13:27Z,63.0,Charge 6
2025-11-12T13:13:29Z,62.0,Charge 6
2025-11-12T13:13:31Z,61.0,Charge 6
2025-11-12T13:13:33Z,60.0,Charge 6
2025-11-12T13:13:35Z,60.0,Charge 6
2025-11-12T13:13:38Z,60.0,Charge 6
2025-11-12T13:13:39Z,61.0,Charge 6
2025-11-12T13:13:41Z,60.0,Charge 6
2025-11-12T13:13:44Z,60.0,Charge 6
2025-11-12T13:13:47Z,60.0,Charge 6
2025-11-12T13:13:49Z,61.0,Charge 6
2025-11-12T13:13:50Z,60.0,Charge 6
2025-11-12T13:13:53Z,60.0,Charge 6
2025-11-12T13:13:54Z,59.0,Charge 6
2025-11-12T13:13:57Z,59.0,Charge 6
2025-11-12T13:14:00Z,60.0,Charge 6
2025-11-12T13:14:02Z,62.0,Charge 6
2025-11-12T13:14:05Z,62.0,Charge 6
2025-11-12T13:14:06Z,63.0,Charge 6
2025-11-12T13:14:08Z,62.0,Charge 6
2025-11-12T13:14:11Z,62.0,Charge 6
2025-11-12T13:14:14Z,62.0,Charge 6
2025-11-12T13:14:15Z,64.0,Charge 6
2025-11-12T13:14:18Z,64.0,Charge 6
2025-11-12T13:14:21Z,64.0,Charge 6
2025-11-12T13:14:24Z,64.0,Charge 6
2025-11-12T13:14:25Z,65.0,Charge 6
2025-11-12T13:14:28Z,65.0,Charge 6
2025-11-12T13:14:29Z,64.0,Charge 6
2025-11-12T13:14:31Z,63.0,Charge 6
2025-11-12T13:14:33Z,62.0,Charge 6
2025-11-12T13:14:35Z,61.0,Charge 6
2025-11-12T13:14:37Z,60.0,Charge 6
2025-11-12T13:14:40Z,59.0,Charge 6
2025-11-12T13:14:43Z,59.0,Charge 6
2025-11-12T13:14:46Z,58.0,Charge 6
2025-11-12T13:14:49Z,58.0,Charge 6
2025-11-12T13:14:50Z,56.0,Charge 6
2025-11-12T13:14:52Z,57.0,Charge 6
2025-11-12T13:14:55Z,57.0,Charge 6
2025-11-12T13:14:58Z,58.0,Charge 6
2025-11-12T13:15:01Z,60.0,Charge 6
2025-11-12T13:15:03Z,61.0,Charge 6
2025-11-12T13:15:05Z,62.0,Charge 6
2025-11-12T13:15:07Z,63.0,Charge 6
2025-11-12T13:15:09Z,62.0,Charge 6
2025-11-12T13:15:11Z,60.0,Charge 6
2025-11-12T13:15:13Z,59.0,Charge 6
2025-11-12T13:15:15Z,58.0,Charge 6
2025-11-12T13:15:17Z,59.0,Charge 6
2025-11-12T13:15:20Z,59.0,Charge 6
2025-11-12T13:15:23Z,60.0,Charge 6
2025-11-12T13:15:26Z,60.0,Charge 6
2025-11-12T13:15:29Z,60.0,Charge 6
2025-11-12T13:15:32Z,60.0,Charge 6
2025-11-12T13:15:35Z,60.0,Charge 6
2025-11-12T13:15:38Z,60.0,Charge 6
2025-11-12T13:15:40Z,59.0,Charge 6
2025-11-12T13:15:42Z,58.0,Charge 6
2025-11-12T13:15:45Z,58.0,Charge 6
2025-11-12T13:15:48Z,59.0,Charge 6
2025-11-12T13:15:51Z,60.0,Charge 6
2025-11-12T13:15:54Z,60.0,Charge 6
2025-11-12T13:15:57Z,60.0,Charge 6
2025-11-12T13:16:00Z,60.0,Charge 6
2025-11-12T13:16:03Z,61.0,Charge 6
2025-11-12T13:16:05Z,62.0,Charge 6
2025-11-12T13:16:08Z,62.0,Charge 6
2025-11-12T13:16:11Z,61.0,Charge 6
2025-11-12T13:16:13Z,60.0,Charge 6
2025-11-12T13:16:14Z,61.0,Charge 6
2025-11-12T13:16:16Z,62.0,Charge 6
2025-11-12T13:16:18Z,63.0,Charge 6
2025-11-12T13:16:20Z,65.0,Charge 6
2025-11-12T13:16:22Z,66.0,Charge 6
2025-11-12T13:16:24Z,67.0,Charge 6
2025-11-12T13:16:27Z,67.0,Charge 6
2025-11-12T13:16:28Z,66.0,Charge 6
2025-11-12T13:16:30Z,64.0,Charge 6
2025-11-12T13:16:32Z,62.0,Charge 6
2025-11-12T13:16:34Z,61.0,Charge 6
2025-11-12T13:16:36Z,60.0,Charge 6
2025-11-12T13:16:37Z,59.0,Charge 6
2025-11-12T13:16:39Z,58.0,Charge 6
2025-11-12T13:16:42Z,58.0,Charge 6
2025-11-12T13:16:43Z,58.0,Charge 6
2025-11-12T13:16:45Z,58.0,Charge 6
2025-11-12T13:16:47Z,60.0,Charge 6
2025-11-12T13:16:49Z,65.0,Charge 6
2025-11-12T13:16:51Z,69.0,Charge 6
2025-11-12T13:16:53Z,70.0,Charge 6
2025-11-12T13:16:55Z,73.0,Charge 6
2025-11-12T13:16:57Z,75.0,Charge 6
2025-11-12T13:16:59Z,77.0,Charge 6
2025-11-12T13:17:01Z,79.0,Charge 6
2025-11-12T13:17:02Z,81.0,Charge 6
2025-11-12T13:17:04Z,83.0,Charge 6
2025-11-12T13:17:06Z,86.0,Charge 6
2025-11-12T13:17:08Z,85.0,Charge 6
2025-11-12T13:17:10Z,83.0,Charge 6
2025-11-12T13:17:12Z,73.0,Charge 6
2025-11-12T13:17:14Z,67.0,Charge 6
2025-11-12T13:17:16Z,64.0,Charge 6
2025-11-12T13:17:18Z,61.0,Charge 6
2025-11-12T13:17:20Z,60.0,Charge 6
2025-11-12T13:17:22Z,59.0,Charge 6
2025-11-12T13:17:24Z,58.0,Charge 6
2025-11-12T13:17:27Z,57.0,Charge 6
2025-11-12T13:17:30Z,57.0,Charge 6
2025-11-12T13:17:33Z,57.0,Charge 6
2025-11-12T13:17:36Z,57.0,Charge 6
2025-11-12T13:17:37Z,56.0,Charge 6
2025-11-12T13:17:39Z,57.0,Charge 6
2025-11-12T13:17:41Z,56.0,Charge 6
2025-11-12T13:17:44Z,56.0,Charge 6
2025-11-12T13:17:47Z,55.0,Charge 6
2025-11-12T13:17:50Z,55.0,Charge 6
2025-11-12T13:17:53Z,55.0,Charge 6
2025-11-12T13:17:56Z,56.0,Charge 6
2025-11-12T13:17:59Z,56.0,Charge 6
2025-11-12T13:18:02Z,56.0,Charge 6
2025-11-12T13:18:05Z,56.0,Charge 6
2025-11-12T13:18:06Z,57.0,Charge 6
2025-11-12T13:18:08Z,58.0,Charge 6
2025-11-12T13:18:11Z,58.0,Charge 6
2025-11-12T13:18:12Z,57.0,Charge 6
2025-11-12T13:18:13Z,56.0,Charge 6
2025-11-12T13:18:16Z,56.0,Charge 6
2025-11-12T13:18:19Z,56.0,Charge 6
2025-11-12T13:18:21Z,55.0,Charge 6
2025-11-12T13:18:24Z,55.0,Charge 6
2025-11-12T13:18:25Z,54.0,Charge 6
2025-11-12T13:18:28Z,54.0,Charge 6
2025-11-12T13:18:31Z,54.0,Charge 6
2025-11-12T13:18:34Z,54.0,Charge 6
2025-11-12T13:18:37Z,53.0,Charge 6
2025-11-12T13:18:38Z,52.0,Charge 6
2025-11-12T13:18:40Z,53.0,Charge 6
2025-11-12T13:18:42Z,53.0,Charge 6
2025-11-12T13:18:44Z,54.0,Charge 6
2025-11-12T13:18:47Z,54.0,Charge 6
2025-11-12T13:18:48Z,55.0,Charge 6
2025-11-12T13:18:50Z,56.0,Charge 6
2025-11-12T13:18:52Z,57.0,Charge 6
2025-11-12T13:18:54Z,58.0,Charge 6
2025-11-12T13:18:56Z,59.0,Charge 6
2025-11-12T13:18:58Z,60.0,Charge 6
2025-11-12T13:19:01Z,59.0,Charge 6
2025-11-12T13:19:04Z,59.0,Charge 6
2025-11-12T13:19:05Z,58.0,Charge 6
2025-11-12T13:19:08Z,58.0,Charge 6
2025-11-12T13:19:11Z,58.0,Charge 6
2025-11-12T13:19:14Z,58.0,Charge 6
2025-11-12T13:19:15Z,59.0,Charge 6
2025-11-12T13:19:17Z,60.0,Charge 6
2025-11-12T13:19:19Z,61.0,Charge 6
2025-11-12T13:19:21Z,63.0,Charge 6
2025-11-12T13:19:23Z,62.0,Charge 6
2025-11-12T13:19:25Z,60.0,Charge 6
2025-11-12T13:19:26Z,59.0,Charge 6
2025-11-12T13:19:28Z,58.0,Charge 6
2025-11-12T13:19:30Z,57.0,Charge 6
2025-11-12T13:19:33Z,57.0,Charge 6
2025-11-12T13:19:34Z,56.0,Charge 6
2025-11-12T13:19:37Z,56.0,Charge 6
2025-11-12T13:19:38Z,56.0,Charge 6
2025-11-12T13:19:41Z,56.0,Charge 6
2025-11-12T13:19:42Z,55.0,Charge 6
2025-11-12T13:19:45Z,55.0,Charge 6
2025-11-12T13:19:48Z,55.0,Charge 6
2025-11-12T13:19:49Z,54.0,Charge 6
2025-11-12T13:19:52Z,54.0,Charge 6
2025-11-12T13:19:53Z,52.0,Charge 6
2025-11-12T13:19:56Z,52.0,Charge 6
2025-11-12T13:19:59Z,52.0,Charge 6
2025-11-12T13:20:02Z,52.0,Charge 6
2025-11-12T13:20:05Z,52.0,Charge 6
2025-11-12T13:20:08Z,52.0,Charge 6
2025-11-12T13:20:11Z,54.0,Charge 6
2025-11-12T13:20:14Z,54.0,Charge 6
2025-11-12T13:20:17Z,54.0,Charge 6
2025-11-12T13:20:20Z,55.0,Charge 6
2025-11-12T13:20:22Z,57.0,Charge 6
2025-11-12T13:20:24Z,58.0,Charge 6
2025-11-12T13:20:27Z,58.0,Charge 6
2025-11-12T13:20:28Z,56.0,Charge 6
2025-11-12T13:20:30Z,55.0,Charge 6
2025-11-12T13:20:33Z,55.0,Charge 6
2025-11-12T13:20:36Z,54.0,Charge 6
2025-11-12T13:20:37Z,55.0,Charge 6
2025-11-12T13:20:39Z,56.0,Charge 6
2025-11-12T13:20:42Z,56.0,Charge 6
2025-11-12T13:20:43Z,56.0,Charge 6
2025-11-12T13:20:46Z,56.0,Charge 6
2025-11-12T13:20:47Z,55.0,Charge 6
2025-11-12T13:20:50Z,55.0,Charge 6
2025-11-12T13:20:51Z,56.0,Charge 6
2025-11-12T13:20:54Z,56.0,Charge 6
2025-11-12T13:20:57Z,55.0,Charge 6
2025-11-12T13:20:59Z,54.0,Charge 6
2025-11-12T13:21:02Z,53.0,Charge 6
2025-11-12T13:21:04Z,52.0,Charge 6
2025-11-12T13:21:06Z,53.0,Charge 6
2025-11-12T13:21:09Z,53.0,Charge 6
2025-11-12T13:21:12Z,53.0,Charge 6
2025-11-12T13:21:14Z,54.0,Charge 6
2025-11-12T13:21:16Z,53.0,Charge 6
2025-11-12T13:21:19Z,53.0,Charge 6
2025-11-12T13:21:22Z,54.0,Charge 6
2025-11-12T13:21:25Z,54.0,Charge 6
2025-11-12T13:21:28Z,54.0,Charge 6
2025-11-12T13:21:31Z,54.0,Charge 6
2025-11-12T13:21:33Z,53.0,Charge 6
2025-11-12T13:21:36Z,53.0,Charge 6
2025-11-12T13:21:39Z,54.0,Charge 6
2025-11-12T13:21:42Z,54.0,Charge 6
2025-11-12T13:21:43Z,55.0,Charge 6
2025-11-12T13:21:45Z,56.0,Charge 6
2025-11-12T13:21:48Z,56.0,Charge 6
2025-11-12T13:21:49Z,56.0,Charge 6
2025-11-12T13:21:52Z,56.0,Charge 6
2025-11-12T13:21:55Z,56.0,Charge 6
2025-11-12T13:21:58Z,56.0,Charge 6
2025-11-12T13:22:01Z,56.0,Charge 6
2025-11-12T13:22:04Z,56.0,Charge 6
2025-11-12T13:22:07Z,56.0,Charge 6
2025-11-12T13:22:10Z,56.0,Charge 6
2025-11-12T13:22:13Z,56.0,Charge 6
2025-11-12T13:22:16Z,56.0,Charge 6
2025-11-12T13:22:19Z,57.0,Charge 6
2025-11-12T13:22:22Z,57.0,Charge 6
2025-11-12T13:22:25Z,56.0,Charge 6
2025-11-12T13:22:28Z,56.0,Charge 6
2025-11-12T13:22:31Z,56.0,Charge 6
2025-11-12T13:22:34Z,56.0,Charge 6
2025-11-12T13:22:36Z,55.0,Charge 6
2025-11-12T13:22:39Z,55.0,Charge 6
2025-11-12T13:22:42Z,55.0,Charge 6
2025-11-12T13:22:44Z,57.0,Charge 6
2025-11-12T13:22:46Z,60.0,Charge 6
2025-11-12T13:22:48Z,64.0,Charge 6
2025-11-12T13:22:50Z,66.0,Charge 6
2025-11-12T13:22:52Z,67.0,Charge 6
2025-11-12T13:22:54Z,65.0,Charge 6
2025-11-12T13:22:56Z,62.0,Charge 6
2025-11-12T13:22:58Z,60.0,Charge 6
2025-11-12T13:23:00Z,59.0,Charge 6
2025-11-12T13:23:01Z,57.0,Charge 6
2025-11-12T13:23:04Z,57.0,Charge 6
2025-11-12T13:23:05Z,56.0,Charge 6
2025-11-12T13:23:07Z,55.0,Charge 6
2025-11-12T13:23:09Z,54.0,Charge 6
2025-11-12T13:23:12Z,54.0,Charge 6
2025-11-12T13:23:15Z,56.0,Charge 6
2025-11-12T13:23:18Z,56.0,Charge 6
2025-11-12T13:23:19Z,55.0,Charge 6
2025-11-12T13:23:21Z,54.0,Charge 6
2025-11-12T13:23:24Z,54.0,Charge 6
2025-11-12T13:23:27Z,54.0,Charge 6
2025-11-12T13:23:28Z,53.0,Charge 6
2025-11-12T13:23:31Z,53.0,Charge 6
2025-11-12T13:23:34Z,53.0,Charge 6
2025-11-12T13:23:37Z,53.0,Charge 6
2025-11-12T13:23:38Z,54.0,Charge 6
2025-11-12T13:23:41Z,54.0,Charge 6
2025-11-12T13:23:44Z,54.0,Charge 6
2025-11-12T13:23:47Z,54.0,Charge 6
2025-11-12T13:23:48Z,55.0,Charge 6
2025-11-12T13:23:51Z,56.0,Charge 6
2025-11-12T13:23:53Z,58.0,Charge 6
2025-11-12T13:23:55Z,59.0,Charge 6
2025-11-12T13:23:57Z,61.0,Charge 6
2025-11-12T13:23:59Z,63.0,Charge 6
2025-11-12T13:24:01Z,62.0,Charge 6
2025-11-12T13:24:03Z,60.0,Charge 6
2025-11-12T13:24:05Z,58.0,Charge 6
2025-11-12T13:24:07Z,57.0,Charge 6
2025-11-12T13:24:10Z,57.0,Charge 6
2025-11-12T13:24:12Z,58.0,Charge 6
2025-11-12T13:24:14Z,57.0,Charge 6
2025-11-12T13:24:17Z,57.0,Charge 6
2025-11-12T13:24:18Z,56.0,Charge 6
2025-11-12T13:24:21Z,56.0,Charge 6
2025-11-12T13:24:24Z,56.0,Charge 6
2025-11-12T13:24:26Z,55.0,Charge 6
2025-11-12T13:24:28Z,54.0,Charge 6
2025-11-12T13:24:31Z,54.0,Charge 6
2025-11-12T13:24:32Z,53.0,Charge 6
2025-11-12T13:24:34Z,52.0,Charge 6
2025-11-12T13:24:37Z,52.0,Charge 6
2025-11-12T13:24:40Z,52.0,Charge 6
2025-11-12T13:24:43Z,52.0,Charge 6
2025-11-12T13:24:46Z,52.0,Charge 6
2025-11-12T13:24:47Z,53.0,Charge 6
2025-11-12T13:24:49Z,54.0,Charge 6
2025-11-12T13:24:51Z,55.0,Charge 6
2025-11-12T13:24:53Z,58.0,Charge 6
2025-11-12T13:24:55Z,64.0,Charge 6
2025-11-12T13:24:57Z,70.0,Charge 6
2025-11-12T13:24:59Z,72.0,Charge 6
2025-11-12T13:25:00Z,73.0,Charge 6
2025-11-12T13:25:02Z,74.0,Charge 6
2025-11-12T13:25:04Z,77.0,Charge 6
2025-11-12T13:25:06Z,78.0,Charge 6
2025-11-12T13:25:09Z,78.0,Charge 6
2025-11-12T13:25:10Z,77.0,Charge 6
2025-11-12T13:25:12Z,75.0,Charge 6
2025-11-12T13:25:14Z,72.0,Charge 6
2025-11-12T13:25:16Z,69.0,Charge 6
2025-11-12T13:25:18Z,65.0,Charge 6
2025-11-12T13:25:20Z,63.0,Charge 6
2025-11-12T13:25:22Z,61.0,Charge 6
2025-11-12T13:25:24Z,60.0,Charge 6
2025-11-12T13:25:25Z,58.0,Charge 6
2025-11-12T13:25:27Z,56.0,Charge 6
2025-11-12T13:25:29Z,55.0,Charge 6
2025-11-12T13:25:31Z,55.0,Charge 6
2025-11-12T13:25:33Z,54.0,Charge 6
2025-11-12T13:25:35Z,55.0,Charge 6
2025-11-12T13:25:37Z,56.0,Charge 6
2025-11-12T13:25:40Z,56.0,Charge 6
2025-11-12T13:25:43Z,55.0,Charge 6
2025-11-12T13:25:45Z,54.0,Charge 6
2025-11-12T13:25:48Z,54.0,Charge 6
2025-11-12T13:25:50Z,53.0,Charge 6
2025-11-12T13:25:52Z,52.0,Charge 6
2025-11-12T13:25:55Z,52.0,Charge 6
2025-11-12T13:25:56Z,52.0,Charge 6
2025-11-12T13:25:59Z,52.0,Charge 6
2025-11-12T13:26:02Z,52.0,Charge 6
2025-11-12T13:26:05Z,52.0,Charge 6
2025-11-12T13:26:08Z,52.0,Charge 6
2025-11-12T13:26:10Z,53.0,Charge 6
2025-11-12T13:26:12Z,54.0,Charge 6
2025-11-12T13:26:15Z,54.0,Charge 6
2025-11-12T13:26:17Z,56.0,Charge 6
2025-11-12T13:26:20Z,56.0,Charge 6
2025-11-12T13:26:23Z,55.0,Charge 6
2025-11-12T13:26:25Z,54.0,Charge 6
2025-11-12T13:26:28Z,54.0,Charge 6
2025-11-12T13:26:31Z,54.0,Charge 6
2025-11-12T13:26:34Z,54.0,Charge 6
2025-11-12T13:26:37Z,54.0,Charge 6
2025-11-12T13:26:38Z,57.0,Charge 6
2025-11-12T13:26:40Z,60.0,Charge 6
2025-11-12T13:26:42Z,63.0,Charge 6
2025-11-12T13:26:44Z,65.0,Charge 6
2025-11-12T13:26:46Z,66.0,Charge 6
2025-11-12T13:26:48Z,68.0,Charge 6
2025-11-12T13:26:50Z,69.0,Charge 6
2025-11-12T13:26:52Z,70.0,Charge 6
2025-11-12T13:26:54Z,71.0,Charge 6
2025-11-12T13:26:56Z,70.0,Charge 6
2025-11-12T13:26:58Z,68.0,Charge 6
2025-11-12T13:27:00Z,67.0,Charge 6
2025-11-12T13:27:01Z,64.0,Charge 6
2025-11-12T13:27:03Z,61.0,Charge 6
2025-11-12T13:27:05Z,60.0,Charge 6
2025-11-12T13:27:07Z,59.0,Charge 6
2025-11-12T13:27:09Z,56.0,Charge 6
2025-11-12T13:27:11Z,55.0,Charge 6
2025-11-12T13:27:13Z,54.0,Charge 6
2025-11-12T13:27:15Z,53.0,Charge 6
2025-11-12T13:27:17Z,54.0,Charge 6
2025-11-12T13:27:20Z,54.0,Charge 6
2025-11-12T13:27:23Z,54.0,Charge 6
2025-11-12T13:27:26Z,54.0,Charge 6
2025-11-12T13:27:29Z,54.0,Charge 6
2025-11-12T13:27:30Z,55.0,Charge 6
2025-11-12T13:27:32Z,56.0,Charge 6
2025-11-12T13:27:35Z,56.0,Charge 6
2025-11-12T13:27:38Z,58.0,Charge 6
2025-11-12T13:27:40Z,59.0,Charge 6
2025-11-12T13:27:42Z,63.0,Charge 6
2025-11-12T13:27:44Z,67.0,Charge 6
2025-11-12T13:27:46Z,65.0,Charge 6
2025-11-12T13:27:48Z,60.0,Charge 6
2025-11-12T13:27:49Z,57.0,Charge 6
2025-11-12T13:27:51Z,56.0,Charge 6
2025-11-12T13:27:53Z,55.0,Charge 6
2025-11-12T13:27:56Z,55.0,Charge 6
2025-11-12T13:27:57Z,55.0,Charge 6
2025-11-12T13:28:00Z,55.0,Charge 6
2025-11-12T13:28:01Z,54.0,Charge 6
2025-11-12T13:28:04Z,54.0,Charge 6
2025-11-12T13:28:07Z,54.0,Charge 6
2025-11-12T13:28:10Z,54.0,Charge 6
2025-11-12T13:28:12Z,53.0,Charge 6
2025-11-12T13:28:15Z,53.0,Charge 6
2025-11-12T13:28:18Z,53.0,Charge 6
2025-11-12T13:28:20Z,54.0,Charge 6
2025-11-12T13:28:23Z,54.0,Charge 6
2025-11-12T13:28:26Z,55.0,Charge 6
2025-11-12T13:28:28Z,56.0,Charge 6
2025-11-12T13:28:31Z,56.0,Charge 6
2025-11-12T13:28:32Z,57.0,Charge 6
2025-11-12T13:28:35Z,57.0,Charge 6
2025-11-12T13:28:38Z,57.0,Charge 6
2025-11-12T13:28:39Z,56.0,Charge 6
2025-11-12T13:28:41Z,57.0,Charge 6
2025-11-12T13:28:43Z,56.0,Charge 6
2025-11-12T13:28:46Z,56.0,Charge 6
2025-11-12T13:28:47Z,57.0,Charge 6
2025-11-12T13:28:49Z,58.0,Charge 6
2025-11-12T13:28:51Z,57.0,Charge 6
2025-11-12T13:28:53Z,56.0,Charge 6
2025-11-12T13:28:56Z,56.0,Charge 6
2025-11-12T13:28:57Z,55.0,Charge 6
2025-11-12T13:28:59Z,55.0,Charge 6
2025-11-12T13:29:02Z,55.0,Charge 6
2025-11-12T13:29:04Z,56.0,Charge 6
2025-11-12T13:29:06Z,55.0,Charge 6
2025-11-12T13:29:09Z,55.0,Charge 6
2025-11-12T13:29:12Z,55.0,Charge 6
2025-11-12T13:29:14Z,54.0,Charge 6
2025-11-12T13:29:17Z,54.0,Charge 6
2025-11-12T13:29:18Z,55.0,Charge 6
2025-11-12T13:29:20Z,56.0,Charge 6
2025-11-12T13:29:23Z,56.0,Charge 6
2025-11-12T13:29:25Z,57.0,Charge 6
2025-11-12T13:29:27Z,56.0,Charge 6
2025-11-12T13:29:30Z,56.0,Charge 6
2025-11-12T13:29:33Z,56.0,Charge 6
2025-11-12T13:29:36Z,56.0,Charge 6
2025-11-12T13:29:37Z,57.0,Charge 6
2025-11-12T13:29:40Z,57.0,Charge 6
2025-11-12T13:29:43Z,57.0,Charge 6
2025-11-12T13:29:45Z,58.0,Charge 6
2025-11-12T13:29:48Z,59.0,Charge 6
2025-11-12T13:29:50Z,58.0,Charge 6
2025-11-12T13:29:52Z,59.0,Charge 6
2025-11-12T13:29:55Z,59.0,Charge 6
2025-11-12T13:29:56Z,58.0,Charge 6
2025-11-12T13:29:59Z,58.0,Charge 6
2025-11-12T13:30:00Z,57.0,Charge 6
2025-11-12T13:30:02Z,56.0,Charge 6
2025-11-12T13:30:05Z,56.0,Charge 6
2025-11-12T13:30:08Z,57.0,Charge 6
2025-11-12T13:30:11Z,57.0,Charge 6
2025-11-12T13:30:13Z,58.0,Charge 6
2025-11-12T13:30:16Z,58.0,Charge 6
2025-11-12T13:30:19Z,58.0,Charge 6
2025-11-12T13:30:22Z,58.0,Charge 6
2025-11-12T13:30:25Z,57.0,Charge 6
2025-11-12T13:30:27Z,56.0,Charge 6
2025-11-12T13:30:30Z,56.0,Charge 6
2025-11-12T13:30:31Z,57.0,Charge 6
2025-11-12T13:30:33Z,58.0,Charge 6
2025-11-12T13:30:35Z,57.0,Charge 6
2025-11-12T13:30:36Z,56.0,Charge 6
2025-11-12T13:30:39Z,56.0,Charge 6
2025-11-12T13:30:42Z,56.0,Charge 6
2025-11-12T13:30:44Z,55.0,Charge 6
2025-11-12T13:30:46Z,54.0,Charge 6
2025-11-12T13:30:49Z,54.0,Charge 6
2025-11-12T13:30:52Z,54.0,Charge 6
2025-11-12T13:30:55Z,54.0,Charge 6
2025-11-12T13:30:56Z,53.0,Charge 6
2025-11-12T13:30:59Z,53.0,Charge 6
2025-11-12T13:31:01Z,52.0,Charge 6
2025-11-12T13:31:04Z,52.0,Charge 6
2025-11-12T13:31:07Z,54.0,Charge 6
2025-11-12T13:31:09Z,55.0,Charge 6
2025-11-12T13:31:11Z,56.0,Charge 6
2025-11-12T13:31:14Z,56.0,Charge 6
2025-11-12T13:31:17Z,56.0,Charge 6
2025-11-12T13:31:20Z,56.0,Charge 6
2025-11-12T13:31:23Z,56.0,Charge 6
2025-11-12T13:31:26Z,55.0,Charge 6
2025-11-12T13:31:29Z,55.0,Charge 6
2025-11-12T13:31:30Z,54.0,Charge 6
2025-11-12T13:31:32Z,55.0,Charge 6
2025-11-12T13:31:35Z,55.0,Charge 6
2025-11-12T13:31:36Z,54.0,Charge 6
2025-11-12T13:31:39Z,54.0,Charge 6
2025-11-12T13:31:42Z,54.0,Charge 6
2025-11-12T13:31:45Z,54.0,Charge 6
2025-11-12T13:31:46Z,56.0,Charge 6
2025-11-12T13:31:48Z,57.0,Charge 6
2025-11-12T13:31:49Z,58.0,Charge 6
2025-11-12T13:31:51Z,57.0,Charge 6
2025-11-12T13:31:53Z,56.0,Charge 6
2025-11-12T13:31:56Z,56.0,Charge 6
2025-11-12T13:31:59Z,56.0,Charge 6
2025-11-12T13:32:02Z,56.0,Charge 6
2025-11-12T13:32:05Z,56.0,Charge 6
2025-11-12T13:32:07Z,54.0,Charge 6
2025-11-12T13:32:10Z,54.0,Charge 6
2025-11-12T13:32:13Z,54.0,Charge 6
2025-11-12T13:32:14Z,54.0,Charge 6
2025-11-12T13:32:17Z,54.0,Charge 6
2025-11-12T13:32:20Z,54.0,Charge 6
2025-11-12T13:32:23Z,54.0,Charge 6
2025-11-12T13:32:26Z,54.0,Charge 6
2025-11-12T13:32:29Z,54.0,Charge 6
2025-11-12T13:32:32Z,54.0,Charge 6
2025-11-12T13:32:34Z,55.0,Charge 6
2025-11-12T13:32:37Z,55.0,Charge 6
2025-11-12T13:32:39Z,56.0,Charge 6
2025-11-12T13:32:42Z,56.0,Charge 6
2025-11-12T13:32:45Z,57.0,Charge 6
2025-11-12T13:32:47Z,58.0,Charge 6
2025-11-12T13:32:50Z,58.0,Charge 6
2025-11-12T13:32:51Z,57.0,Charge 6
2025-11-12T13:32:53Z,56.0,Charge 6
2025-11-12T13:32:55Z,55.0,Charge 6
2025-11-12T13:32:58Z,55.0,Charge 6
2025-11-12T13:33:01Z,55.0,Charge 6
2025-11-12T13:33:04Z,55.0,Charge 6
2025-11-12T13:33:07Z,55.0,Charge 6
2025-11-12T13:33:10Z,54.0,Charge 6
2025-11-12T13:33:13Z,54.0,Charge 6
2025-11-12T13:33:16Z,54.0,Charge 6
2025-11-12T13:33:19Z,54.0,Charge 6
2025-11-12T13:33:22Z,54.0,Charge 6
2025-11-12T13:33:25Z,54.0,Charge 6
2025-11-12T13:33:27Z,54.0,Charge 6
2025-11-12T13:33:30Z,54.0,Charge 6
2025-11-12T13:33:33Z,54.0,Charge 6
2025-11-12T13:33:35Z,55.0,Charge 6
2025-11-12T13:33:38Z,55.0,Charge 6
2025-11-12T13:33:39Z,54.0,Charge 6
2025-11-12T13:33:42Z,54.0,Charge 6
2025-11-12T13:33:45Z,54.0,Charge 6
2025-11-12T13:33:48Z,54.0,Charge 6
2025-11-12T13:33:50Z,55.0,Charge 6
2025-11-12T13:33:52Z,56.0,Charge 6
2025-11-12T13:33:55Z,56.0,Charge 6
2025-11-12T13:33:58Z,56.0,Charge 6
2025-11-12T13:34:01Z,56.0,Charge 6
2025-11-12T13:34:04Z,56.0,Charge 6
2025-11-12T13:34:07Z,56.0,Charge 6
2025-11-12T13:34:10Z,56.0,Charge 6
2025-11-12T13:34:12Z,55.0,Charge 6
2025-11-12T13:34:15Z,56.0,Charge 6
2025-11-12T13:34:17Z,55.0,Charge 6
2025-11-12T13:34:20Z,55.0,Charge 6
2025-11-12T13:34:21Z,56.0,Charge 6
2025-11-12T13:34:24Z,56.0,Charge 6
2025-11-12T13:34:27Z,55.0,Charge 6
2025-11-12T13:34:29Z,54.0,Charge 6
2025-11-12T13:34:32Z,54.0,Charge 6
2025-11-12T13:34:33Z,55.0,Charge 6
2025-11-12T13:34:35Z,55.0,Charge 6
2025-11-12T13:34:36Z,56.0,Charge 6
2025-11-12T13:34:39Z,56.0,Charge 6
2025-11-12T13:34:42Z,56.0,Charge 6
2025-11-12T13:34:45Z,56.0,Charge 6
2025-11-12T13:34:46Z,55.0,Charge 6
2025-11-12T13:34:49Z,55.0,Charge 6
2025-11-12T13:34:52Z,55.0,Charge 6
2025-11-12T13:34:54Z,56.0,Charge 6
2025-11-12T13:34:57Z,56.0,Charge 6
2025-11-12T13:35:00Z,56.0,Charge 6
2025-11-12T13:35:03Z,56.0,Charge 6
2025-11-12T13:35:06Z,56.0,Charge 6
2025-11-12T13:35:07Z,58.0,Charge 6
2025-11-12T13:35:09Z,57.0,Charge 6
2025-11-12T13:35:11Z,56.0,Charge 6
2025-11-12T13:35:14Z,56.0,Charge 6
2025-11-12T13:35:17Z,56.0,Charge 6
2025-11-12T13:35:20Z,56.0,Charge 6
2025-11-12T13:35:23Z,56.0,Charge 6
2025-11-12T13:35:26Z,56.0,Charge 6
2025-11-12T13:35:29Z,56.0,Charge 6
2025-11-12T13:35:32Z,56.0,Charge 6
2025-11-12T13:35:35Z,56.0,Charge 6
2025-11-12T13:35:36Z,55.0,Charge 6
2025-11-12T13:35:39Z,55.0,Charge 6
2025-11-12T13:35:42Z,54.0,Charge 6
2025-11-12T13:35:44Z,55.0,Charge 6
2025-11-12T13:35:46Z,56.0,Charge 6
2025-11-12T13:35:48Z,55.0,Charge 6
2025-11-12T13:35:49Z,54.0,Charge 6
2025-11-12T13:35:52Z,54.0,Charge 6
2025-11-12T13:35:55Z,54.0,Charge 6
2025-11-12T13:35:58Z,54.0,Charge 6
2025-11-12T13:36:01Z,54.0,Charge 6
2025-11-12T13:36:04Z,54.0,Charge 6
2025-11-12T13:36:07Z,54.0,Charge 6
2025-11-12T13:36:10Z,54.0,Charge 6
2025-11-12T13:36:12Z,55.0,Charge 6
2025-11-12T13:36:15Z,55.0,Charge 6
2025-11-12T13:36:18Z,55.0,Charge 6
2025-11-12T13:36:21Z,55.0,Charge 6
2025-11-12T13:36:24Z,54.0,Charge 6
2025-11-12T13:36:26Z,55.0,Charge 6
2025-11-12T13:36:28Z,56.0,Charge 6
2025-11-12T13:36:31Z,56.0,Charge 6
2025-11-12T13:36:32Z,55.0,Charge 6
2025-11-12T13:36:34Z,54.0,Charge 6
2025-11-12T13:36:37Z,54.0,Charge 6
2025-11-12T13:36:40Z,54.0,Charge 6
2025-11-12T13:36:43Z,54.0,Charge 6
2025-11-12T13:36:46Z,54.0,Charge 6
2025-11-12T13:36:47Z,55.0,Charge 6
2025-11-12T13:36:49Z,56.0,Charge 6
2025-11-12T13:36:51Z,56.0,Charge 6
2025-11-12T13:36:53Z,55.0,Charge 6
2025-11-12T13:36:55Z,54.0,Charge 6
2025-11-12T13:36:58Z,54.0,Charge 6
2025-11-12T13:37:01Z,54.0,Charge 6
2025-11-12T13:37:04Z,54.0,Charge 6
2025-11-12T13:37:07Z,54.0,Charge 6
2025-11-12T13:37:10Z,54.0,Charge 6
2025-11-12T13:37:11Z,55.0,Charge 6
2025-11-12T13:37:13Z,56.0,Charge 6
2025-11-12T13:37:16Z,56.0,Charge 6
2025-11-12T13:37:19Z,56.0,Charge 6
2025-11-12T13:37:21Z,55.0,Charge 6
2025-11-12T13:37:24Z,55.0,Charge 6
2025-11-12T13:37:26Z,56.0,Charge 6
2025-11-12T13:37:29Z,56.0,Charge 6
2025-11-12T13:37:32Z,56.0,Charge 6
2025-11-12T13:37:35Z,56.0,Charge 6
2025-11-12T13:37:36Z,55.0,Charge 6
2025-11-12T13:37:38Z,54.0,Charge 6
2025-11-12T13:37:41Z,54.0,Charge 6
2025-11-12T13:37:44Z,54.0,Charge 6
2025-11-12T13:37:46Z,55.0,Charge 6
2025-11-12T13:37:49Z,54.0,Charge 6
2025-11-12T13:37:52Z,54.0,Charge 6
2025-11-12T13:37:53Z,55.0,Charge 6
2025-11-12T13:37:56Z,55.0,Charge 6
2025-11-12T13:37:57Z,54.0,Charge 6
2025-11-12T13:38:00Z,54.0,Charge 6
2025-11-12T13:38:03Z,54.0,Charge 6
2025-11-12T13:38:05Z,53.0,Charge 6
2025-11-12T13:38:08Z,53.0,Charge 6
2025-11-12T13:38:09Z,54.0,Charge 6
2025-11-12T13:38:12Z,54.0,Charge 6
2025-11-12T13:38:15Z,54.0,Charge 6
2025-11-12T13:38:18Z,54.0,Charge 6
2025-11-12T13:38:20Z,55.0,Charge 6
2025-11-12T13:38:22Z,56.0,Charge 6
2025-11-12T13:38:25Z,56.0,Charge 6
2025-11-12T13:38:28Z,56.0,Charge 6
2025-11-12T13:38:31Z,56.0,Charge 6
2025-11-12T13:38:34Z,56.0,Charge 6
2025-11-12T13:38:37Z,56.0,Charge 6
2025-11-12T13:38:40Z,56.0,Charge 6
2025-11-12T13:38:43Z,55.0,Charge 6
2025-11-12T13:38:46Z,55.0,Charge 6
2025-11-12T13:38:47Z,56.0,Charge 6
2025-11-12T13:38:50Z,56.0,Charge 6
2025-11-12T13:38:53Z,56.0,Charge 6
2025-11-12T13:38:55Z,55.0,Charge 6
2025-11-12T13:38:57Z,54.0,Charge 6
2025-11-12T13:39:00Z,54.0,Charge 6
2025-11-12T13:39:03Z,54.0,Charge 6
2025-11-12T13:39:06Z,55.0,Charge 6
2025-11-12T13:39:08Z,56.0,Charge 6
2025-11-12T13:39:10Z,55.0,Charge 6
2025-11-12T13:39:13Z,55.0,Charge 6
2025-11-12T13:39:14Z,54.0,Charge 6
2025-11-12T13:39:17Z,54.0,Charge 6
2025-11-12T13:39:20Z,54.0,Charge 6
2025-11-12T13:39:23Z,54.0,Charge 6
2025-11-12T13:39:26Z,54.0,Charge 6
2025-11-12T13:39:27Z,55.0,Charge 6
2025-11-12T13:39:29Z,56.0,Charge 6
2025-11-12T13:39:32Z,56.0,Charge 6
2025-11-12T13:39:35Z,56.0,Charge 6
2025-11-12T13:39:38Z,56.0,Charge 6
2025-11-12T13:39:41Z,56.0,Charge 6
2025-11-12T13:39:44Z,56.0,Charge 6
2025-11-12T13:39:47Z,56.0,Charge 6
2025-11-12T13:39:48Z,55.0,Charge 6
2025-11-12T13:39:51Z,55.0,Charge 6
2025-11-12T13:39:54Z,55.0,Charge 6
2025-11-12T13:39:56Z,56.0,Charge 6
2025-11-12T13:39:59Z,56.0,Charge 6
2025-11-12T13:40:02Z,56.0,Charge 6
2025-11-12T13:40:04Z,58.0,Charge 6
2025-11-12T13:40:06Z,70.0,Charge 6
2025-11-12T13:40:08Z,81.0,Charge 6
2025-11-12T13:40:10Z,86.0,Charge 6
2025-11-12T13:40:11Z,90.0,Charge 6
2025-11-12T13:40:13Z,92.0,Charge 6
2025-11-12T13:40:15Z,89.0,Charge 6
2025-11-12T13:40:17Z,84.0,Charge 6
2025-11-12T13:40:19Z,83.0,Charge 6
2025-11-12T13:40:21Z,73.0,Charge 6
2025-11-12T13:40:23Z,60.0,Charge 6
2025-11-12T13:40:26Z,60.0,Charge 6
2025-11-12T13:40:27Z,55.0,Charge 6
2025-11-12T13:40:29Z,56.0,Charge 6
2025-11-12T13:40:31Z,55.0,Charge 6
2025-11-12T13:40:33Z,54.0,Charge 6
2025-11-12T13:40:35Z,56.0,Charge 6
2025-11-12T13:40:36Z,59.0,Charge 6
2025-11-12T13:40:38Z,62.0,Charge 6
2025-11-12T13:40:40Z,61.0,Charge 6
2025-11-12T13:40:42Z,65.0,Charge 6
2025-11-12T13:40:44Z,64.0,Charge 6
2025-11-12T13:40:46Z,63.0,Charge 6
2025-11-12T13:40:48Z,60.0,Charge 6
2025-11-12T13:40:50Z,57.0,Charge 6
2025-11-12T13:40:52Z,55.0,Charge 6
2025-11-12T13:40:55Z,55.0,Charge 6
2025-11-12T13:40:58Z,56.0,Charge 6
2025-11-12T13:40:59Z,56.0,Charge 6
2025-11-12T13:41:01Z,55.0,Charge 6
2025-11-12T13:41:03Z,54.0,Charge 6
2025-11-12T13:41:06Z,54.0,Charge 6
2025-11-12T13:41:09Z,54.0,Charge 6
2025-11-12T13:41:12Z,54.0,Charge 6
2025-11-12T13:41:15Z,54.0,Charge 6
2025-11-12T13:41:18Z,54.0,Charge 6
2025-11-12T13:41:21Z,54.0,Charge 6
2025-11-12T13:41:24Z,54.0,Charge 6
2025-11-12T13:41:27Z,54.0,Charge 6
2025-11-12T13:41:28Z,55.0,Charge 6
2025-11-12T13:41:31Z,55.0,Charge 6
2025-11-12T13:41:34Z,55.0,Charge 6
2025-11-12T13:41:37Z,55.0,Charge 6
2025-11-12T13:41:40Z,55.0,Charge 6
2025-11-12T13:41:43Z,55.0,Charge 6
2025-11-12T13:41:46Z,55.0,Charge 6
2025-11-12T13:41:47Z,56.0,Charge 6
2025-11-12T13:41:50Z,56.0,Charge 6
2025-11-12T13:41:53Z,56.0,Charge 6
2025-11-12T13:41:56Z,56.0,Charge 6
2025-11-12T13:41:59Z,56.0,Charge 6
2025-11-12T13:42:02Z,56.0,Charge 6
2025-11-12T13:42:03Z,57.0,Charge 6
2025-11-12T13:42:06Z,57.0,Charge 6
2025-11-12T13:42:09Z,57.0,Charge 6
2025-11-12T13:42:11Z,56.0,Charge 6
2025-11-12T13:42:14Z,56.0,Charge 6
2025-11-12T13:42:17Z,56.0,Charge 6
2025-11-12T13:42:20Z,56.0,Charge 6
2025-11-12T13:42:22Z,57.0,Charge 6
2025-11-12T13:42:24Z,58.0,Charge 6
2025-11-12T13:42:26Z,59.0,Charge 6
2025-11-12T13:42:28Z,60.0,Charge 6
2025-11-12T13:42:30Z,59.0,Charge 6
2025-11-12T13:42:32Z,57.0,Charge 6
2025-11-12T13:42:34Z,56.0,Charge 6
2025-11-12T13:42:37Z,57.0,Charge 6
2025-11-12T13:42:40Z,57.0,Charge 6
2025-11-12T13:42:41Z,56.0,Charge 6
2025-11-12T13:42:43Z,54.0,Charge 6
2025-11-12T13:42:45Z,55.0,Charge 6
2025-11-12T13:42:47Z,54.0,Charge 6
2025-11-12T13:42:49Z,55.0,Charge 6
2025-11-12T13:42:52Z,55.0,Charge 6
2025-11-12T13:42:55Z,55.0,Charge 6
2025-11-12T13:42:58Z,55.0,Charge 6
2025-11-12T13:42:59Z,56.0,Charge 6
2025-11-12T13:43:00Z,58.0,Charge 6
2025-11-12T13:43:02Z,57.0,Charge 6
2025-11-12T13:43:05Z,57.0,Charge 6
2025-11-12T13:43:06Z,56.0,Charge 6
2025-11-12T13:43:09Z,56.0,Charge 6
2025-11-12T13:43:10Z,56.0,Charge 6
2025-11-12T13:43:12Z,55.0,Charge 6
2025-11-12T13:43:14Z,56.0,Charge 6
2025-11-12T13:43:17Z,56.0,Charge 6
2025-11-12T13:43:18Z,55.0,Charge 6
2025-11-12T13:43:20Z,54.0,Charge 6
2025-11-12T13:43:23Z,54.0,Charge 6
2025-11-12T13:43:26Z,54.0,Charge 6
2025-11-12T13:43:29Z,54.0,Charge 6
2025-11-12T13:43:32Z,54.0,Charge 6
2025-11-12T13:43:35Z,54.0,Charge 6
2025-11-12T13:43:37Z,55.0,Charge 6
2025-11-12T13:43:39Z,56.0,Charge 6
2025-11-12T13:43:42Z,56.0,Charge 6
2025-11-12T13:43:43Z,55.0,Charge 6
2025-11-12T13:43:46Z,55.0,Charge 6
2025-11-12T13:43:49Z,55.0,Charge 6
2025-11-12T13:43:52Z,56.0,Charge 6
2025-11-12T13:43:55Z,56.0,Charge 6
2025-11-12T13:43:58Z,58.0,Charge 6
2025-11-12T13:44:01Z,58.0,Charge 6
2025-11-12T13:44:02Z,57.0,Charge 6
2025-11-12T13:44:04Z,55.0,Charge 6
2025-11-12T13:44:07Z,55.0,Charge 6
2025-11-12T13:44:10Z,54.0,Charge 6
2025-11-12T13:44:13Z,55.0,Charge 6
2025-11-12T13:44:15Z,54.0,Charge 6
2025-11-12T13:44:17Z,54.0,Charge 6
2025-11-12T13:44:20Z,54.0,Charge 6
2025-11-12T13:44:21Z,55.0,Charge 6
2025-11-12T13:44:24Z,55.0,Charge 6
2025-11-12T13:44:25Z,54.0,Charge 6
2025-11-12T13:44:28Z,54.0,Charge 6
2025-11-12T13:44:31Z,54.0,Charge 6
2025-11-12T13:44:34Z,54.0,Charge 6
2025-11-12T13:44:37Z,54.0,Charge 6
2025-11-12T13:44:40Z,55.0,Charge 6
2025-11-12T13:44:43Z,55.0,Charge 6
2025-11-12T13:44:46Z,55.0,Charge 6
2025-11-12T13:44:49Z,55.0,Charge 6
2025-11-12T13:44:50Z,54.0,Charge 6
2025-11-12T13:44:53Z,54.0,Charge 6
2025-11-12T13:44:56Z,54.0,Charge 6
2025-11-12T13:44:59Z,54.0,Charge 6
2025-11-12T13:45:02Z,54.0,Charge 6
2025-11-12T13:45:05Z,55.0,Charge 6
2025-11-12T13:45:07Z,56.0,Charge 6
2025-11-12T13:45:10Z,56.0,Charge 6
2025-11-12T13:45:11Z,55.0,Charge 6
2025-11-12T13:45:13Z,56.0,Charge 6
2025-11-12T13:45:16Z,56.0,Charge 6
2025-11-12T13:45:19Z,56.0,Charge 6
2025-11-12T13:45:22Z,56.0,Charge 6
2025-11-12T13:45:25Z,56.0,Charge 6
2025-11-12T13:45:26Z,56.0,Charge 6
2025-11-12T13:45:29Z,56.0,Charge 6
2025-11-12T13:45:32Z,56.0,Charge 6
2025-11-12T13:45:34Z,55.0,Charge 6
2025-11-12T13:45:36Z,56.0,Charge 6
2025-11-12T13:45:38Z,57.0,Charge 6
2025-11-12T13:45:41Z,57.0,Charge 6
2025-11-12T13:45:42Z,56.0,Charge 6
2025-11-12T13:45:45Z,56.0,Charge 6
2025-11-12T13:45:46Z,55.0,Charge 6
2025-11-12T13:45:47Z,56.0,Charge 6
2025-11-12T13:45:50Z,56.0,Charge 6
2025-11-12T13:45:53Z,56.0,Charge 6
2025-11-12T13:45:55Z,57.0,Charge 6
2025-11-12T13:45:58Z,57.0,Charge 6
2025-11-12T13:45:59Z,56.0,Charge 6
2025-11-12T13:46:01Z,55.0,Charge 6
2025-11-12T13:46:04Z,55.0,Charge 6
2025-11-12T13:46:07Z,54.0,Charge 6
2025-11-12T13:46:09Z,55.0,Charge 6
2025-11-12T13:46:11Z,56.0,Charge 6
2025-11-12T13:46:14Z,56.0,Charge 6
2025-11-12T13:46:17Z,56.0,Charge 6
2025-11-12T13:46:20Z,56.0,Charge 6
2025-11-12T13:46:22Z,58.0,Charge 6
2025-11-12T13:46:24Z,59.0,Charge 6
2025-11-12T13:46:26Z,60.0,Charge 6
2025-11-12T13:46:28Z,58.0,Charge 6
2025-11-12T13:46:30Z,56.0,Charge 6
2025-11-12T13:46:32Z,55.0,Charge 6
2025-11-12T13:46:34Z,54.0,Charge 6
2025-11-12T13:46:37Z,54.0,Charge 6
2025-11-12T13:46:40Z,54.0,Charge 6
2025-11-12T13:46:43Z,55.0,Charge 6
2025-11-12T13:46:46Z,55.0,Charge 6
2025-11-12T13:46:47Z,56.0,Charge 6
2025-11-12T13:46:50Z,56.0,Charge 6
2025-11-12T13:46:51Z,55.0,Charge 6
2025-11-12T13:46:53Z,54.0,Charge 6
2025-11-12T13:46:56Z,54.0,Charge 6
2025-11-12T13:46:59Z,54.0,Charge 6
2025-11-12T13:47:02Z,54.0,Charge 6
2025-11-12T13:47:04Z,53.0,Charge 6
2025-11-12T13:47:07Z,53.0,Charge 6
2025-11-12T13:47:10Z,53.0,Charge 6
2025-11-12T13:47:12Z,54.0,Charge 6
2025-11-12T13:47:15Z,54.0,Charge 6
2025-11-12T13:47:16Z,55.0,Charge 6
2025-11-12T13:47:19Z,55.0,Charge 6
2025-11-12T13:47:22Z,55.0,Charge 6
2025-11-12T13:47:23Z,54.0,Charge 6
2025-11-12T13:47:26Z,54.0,Charge 6
2025-11-12T13:47:27Z,55.0,Charge 6
2025-11-12T13:47:29Z,54.0,Charge 6
2025-11-12T13:47:31Z,54.0,Charge 6
2025-11-12T13:47:33Z,55.0,Charge 6
2025-11-12T13:47:35Z,56.0,Charge 6
2025-11-12T13:47:38Z,56.0,Charge 6
2025-11-12T13:47:41Z,55.0,Charge 6
2025-11-12T13:47:43Z,54.0,Charge 6
2025-11-12T13:47:45Z,55.0,Charge 6
2025-11-12T13:47:47Z,54.0,Charge 6
2025-11-12T13:47:48Z,55.0,Charge 6
2025-11-12T13:47:51Z,55.0,Charge 6
2025-11-12T13:47:52Z,56.0,Charge 6
2025-11-12T13:47:55Z,56.0,Charge 6
2025-11-12T13:47:58Z,56.0,Charge 6
2025-11-12T13:48:01Z,56.0,Charge 6
2025-11-12T13:48:04Z,56.0,Charge 6
2025-11-12T13:48:06Z,55.0,Charge 6
2025-11-12T13:48:08Z,54.0,Charge 6
2025-11-12T13:48:11Z,54.0,Charge 6
2025-11-12T13:48:14Z,54.0,Charge 6
2025-11-12T13:48:17Z,54.0,Charge 6
2025-11-12T13:48:19Z,55.0,Charge 6
2025-11-12T13:48:22Z,55.0,Charge 6
2025-11-12T13:48:25Z,56.0,Charge 6
2025-11-12T13:48:28Z,56.0,Charge 6
2025-11-12T13:48:31Z,56.0,Charge 6
2025-11-12T13:48:34Z,56.0,Charge 6
2025-11-12T13:48:37Z,56.0,Charge 6
2025-11-12T13:48:38Z,56.0,Charge 6
2025-11-12T13:48:41Z,56.0,Charge 6
2025-11-12T13:48:44Z,56.0,Charge 6
2025-11-12T13:48:47Z,56.0,Charge 6
2025-11-12T13:48:50Z,56.0,Charge 6
2025-11-12T13:48:53Z,56.0,Charge 6
2025-11-12T13:48:56Z,55.0,Charge 6
2025-11-12T13:48:59Z,55.0,Charge 6
2025-11-12T13:49:02Z,55.0,Charge 6
2025-11-12T13:49:03Z,56.0,Charge 6
2025-11-12T13:49:06Z,56.0,Charge 6
2025-11-12T13:49:09Z,56.0,Charge 6
2025-11-12T13:49:12Z,56.0,Charge 6
2025-11-12T13:49:15Z,56.0,Charge 6
2025-11-12T13:49:18Z,56.0,Charge 6
2025-11-12T13:49:21Z,56.0,Charge 6
2025-11-12T13:49:24Z,58.0,Charge 6
2025-11-12T13:49:26Z,59.0,Charge 6
2025-11-12T13:49:28Z,58.0,Charge 6
2025-11-12T13:49:30Z,56.0,Charge 6
2025-11-12T13:49:32Z,55.0,Charge 6
2025-11-12T13:49:35Z,55.0,Charge 6
2025-11-12T13:49:36Z,54.0,Charge 6
2025-11-12T13:49:39Z,54.0,Charge 6
2025-11-12T13:49:42Z,54.0,Charge 6
2025-11-12T13:49:44Z,55.0,Charge 6
2025-11-12T13:49:46Z,56.0,Charge 6
2025-11-12T13:49:47Z,56.0,Charge 6
2025-11-12T13:49:49Z,57.0,Charge 6
2025-11-12T13:49:51Z,58.0,Charge 6
2025-11-12T13:49:54Z,58.0,Charge 6
2025-11-12T13:49:55Z,57.0,Charge 6
2025-11-12T13:49:57Z,56.0,Charge 6
2025-11-12T13:50:00Z,56.0,Charge 6
2025-11-12T13:50:03Z,56.0,Charge 6
2025-11-12T13:50:05Z,55.0,Charge 6
2025-11-12T13:50:07Z,56.0,Charge 6
2025-11-12T13:50:10Z,56.0,Charge 6
2025-11-12T13:50:11Z,58.0,Charge 6
2025-11-12T13:50:14Z,56.0,Charge 6
2025-11-12T13:50:17Z,56.0,Charge 6
2025-11-12T13:50:20Z,56.0,Charge 6
2025-11-12T13:50:22Z,55.0,Charge 6
2025-11-12T13:50:24Z,56.0,Charge 6
2025-11-12T13:50:26Z,55.0,Charge 6
2025-11-12T13:50:29Z,55.0,Charge 6
2025-11-12T13:50:32Z,55.0,Charge 6
2025-11-12T13:50:35Z,56.0,Charge 6
2025-11-12T13:50:38Z,56.0,Charge 6
2025-11-12T13:50:41Z,56.0,Charge 6
2025-11-12T13:50:44Z,56.0,Charge 6
2025-11-12T13:50:47Z,56.0,Charge 6
2025-11-12T13:50:50Z,56.0,Charge 6
2025-11-12T13:50:51Z,57.0,Charge 6
2025-11-12T13:50:53Z,58.0,Charge 6
2025-11-12T13:50:55Z,56.0,Charge 6
2025-11-12T13:50:57Z,55.0,Charge 6
2025-11-12T13:51:00Z,55.0,Charge 6
2025-11-12T13:51:03Z,55.0,Charge 6
2025-11-12T13:51:04Z,56.0,Charge 6
2025-11-12T13:51:07Z,56.0,Charge 6
2025-11-12T13:51:10Z,56.0,Charge 6
2025-11-12T13:51:13Z,56.0,Charge 6
2025-11-12T13:51:16Z,56.0,Charge 6
2025-11-12T13:51:19Z,56.0,Charge 6
2025-11-12T13:51:20Z,55.0,Charge 6
2025-11-12T13:51:23Z,54.0,Charge 6
2025-11-12T13:51:25Z,55.0,Charge 6
2025-11-12T13:51:28Z,55.0,Charge 6
2025-11-12T13:51:29Z,57.0,Charge 6
2025-11-12T13:51:31Z,60.0,Charge 6
2025-11-12T13:51:33Z,63.0,Charge 6
2025-11-12T13:51:35Z,67.0,Charge 6
2025-11-12T13:51:37Z,73.0,Charge 6
2025-11-12T13:51:40Z,73.0,Charge 6
2025-11-12T13:51:41Z,72.0,Charge 6
2025-11-12T13:51:43Z,69.0,Charge 6
2025-11-12T13:51:46Z,69.0,Charge 6
2025-11-12T13:51:47Z,68.0,Charge 6
2025-11-12T13:51:48Z,67.0,Charge 6
2025-11-12T13:51:50Z,66.0,Charge 6
2025-11-12T13:51:52Z,63.0,Charge 6
2025-11-12T13:51:54Z,61.0,Charge 6
2025-11-12T13:51:56Z,60.0,Charge 6
2025-11-12T13:51:58Z,58.0,Charge 6
2025-11-12T13:52:01Z,58.0,Charge 6
2025-11-12T13:52:04Z,56.0,Charge 6
2025-11-12T13:52:07Z,56.0,Charge 6
2025-11-12T13:52:08Z,55.0,Charge 6
2025-11-12T13:52:11Z,56.0,Charge 6
2025-11-12T13:52:14Z,56.0,Charge 6
2025-11-12T13:52:17Z,55.0,Charge 6
2025-11-12T13:52:20Z,55.0,Charge 6
2025-11-12T13:52:21Z,54.0,Charge 6
2025-11-12T13:52:24Z,54.0,Charge 6
2025-11-12T13:52:27Z,55.0,Charge 6
2025-11-12T13:52:30Z,55.0,Charge 6
2025-11-12T13:52:33Z,55.0,Charge 6
2025-11-12T13:52:35Z,54.0,Charge 6
2025-11-12T13:52:38Z,54.0,Charge 6
2025-11-12T13:52:41Z,54.0,Charge 6
2025-11-12T13:52:44Z,54.0,Charge 6
2025-11-12T13:52:46Z,55.0,Charge 6
2025-11-12T13:52:49Z,55.0,Charge 6
2025-11-12T13:52:52Z,55.0,Charge 6
2025-11-12T13:52:54Z,54.0,Charge 6
2025-11-12T13:52:57Z,54.0,Charge 6
2025-11-12T13:53:00Z,54.0,Charge 6
2025-11-12T13:53:01Z,54.0,Charge 6
2025-11-12T13:53:04Z,54.0,Charge 6
2025-11-12T13:53:07Z,54.0,Charge 6
2025-11-12T13:53:10Z,54.0,Charge 6
2025-11-12T13:53:13Z,54.0,Charge 6
2025-11-12T13:53:16Z,54.0,Charge 6
2025-11-12T13:53:19Z,54.0,Charge 6
2025-11-12T13:53:22Z,54.0,Charge 6
2025-11-12T13:53:25Z,54.0,Charge 6
2025-11-12T13:53:28Z,54.0,Charge 6
2025-11-12T13:53:31Z,54.0,Charge 6
2025-11-12T13:53:34Z,54.0,Charge 6
2025-11-12T13:53:37Z,54.0,Charge 6
2025-11-12T13:53:40Z,54.0,Charge 6
2025-11-12T13:53:43Z,54.0,Charge 6
2025-11-12T13:53:44Z,55.0,Charge 6
2025-11-12T13:53:47Z,55.0,Charge 6
2025-11-12T13:53:48Z,54.0,Charge 6
2025-11-12T13:53:51Z,54.0,Charge 6
2025-11-12T13:53:54Z,54.0,Charge 6
2025-11-12T13:53:57Z,54.0,Charge 6
2025-11-12T13:54:00Z,54.0,Charge 6
2025-11-12T13:54:03Z,54.0,Charge 6
2025-11-12T13:54:06Z,54.0,Charge 6
2025-11-12T13:54:09Z,54.0,Charge 6
2025-11-12T13:54:11Z,55.0,Charge 6
2025-11-12T13:54:14Z,55.0,Charge 6
2025-11-12T13:54:16Z,55.0,Charge 6
2025-11-12T13:54:18Z,56.0,Charge 6
2025-11-12T13:54:21Z,56.0,Charge 6
2025-11-12T13:54:24Z,56.0,Charge 6
2025-11-12T13:54:27Z,56.0,Charge 6
2025-11-12T13:54:30Z,56.0,Charge 6
2025-11-12T13:54:33Z,56.0,Charge 6
2025-11-12T13:54:36Z,56.0,Charge 6
2025-11-12T13:54:37Z,55.0,Charge 6
2025-11-12T13:54:39Z,54.0,Charge 6
2025-11-12T13:54:42Z,54.0,Charge 6
2025-11-12T13:54:45Z,54.0,Charge 6
2025-11-12T13:54:48Z,54.0,Charge 6
2025-11-12T13:54:49Z,55.0,Charge 6
2025-11-12T13:54:52Z,55.0,Charge 6
2025-11-12T13:54:55Z,55.0,Charge 6
2025-11-12T13:54:57Z,54.0,Charge 6
2025-11-12T13:55:00Z,54.0,Charge 6
2025-11-12T13:55:01Z,53.0,Charge 6
2025-11-12T13:55:02Z,52.0,Charge 6
2025-11-12T13:55:05Z,52.0,Charge 6
2025-11-12T13:55:08Z,52.0,Charge 6
2025-11-12T13:55:10Z,53.0,Charge 6
2025-11-12T13:55:12Z,54.0,Charge 6
2025-11-12T13:55:14Z,55.0,Charge 6
2025-11-12T13:55:16Z,56.0,Charge 6
2025-11-12T13:55:19Z,56.0,Charge 6
2025-11-12T13:55:20Z,55.0,Charge 6
2025-11-12T13:55:22Z,54.0,Charge 6
2025-11-12T13:55:25Z,54.0,Charge 6
2025-11-12T13:55:28Z,54.0,Charge 6
2025-11-12T13:55:29Z,56.0,Charge 6
2025-11-12T13:55:32Z,56.0,Charge 6
2025-11-12T13:55:33Z,55.0,Charge 6
2025-11-12T13:55:36Z,55.0,Charge 6
2025-11-12T13:55:39Z,55.0,Charge 6
2025-11-12T13:55:42Z,55.0,Charge 6
2025-11-12T13:55:45Z,54.0,Charge 6
2025-11-12T13:55:48Z,54.0,Charge 6
2025-11-12T13:55:49Z,53.0,Charge 6
2025-11-12T13:55:52Z,53.0,Charge 6
2025-11-12T13:55:54Z,54.0,Charge 6
2025-11-12T13:55:57Z,54.0,Charge 6
2025-11-12T13:55:58Z,55.0,Charge 6
2025-11-12T13:56:01Z,55.0,Charge 6
2025-11-12T13:56:04Z,54.0,Charge 6
2025-11-12T13:56:06Z,55.0,Charge 6
2025-11-12T13:56:09Z,55.0,Charge 6
2025-11-12T13:56:12Z,55.0,Charge 6
2025-11-12T13:56:13Z,54.0,Charge 6
2025-11-12T13:56:15Z,55.0,Charge 6
2025-11-12T13:56:18Z,55.0,Charge 6
2025-11-12T13:56:19Z,54.0,Charge 6
2025-11-12T13:56:22Z,54.0,Charge 6
2025-11-12T13:56:23Z,54.0,Charge 6
2025-11-12T13:56:25Z,56.0,Charge 6
2025-11-12T13:56:27Z,58.0,Charge 6
2025-11-12T13:56:29Z,57.0,Charge 6
2025-11-12T13:56:31Z,56.0,Charge 6
2025-11-12T13:56:33Z,55.0,Charge 6
2025-11-12T13:56:36Z,55.0,Charge 6
2025-11-12T13:56:37Z,54.0,Charge 6
2025-11-12T13:56:40Z,55.0,Charge 6
2025-11-12T13:56:43Z,55.0,Charge 6
2025-11-12T13:56:46Z,55.0,Charge 6
2025-11-12T13:56:49Z,55.0,Charge 6
2025-11-12T13:56:52Z,55.0,Charge 6
2025-11-12T13:56:55Z,55.0,Charge 6
2025-11-12T13:56:58Z,54.0,Charge 6
2025-11-12T13:57:01Z,54.0,Charge 6
2025-11-12T13:57:03Z,55.0,Charge 6
2025-11-12T13:57:05Z,56.0,Charge 6
2025-11-12T13:57:08Z,56.0,Charge 6
2025-11-12T13:57:11Z,56.0,Charge 6
2025-11-12T13:57:14Z,56.0,Charge 6
2025-11-12T13:57:17Z,56.0,Charge 6
2025-11-12T13:57:20Z,56.0,Charge 6
2025-11-12T13:57:23Z,56.0,Charge 6
2025-11-12T13:57:26Z,56.0,Charge 6
2025-11-12T13:57:29Z,56.0,Charge 6
2025-11-12T13:57:32Z,56.0,Charge 6
2025-11-12T13:57:34Z,56.0,Charge 6
2025-11-12T13:57:37Z,56.0,Charge 6
2025-11-12T13:57:40Z,56.0,Charge 6
2025-11-12T13:57:43Z,56.0,Charge 6
2025-11-12T13:57:46Z,57.0,Charge 6
2025-11-12T13:57:48Z,58.0,Charge 6
2025-11-12T13:57:51Z,58.0,Charge 6
2025-11-12T13:57:54Z,58.0,Charge 6
2025-11-12T13:57:55Z,57.0,Charge 6
2025-11-12T13:57:57Z,56.0,Charge 6
2025-11-12T13:58:00Z,56.0,Charge 6
2025-11-12T13:58:03Z,56.0,Charge 6
2025-11-12T13:58:06Z,56.0,Charge 6
2025-11-12T13:58:09Z,56.0,Charge 6
2025-11-12T13:58:11Z,57.0,Charge 6
2025-11-12T13:58:14Z,56.0,Charge 6
2025-11-12T13:58:17Z,56.0,Charge 6
2025-11-12T13:58:20Z,56.0,Charge 6
2025-11-12T13:58:22Z,57.0,Charge 6
2025-11-12T13:58:25Z,57.0,Charge 6
2025-11-12T13:58:28Z,57.0,Charge 6
2025-11-12T13:58:31Z,57.0,Charge 6
2025-11-12T13:58:32Z,58.0,Charge 6
2025-11-12T13:58:35Z,58.0,Charge 6
2025-11-12T13:58:38Z,58.0,Charge 6
2025-11-12T13:58:41Z,58.0,Charge 6
2025-11-12T13:58:44Z,58.0,Charge 6
2025-11-12T13:58:45Z,58.0,Charge 6
2025-11-12T13:58:48Z,58.0,Charge 6
2025-11-12T13:58:51Z,58.0,Charge 6
2025-11-12T13:58:54Z,58.0,Charge 6
2025-11-12T13:58:57Z,58.0,Charge 6
2025-11-12T13:59:00Z,58.0,Charge 6
2025-11-12T13:59:02Z,57.0,Charge 6
2025-11-12T13:59:05Z,57.0,Charge 6
2025-11-12T13:59:06Z,56.0,Charge 6
2025-11-12T13:59:09Z,56.0,Charge 6
2025-11-12T13:59:12Z,56.0,Charge 6
2025-11-12T13:59:15Z,56.0,Charge 6
2025-11-12T13:59:18Z,56.0,Charge 6
2025-11-12T13:59:21Z,56.0,Charge 6
2025-11-12T13:59:24Z,56.0,Charge 6
2025-11-12T13:59:27Z,56.0,Charge 6
2025-11-12T13:59:30Z,56.0,Charge 6
2025-11-12T13:59:33Z,57.0,Charge 6
2025-11-12T13:59:36Z,57.0,Charge 6
2025-11-12T13:59:39Z,56.0,Charge 6
2025-11-12T13:59:42Z,56.0,Charge 6
2025-11-12T13:59:43Z,57.0,Charge 6
2025-11-12T13:59:45Z,58.0,Charge 6
2025-11-12T13:59:48Z,58.0,Charge 6
2025-11-12T13:59:49Z,57.0,Charge 6
2025-11-12T13:59:50Z,56.0,Charge 6
2025-11-12T13:59:53Z,56.0,Charge 6
2025-11-12T13:59:54Z,56.0,Charge 6
2025-11-12T13:59:56Z,55.0,Charge 6
2025-11-12T13:59:59Z,55.0,Charge 6
2025-11-12T14:00:02Z,56.0,Charge 6
2025-11-12T14:00:05Z,56.0,Charge 6
2025-11-12T14:00:08Z,56.0,Charge 6
2025-11-12T14:00:11Z,56.0,Charge 6
2025-11-12T14:00:14Z,56.0,Charge 6
2025-11-12T14:00:15Z,57.0,Charge 6
2025-11-12T14:00:17Z,58.0,Charge 6
2025-11-12T14:00:20Z,58.0,Charge 6
2025-11-12T14:00:23Z,59.0,Charge 6
2025-11-12T14:00:26Z,59.0,Charge 6
2025-11-12T14:00:27Z,60.0,Charge 6
2025-11-12T14:00:29Z,61.0,Charge 6
2025-11-12T14:00:32Z,61.0,Charge 6
2025-11-12T14:00:33Z,60.0,Charge 6
2025-11-12T14:00:35Z,59.0,Charge 6
2025-11-12T14:00:37Z,58.0,Charge 6
2025-11-12T14:00:40Z,57.0,Charge 6
2025-11-12T14:00:42Z,56.0,Charge 6
2025-11-12T14:00:45Z,56.0,Charge 6
2025-11-12T14:00:48Z,56.0,Charge 6
2025-11-12T14:00:51Z,56.0,Charge 6
2025-11-12T14:00:54Z,58.0,Charge 6
2025-11-12T14:00:57Z,58.0,Charge 6
2025-11-12T14:01:00Z,58.0,Charge 6
2025-11-12T14:01:01Z,58.0,Charge 6
2025-11-12T14:01:03Z,59.0,Charge 6
2025-11-12T14:01:06Z,59.0,Charge 6
2025-11-12T14:01:09Z,58.0,Charge 6
2025-11-12T14:01:11Z,57.0,Charge 6
2025-11-12T14:01:14Z,57.0,Charge 6
2025-11-12T14:01:15Z,58.0,Charge 6
2025-11-12T14:01:18Z,58.0,Charge 6
2025-11-12T14:01:21Z,59.0,Charge 6
2025-11-12T14:01:24Z,59.0,Charge 6
2025-11-12T14:01:25Z,58.0,Charge 6
2025-11-12T14:01:28Z,58.0,Charge 6
2025-11-12T14:01:31Z,58.0,Charge 6
2025-11-12T14:01:34Z,60.0,Charge 6
2025-11-12T14:01:37Z,60.0,Charge 6
2025-11-12T14:01:40Z,60.0,Charge 6
2025-11-12T14:01:43Z,60.0,Charge 6
2025-11-12T14:01:44Z,59.0,Charge 6
2025-11-12T14:01:47Z,59.0,Charge 6
2025-11-12T14:01:49Z,58.0,Charge 6
2025-11-12T14:01:52Z,58.0,Charge 6
2025-11-12T14:01:55Z,57.0,Charge 6
2025-11-12T14:01:57Z,56.0,Charge 6
2025-11-12T14:02:00Z,56.0,Charge 6
2025-11-12T14:02:03Z,56.0,Charge 6
2025-11-12T14:02:06Z,56.0,Charge 6
2025-11-12T14:02:09Z,56.0,Charge 6
2025-11-12T14:02:11Z,56.0,Charge 6
2025-11-12T14:02:14Z,56.0,Charge 6
2025-11-12T14:02:17Z,56.0,Charge 6
2025-11-12T14:02:20Z,57.0,Charge 6
2025-11-12T14:02:22Z,58.0,Charge 6
2025-11-12T14:02:25Z,58.0,Charge 6
2025-11-12T14:02:28Z,58.0,Charge 6
2025-11-12T14:02:31Z,58.0,Charge 6
2025-11-12T14:02:34Z,59.0,Charge 6
2025-11-12T14:02:37Z,58.0,Charge 6
2025-11-12T14:02:40Z,58.0,Charge 6
2025-11-12T14:02:41Z,57.0,Charge 6
2025-11-12T14:02:43Z,56.0,Charge 6
2025-11-12T14:02:46Z,56.0,Charge 6
2025-11-12T14:02:47Z,57.0,Charge 6
2025-11-12T14:02:50Z,57.0,Charge 6
2025-11-12T14:02:53Z,57.0,Charge 6
2025-11-12T14:02:55Z,58.0,Charge 6
2025-11-12T14:02:58Z,58.0,Charge 6
2025-11-12T14:03:01Z,58.0,Charge 6
2025-11-12T14:03:04Z,58.0,Charge 6
2025-11-12T14:03:06Z,57.0,Charge 6
2025-11-12T14:03:09Z,57.0,Charge 6
2025-11-12T14:03:12Z,57.0,Charge 6
2025-11-12T14:03:14Z,58.0,Charge 6
2025-11-12T14:03:17Z,58.0,Charge 6
2025-11-12T14:03:18Z,57.0,Charge 6
2025-11-12T14:03:20Z,56.0,Charge 6
2025-11-12T14:03:23Z,56.0,Charge 6
2025-11-12T14:03:25Z,57.0,Charge 6
2025-11-12T14:03:27Z,58.0,Charge 6
2025-11-12T14:03:29Z,57.0,Charge 6
2025-11-12T14:03:31Z,56.0,Charge 6
2025-11-12T14:03:34Z,56.0,Charge 6
2025-11-12T14:03:37Z,57.0,Charge 6
2025-11-12T14:03:40Z,57.0,Charge 6
2025-11-12T14:03:41Z,58.0,Charge 6
2025-11-12T14:03:44Z,58.0,Charge 6
2025-11-12T14:03:47Z,58.0,Charge 6
2025-11-12T14:03:50Z,58.0,Charge 6
2025-11-12T14:03:53Z,58.0,Charge 6
2025-11-12T14:03:56Z,59.0,Charge 6
2025-11-12T14:03:58Z,60.0,Charge 6
2025-11-12T14:04:01Z,60.0,Charge 6
2025-11-12T14:04:02Z,59.0,Charge 6
2025-11-12T14:04:05Z,59.0,Charge 6
2025-11-12T14:04:06Z,58.0,Charge 6
2025-11-12T14:04:09Z,58.0,Charge 6
2025-11-12T14:04:12Z,58.0,Charge 6
2025-11-12T14:04:13Z,57.0,Charge 6
2025-11-12T14:04:16Z,57.0,Charge 6
2025-11-12T14:04:17Z,56.0,Charge 6
2025-11-12T14:04:20Z,56.0,Charge 6
2025-11-12T14:04:23Z,57.0,Charge 6
2025-11-12T14:04:25Z,58.0,Charge 6
2025-11-12T14:04:28Z,58.0,Charge 6
2025-11-12T14:04:31Z,58.0,Charge 6
2025-11-12T14:04:34Z,58.0,Charge 6
2025-11-12T14:04:37Z,58.0,Charge 6
2025-11-12T14:04:40Z,58.0,Charge 6
2025-11-12T14:04:43Z,58.0,Charge 6
2025-11-12T14:04:46Z,58.0,Charge 6
2025-11-12T14:04:49Z,58.0,Charge 6
2025-11-12T14:04:52Z,58.0,Charge 6
2025-11-12T14:04:54Z,57.0,Charge 6
2025-11-12T14:04:56Z,58.0,Charge 6
2025-11-12T14:04:59Z,58.0,Charge 6
2025-11-12T14:05:00Z,59.0,Charge 6
2025-11-12T14:05:01Z,60.0,Charge 6
2025-11-12T14:05:04Z,60.0,Charge 6
2025-11-12T14:05:07Z,60.0,Charge 6
2025-11-12T14:05:10Z,60.0,Charge 6
2025-11-12T14:05:11Z,59.0,Charge 6
2025-11-12T14:05:13Z,58.0,Charge 6
2025-11-12T14:05:16Z,58.0,Charge 6
2025-11-12T14:05:19Z,58.0,Charge 6
2025-11-12T14:05:22Z,58.0,Charge 6
2025-11-12T14:05:23Z,59.0,Charge 6
2025-11-12T14:05:26Z,59.0,Charge 6
2025-11-12T14:05:28Z,58.0,Charge 6
2025-11-12T14:05:31Z,58.0,Charge 6
2025-11-12T14:05:32Z,58.0,Charge 6
2025-11-12T14:05:35Z,58.0,Charge 6
2025-11-12T14:05:36Z,57.0,Charge 6
2025-11-12T14:05:38Z,58.0,Charge 6
2025-11-12T14:05:41Z,58.0,Charge 6
2025-11-12T14:05:44Z,58.0,Charge 6
2025-11-12T14:05:47Z,58.0,Charge 6
2025-11-12T14:05:50Z,58.0,Charge 6
2025-11-12T14:05:53Z,59.0,Charge 6
2025-11-12T14:05:55Z,58.0,Charge 6
2025-11-12T14:05:58Z,58.0,Charge 6
2025-11-12T14:06:01Z,58.0,Charge 6
2025-11-12T14:06:04Z,58.0,Charge 6
2025-11-12T14:06:07Z,58.0,Charge 6
2025-11-12T14:06:10Z,58.0,Charge 6
2025-11-12T14:06:11Z,57.0,Charge 6
2025-11-12T14:06:14Z,58.0,Charge 6
2025-11-12T14:06:17Z,58.0,Charge 6
2025-11-12T14:06:18Z,60.0,Charge 6
2025-11-12T14:06:21Z,60.0,Charge 6
2025-11-12T14:06:22Z,59.0,Charge 6
2025-11-12T14:06:25Z,59.0,Charge 6
2025-11-12T14:06:28Z,60.0,Charge 6
2025-11-12T14:06:31Z,60.0,Charge 6
2025-11-12T14:06:34Z,60.0,Charge 6
2025-11-12T14:06:37Z,59.0,Charge 6
2025-11-12T14:06:40Z,59.0,Charge 6
2025-11-12T14:06:41Z,59.0,Charge 6
2025-11-12T14:06:44Z,59.0,Charge 6
2025-11-12T14:06:47Z,58.0,Charge 6
2025-11-12T14:06:50Z,58.0,Charge 6
2025-11-12T14:06:53Z,58.0,Charge 6
2025-11-12T14:06:56Z,58.0,Charge 6
2025-11-12T14:06:59Z,58.0,Charge 6
2025-11-12T14:07:02Z,58.0,Charge 6
2025-11-12T14:07:04Z,57.0,Charge 6
2025-11-12T14:07:06Z,58.0,Charge 6
2025-11-12T14:07:09Z,58.0,Charge 6
2025-11-12T14:07:10Z,59.0,Charge 6
2025-11-12T14:07:12Z,60.0,Charge 6
2025-11-12T14:07:14Z,59.0,Charge 6
2025-11-12T14:07:16Z,58.0,Charge 6
2025-11-12T14:07:19Z,58.0,Charge 6
2025-11-12T14:07:22Z,58.0,Charge 6
2025-11-12T14:07:25Z,58.0,Charge 6
2025-11-12T14:07:28Z,58.0,Charge 6
2025-11-12T14:07:31Z,58.0,Charge 6
2025-11-12T14:07:34Z,58.0,Charge 6
2025-11-12T14:07:37Z,58.0,Charge 6
2025-11-12T14:07:40Z,59.0,Charge 6
2025-11-12T14:07:42Z,58.0,Charge 6
2025-11-12T14:07:45Z,58.0,Charge 6
2025-11-12T14:07:47Z,57.0,Charge 6
2025-11-12T14:07:49Z,58.0,Charge 6
2025-11-12T14:07:51Z,58.0,Charge 6
2025-11-12T14:07:53Z,59.0,Charge 6
2025-11-12T14:07:55Z,60.0,Charge 6
2025-11-12T14:07:57Z,59.0,Charge 6
2025-11-12T14:07:59Z,58.0,Charge 6
2025-11-12T14:08:02Z,58.0,Charge 6
2025-11-12T14:08:05Z,58.0,Charge 6
2025-11-12T14:08:08Z,58.0,Charge 6
2025-11-12T14:08:11Z,58.0,Charge 6
2025-11-12T14:08:12Z,59.0,Charge 6
2025-11-12T14:08:14Z,60.0,Charge 6
2025-11-12T14:08:17Z,60.0,Charge 6
2025-11-12T14:08:20Z,60.0,Charge 6
2025-11-12T14:08:23Z,60.0,Charge 6
2025-11-12T14:08:26Z,60.0,Charge 6
2025-11-12T14:08:29Z,60.0,Charge 6
2025-11-12T14:08:32Z,60.0,Charge 6
2025-11-12T14:08:35Z,60.0,Charge 6
2025-11-12T14:08:38Z,60.0,Charge 6
2025-11-12T14:08:39Z,59.0,Charge 6
2025-11-12T14:08:41Z,58.0,Charge 6
2025-11-12T14:08:44Z,58.0,Charge 6
2025-11-12T14:08:47Z,59.0,Charge 6
2025-11-12T14:08:49Z,60.0,Charge 6
2025-11-12T14:08:52Z,60.0,Charge 6
2025-11-12T14:08:53Z,59.0,Charge 6
2025-11-12T14:08:55Z,58.0,Charge 6
2025-11-12T14:08:57Z,58.0,Charge 6
2025-11-12T14:09:00Z,58.0,Charge 6
2025-11-12T14:09:03Z,58.0,Charge 6
2025-11-12T14:09:06Z,58.0,Charge 6
2025-11-12T14:09:09Z,58.0,Charge 6
2025-11-12T14:09:12Z,58.0,Charge 6
2025-11-12T14:09:15Z,58.0,Charge 6
2025-11-12T14:09:18Z,57.0,Charge 6
2025-11-12T14:09:21Z,57.0,Charge 6
2025-11-12T14:09:23Z,58.0,Charge 6
2025-11-12T14:09:26Z,58.0,Charge 6
2025-11-12T14:09:29Z,58.0,Charge 6
2025-11-12T14:09:32Z,58.0,Charge 6
2025-11-12T14:09:33Z,59.0,Charge 6
2025-11-12T14:09:36Z,59.0,Charge 6
2025-11-12T14:09:37Z,58.0,Charge 6
2025-11-12T14:09:40Z,58.0,Charge 6
2025-11-12T14:09:43Z,58.0,Charge 6
2025-11-12T14:09:44Z,60.0,Charge 6
2025-11-12T14:09:47Z,60.0,Charge 6
2025-11-12T14:09:50Z,59.0,Charge 6
2025-11-12T14:09:53Z,59.0,Charge 6
2025-11-12T14:09:56Z,59.0,Charge 6
2025-11-12T14:09:58Z,58.0,Charge 6
2025-11-12T14:10:01Z,58.0,Charge 6
2025-11-12T14:10:04Z,58.0,Charge 6
2025-11-12T14:10:07Z,58.0,Charge 6
2025-11-12T14:10:08Z,59.0,Charge 6
2025-11-12T14:10:11Z,59.0,Charge 6
2025-11-12T14:10:13Z,58.0,Charge 6
2025-11-12T14:10:16Z,58.0,Charge 6
2025-11-12T14:10:17Z,57.0,Charge 6
2025-11-12T14:10:20Z,57.0,Charge 6
2025-11-12T14:10:21Z,58.0,Charge 6
2025-11-12T14:10:23Z,57.0,Charge 6
2025-11-12T14:10:26Z,57.0,Charge 6
2025-11-12T14:10:27Z,56.0,Charge 6
2025-11-12T14:10:30Z,56.0,Charge 6
2025-11-12T14:10:31Z,57.0,Charge 6
2025-11-12T14:10:34Z,56.0,Charge 6
2025-11-12T14:10:37Z,56.0,Charge 6
2025-11-12T14:10:40Z,56.0,Charge 6
2025-11-12T14:10:43Z,56.0,Charge 6
2025-11-12T14:10:44Z,57.0,Charge 6
2025-11-12T14:10:46Z,58.0,Charge 6
2025-11-12T14:10:48Z,59.0,Charge 6
2025-11-12T14:10:51Z,59.0,Charge 6
2025-11-12T14:10:54Z,59.0,Charge 6
2025-11-12T14:10:56Z,60.0,Charge 6
2025-11-12T14:10:59Z,59.0,Charge 6
2025-11-12T14:11:02Z,59.0,Charge 6
2025-11-12T14:11:03Z,58.0,Charge 6
2025-11-12T14:11:06Z,58.0,Charge 6
2025-11-12T14:11:09Z,57.0,Charge 6
2025-11-12T14:11:11Z,57.0,Charge 6
2025-11-12T14:11:13Z,58.0,Charge 6
2025-11-12T14:11:16Z,58.0,Charge 6
2025-11-12T14:11:19Z,57.0,Charge 6
2025-11-12T14:11:22Z,57.0,Charge 6
2025-11-12T14:11:25Z,57.0,Charge 6
2025-11-12T14:11:28Z,58.0,Charge 6
2025-11-12T14:11:31Z,58.0,Charge 6
2025-11-12T14:11:34Z,58.0,Charge 6
2025-11-12T14:11:37Z,58.0,Charge 6
2025-11-12T14:11:38Z,59.0,Charge 6
2025-11-12T14:11:41Z,59.0,Charge 6
2025-11-12T14:11:42Z,58.0,Charge 6
2025-11-12T14:11:45Z,58.0,Charge 6
2025-11-12T14:11:48Z,58.0,Charge 6
2025-11-12T14:11:49Z,56.0,Charge 6
2025-11-12T14:11:52Z,56.0,Charge 6
2025-11-12T14:11:55Z,56.0,Charge 6
2025-11-12T14:11:57Z,57.0,Charge 6
2025-11-12T14:11:59Z,58.0,Charge 6
2025-11-12T14:12:01Z,59.0,Charge 6
2025-11-12T14:12:03Z,60.0,Charge 6
2025-11-12T14:12:06Z,60.0,Charge 6
2025-11-12T14:12:07Z,58.0,Charge 6
2025-11-12T14:12:10Z,58.0,Charge 6
2025-11-12T14:12:13Z,58.0,Charge 6
2025-11-12T14:12:16Z,58.0,Charge 6
2025-11-12T14:12:18Z,58.0,Charge 6
2025-11-12T14:12:21Z,58.0,Charge 6
2025-11-12T14:12:24Z,57.0,Charge 6
2025-11-12T14:12:27Z,57.0,Charge 6
2025-11-12T14:12:28Z,58.0,Charge 6
2025-11-12T14:12:31Z,58.0,Charge 6
2025-11-12T14:12:32Z,59.0,Charge 6
2025-11-12T14:12:35Z,59.0,Charge 6
2025-11-12T14:12:37Z,58.0,Charge 6
2025-11-12T14:12:40Z,58.0,Charge 6
2025-11-12T14:12:43Z,58.0,Charge 6
2025-11-12T14:12:46Z,58.0,Charge 6
2025-11-12T14:12:49Z,58.0,Charge 6
2025-11-12T14:12:52Z,58.0,Charge 6
2025-11-12T14:12:55Z,59.0,Charge 6
2025-11-12T14:12:58Z,59.0,Charge 6
2025-11-12T14:13:00Z,58.0,Charge 6
2025-11-12T14:13:03Z,58.0,Charge 6
2025-11-12T14:13:06Z,57.0,Charge 6
2025-11-12T14:13:08Z,56.0,Charge 6
2025-11-12T14:13:11Z,56.0,Charge 6
2025-11-12T14:13:14Z,56.0,Charge 6
2025-11-12T14:13:16Z,57.0,Charge 6
2025-11-12T14:13:18Z,58.0,Charge 6
2025-11-12T14:13:21Z,58.0,Charge 6
2025-11-12T14:13:24Z,58.0,Charge 6
2025-11-12T14:13:25Z,57.0,Charge 6
2025-11-12T14:13:27Z,56.0,Charge 6
2025-11-12T14:13:29Z,57.0,Charge 6
2025-11-12T14:13:32Z,57.0,Charge 6
2025-11-12T14:13:35Z,56.0,Charge 6
2025-11-12T14:13:37Z,57.0,Charge 6
2025-11-12T14:13:39Z,56.0,Charge 6
2025-11-12T14:13:42Z,56.0,Charge 6
2025-11-12T14:13:45Z,56.0,Charge 6
2025-11-12T14:13:48Z,56.0,Charge 6
2025-11-12T14:13:51Z,56.0,Charge 6
2025-11-12T14:13:54Z,57.0,Charge 6
2025-11-12T14:13:56Z,58.0,Charge 6
2025-11-12T14:13:59Z,58.0,Charge 6
2025-11-12T14:14:02Z,59.0,Charge 6
2025-11-12T14:14:05Z,59.0,Charge 6
2025-11-12T14:14:06Z,60.0,Charge 6
2025-11-12T14:14:09Z,61.0,Charge 6
2025-11-12T14:14:11Z,62.0,Charge 6
2025-11-12T14:14:13Z,61.0,Charge 6
2025-11-12T14:14:15Z,60.0,Charge 6
2025-11-12T14:14:17Z,59.0,Charge 6
2025-11-12T14:14:19Z,58.0,Charge 6
2025-11-12T14:14:22Z,58.0,Charge 6
2025-11-12T14:14:25Z,58.0,Charge 6
2025-11-12T14:14:28Z,58.0,Charge 6
2025-11-12T14:14:31Z,58.0,Charge 6
2025-11-12T14:14:34Z,58.0,Charge 6
2025-11-12T14:14:36Z,57.0,Charge 6
2025-11-12T14:14:39Z,57.0,Charge 6
2025-11-12T14:14:42Z,56.0,Charge 6
2025-11-12T14:14:45Z,56.0,Charge 6
2025-11-12T14:14:48Z,56.0,Charge 6
2025-11-12T14:14:50Z,57.0,Charge 6
2025-11-12T14:14:52Z,58.0,Charge 6
2025-11-12T14:14:55Z,58.0,Charge 6
2025-11-12T14:14:58Z,58.0,Charge 6
2025-11-12T14:14:59Z,59.0,Charge 6
2025-11-12T14:15:02Z,59.0,Charge 6
2025-11-12T14:15:05Z,60.0,Charge 6
2025-11-12T14:15:07Z,59.0,Charge 6
2025-11-12T14:15:09Z,58.0,Charge 6
2025-11-12T14:15:12Z,58.0,Charge 6
2025-11-12T14:15:15Z,58.0,Charge 6
2025-11-12T14:15:18Z,58.0,Charge 6
2025-11-12T14:15:21Z,58.0,Charge 6
2025-11-12T14:15:24Z,58.0,Charge 6
2025-11-12T14:15:27Z,58.0,Charge 6
2025-11-12T14:15:30Z,58.0,Charge 6
2025-11-12T14:15:33Z,58.0,Charge 6
2025-11-12T14:15:34Z,59.0,Charge 6
2025-11-12T14:15:37Z,59.0,Charge 6
2025-11-12T14:15:38Z,58.0,Charge 6
2025-11-12T14:15:41Z,58.0,Charge 6
2025-11-12T14:15:44Z,58.0,Charge 6
2025-11-12T14:15:45Z,57.0,Charge 6
2025-11-12T14:15:48Z,57.0,Charge 6
2025-11-12T14:15:49Z,58.0,Charge 6
2025-11-12T14:15:52Z,58.0,Charge 6
2025-11-12T14:15:55Z,59.0,Charge 6
2025-11-12T14:15:57Z,60.0,Charge 6
2025-11-12T14:16:00Z,60.0,Charge 6
2025-11-12T14:16:01Z,59.0,Charge 6
2025-11-12T14:16:03Z,58.0,Charge 6
2025-11-12T14:16:06Z,58.0,Charge 6
2025-11-12T14:16:09Z,58.0,Charge 6
2025-11-12T14:16:10Z,57.0,Charge 6
2025-11-12T14:16:13Z,57.0,Charge 6
2025-11-12T14:16:14Z,56.0,Charge 6
2025-11-12T14:16:16Z,57.0,Charge 6
2025-11-12T14:16:19Z,57.0,Charge 6
2025-11-12T14:16:20Z,58.0,Charge 6
2025-11-12T14:16:23Z,58.0,Charge 6
2025-11-12T14:16:26Z,58.0,Charge 6
2025-11-12T14:16:28Z,57.0,Charge 6
2025-11-12T14:16:31Z,57.0,Charge 6
2025-11-12T14:16:34Z,57.0,Charge 6
2025-11-12T14:16:37Z,58.0,Charge 6
2025-11-12T14:16:40Z,58.0,Charge 6
2025-11-12T14:16:43Z,58.0,Charge 6
2025-11-12T14:16:46Z,58.0,Charge 6
2025-11-12T14:16:49Z,59.0,Charge 6
2025-11-12T14:16:51Z,59.0,Charge 6
2025-11-12T14:16:53Z,58.0,Charge 6
2025-11-12T14:16:56Z,58.0,Charge 6
2025-11-12T14:16:57Z,57.0,Charge 6
2025-11-12T14:16:58Z,56.0,Charge 6
2025-11-12T14:17:01Z,56.0,Charge 6
2025-11-12T14:17:02Z,57.0,Charge 6
2025-11-12T14:17:05Z,57.0,Charge 6
2025-11-12T14:17:06Z,58.0,Charge 6
2025-11-12T14:17:09Z,58.0,Charge 6
2025-11-12T14:17:10Z,57.0,Charge 6
2025-11-12T14:17:12Z,56.0,Charge 6
2025-11-12T14:17:14Z,57.0,Charge 6
2025-11-12T14:17:17Z,57.0,Charge 6
2025-11-12T14:17:20Z,57.0,Charge 6
2025-11-12T14:17:23Z,57.0,Charge 6
2025-11-12T14:17:25Z,56.0,Charge 6
2025-11-12T14:17:27Z,57.0,Charge 6
2025-11-12T14:17:30Z,57.0,Charge 6
2025-11-12T14:17:33Z,56.0,Charge 6
2025-11-12T14:17:36Z,56.0,Charge 6
2025-11-12T14:17:39Z,57.0,Charge 6
2025-11-12T14:17:42Z,57.0,Charge 6
2025-11-12T14:17:45Z,57.0,Charge 6
2025-11-12T14:17:46Z,56.0,Charge 6
2025-11-12T14:17:49Z,56.0,Charge 6
2025-11-12T14:17:50Z,56.0,Charge 6
2025-11-12T14:17:52Z,58.0,Charge 6
2025-11-12T14:17:54Z,60.0,Charge 6
2025-11-12T14:17:56Z,64.0,Charge 6
2025-11-12T14:17:58Z,69.0,Charge 6
2025-11-12T14:18:00Z,72.0,Charge 6
2025-11-12T14:18:02Z,70.0,Charge 6
2025-11-12T14:18:04Z,69.0,Charge 6
2025-11-12T14:18:06Z,66.0,Charge 6
2025-11-12T14:18:08Z,78.0,Charge 6
2025-11-12T14:18:09Z,89.0,Charge 6
2025-11-12T14:18:11Z,91.0,Charge 6
2025-11-12T14:18:13Z,90.0,Charge 6
2025-11-12T14:18:15Z,87.0,Charge 6
2025-11-12T14:18:17Z,81.0,Charge 6
2025-11-12T14:18:19Z,72.0,Charge 6
2025-11-12T14:18:21Z,69.0,Charge 6
2025-11-12T14:18:23Z,62.0,Charge 6
2025-11-12T14:18:25Z,60.0,Charge 6
2025-11-12T14:18:27Z,61.0,Charge 6
2025-11-12T14:18:30Z,61.0,Charge 6
2025-11-12T14:18:31Z,64.0,Charge 6
2025-11-12T14:18:32Z,67.0,Charge 6
2025-11-12T14:18:34Z,72.0,Charge 6
2025-11-12T14:18:37Z,72.0,Charge 6
2025-11-12T14:18:38Z,70.0,Charge 6
2025-11-12T14:18:40Z,69.0,Charge 6
2025-11-12T14:18:42Z,67.0,Charge 6
2025-11-12T14:18:44Z,65.0,Charge 6
2025-11-12T14:18:46Z,63.0,Charge 6
2025-11-12T14:18:48Z,62.0,Charge 6
2025-11-12T14:18:50Z,61.0,Charge 6
2025-11-12T14:18:52Z,60.0,Charge 6
2025-11-12T14:18:54Z,59.0,Charge 6
2025-11-12T14:18:56Z,58.0,Charge 6
2025-11-12T14:18:57Z,59.0,Charge 6
2025-11-12T14:18:59Z,61.0,Charge 6
2025-11-12T14:19:02Z,61.0,Charge 6
2025-11-12T14:19:03Z,58.0,Charge 6
2025-11-12T14:19:06Z,58.0,Charge 6
2025-11-12T14:19:09Z,59.0,Charge 6
2025-11-12T14:19:11Z,58.0,Charge 6
2025-11-12T14:19:13Z,56.0,Charge 6
2025-11-12T14:19:16Z,56.0,Charge 6
2025-11-12T14:19:17Z,57.0,Charge 6
2025-11-12T14:19:20Z,56.0,Charge 6
2025-11-12T14:19:23Z,56.0,Charge 6
2025-11-12T14:19:24Z,56.0,Charge 6
2025-11-12T14:19:26Z,56.0,Charge 6
2025-11-12T14:19:28Z,56.0,Charge 6
2025-11-12T14:19:30Z,55.0,Charge 6
2025-11-12T14:19:33Z,55.0,Charge 6
2025-11-12T14:19:34Z,54.0,Charge 6
2025-11-12T14:19:37Z,54.0,Charge 6
2025-11-12T14:19:38Z,55.0,Charge 6
2025-11-12T14:19:40Z,56.0,Charge 6
2025-11-12T14:19:42Z,57.0,Charge 6
2025-11-12T14:19:44Z,58.0,Charge 6
2025-11-12T14:19:45Z,59.0,Charge 6
2025-11-12T14:19:47Z,60.0,Charge 6
2025-11-12T14:19:49Z,62.0,Charge 6
2025-11-12T14:19:51Z,65.0,Charge 6
2025-11-12T14:19:54Z,65.0,Charge 6
2025-11-12T14:19:55Z,63.0,Charge 6
2025-11-12T14:19:57Z,62.0,Charge 6
2025-11-12T14:19:59Z,61.0,Charge 6
2025-11-12T14:20:01Z,59.0,Charge 6
2025-11-12T14:20:03Z,60.0,Charge 6
2025-11-12T14:20:05Z,61.0,Charge 6
2025-11-12T14:20:07Z,60.0,Charge 6
2025-11-12T14:20:10Z,59.0,Charge 6
2025-11-12T14:20:12Z,58.0,Charge 6
2025-11-12T14:20:14Z,57.0,Charge 6
2025-11-12T14:20:17Z,57.0,Charge 6
2025-11-12T14:20:18Z,56.0,Charge 6
2025-11-12T14:20:20Z,58.0,Charge 6
2025-11-12T14:20:23Z,58.0,Charge 6
2025-11-12T14:20:24Z,59.0,Charge 6
2025-11-12T14:20:26Z,59.0,Charge 6
2025-11-12T14:20:28Z,60.0,Charge 6
2025-11-12T14:20:30Z,69.0,Charge 6
2025-11-12T14:20:32Z,70.0,Charge 6
2025-11-12T14:20:33Z,71.0,Charge 6
2025-11-12T14:20:36Z,71.0,Charge 6
2025-11-12T14:20:37Z,68.0,Charge 6
2025-11-12T14:20:39Z,67.0,Charge 6
2025-11-12T14:20:41Z,68.0,Charge 6
2025-11-12T14:20:43Z,69.0,Charge 6
2025-11-12T14:20:45Z,71.0,Charge 6
2025-11-12T14:20:47Z,73.0,Charge 6
2025-11-12T14:20:49Z,74.0,Charge 6
2025-11-12T14:20:51Z,76.0,Charge 6
2025-11-12T14:20:53Z,74.0,Charge 6
2025-11-12T14:20:55Z,69.0,Charge 6
2025-11-12T14:20:57Z,66.0,Charge 6
2025-11-12T14:20:58Z,64.0,Charge 6
2025-11-12T14:21:00Z,63.0,Charge 6
2025-11-12T14:21:02Z,61.0,Charge 6
2025-11-12T14:21:04Z,60.0,Charge 6
2025-11-12T14:21:07Z,60.0,Charge 6
2025-11-12T14:21:08Z,61.0,Charge 6
2025-11-12T14:21:10Z,63.0,Charge 6
2025-11-12T14:21:12Z,70.0,Charge 6
2025-11-12T14:21:14Z,74.0,Charge 6
2025-11-12T14:21:16Z,76.0,Charge 6
2025-11-12T14:21:18Z,79.0,Charge 6
2025-11-12T14:21:20Z,83.0,Charge 6
2025-11-12T14:21:21Z,85.0,Charge 6
2025-11-12T14:21:23Z,85.0,Charge 6
2025-11-12T14:21:25Z,81.0,Charge 6
2025-11-12T14:21:27Z,72.0,Charge 6
2025-11-12T14:21:29Z,68.0,Charge 6
2025-11-12T14:21:31Z,65.0,Charge 6
2025-11-12T14:21:33Z,63.0,Charge 6
2025-11-12T14:21:35Z,61.0,Charge 6
2025-11-12T14:21:37Z,60.0,Charge 6
2025-11-12T14:21:39Z,59.0,Charge 6
2025-11-12T14:21:41Z,60.0,Charge 6
2025-11-12T14:21:43Z,59.0,Charge 6
2025-11-12T14:21:46Z,60.0,Charge 6
2025-11-12T14:21:49Z,60.0,Charge 6
2025-11-12T14:21:52Z,60.0,Charge 6
2025-11-12T14:21:54Z,61.0,Charge 6
2025-11-12T14:21:57Z,61.0,Charge 6
2025-11-12T14:21:58Z,60.0,Charge 6
2025-11-12T14:22:01Z,60.0,Charge 6
2025-11-12T14:22:04Z,61.0,Charge 6
2025-11-12T14:22:07Z,61.0,Charge 6
2025-11-12T14:22:09Z,62.0,Charge 6
2025-11-12T14:22:12Z,62.0,Charge 6
2025-11-12T14:22:13Z,61.0,Charge 6
2025-11-12T14:22:15Z,60.0,Charge 6
2025-11-12T14:22:18Z,60.0,Charge 6
2025-11-12T14:22:21Z,60.0,Charge 6
2025-11-12T14:22:24Z,60.0,Charge 6
2025-11-12T14:22:25Z,59.0,Charge 6
2025-11-12T14:22:26Z,58.0,Charge 6
2025-11-12T14:22:28Z,56.0,Charge 6
2025-11-12T14:22:31Z,56.0,Charge 6
2025-11-12T14:22:32Z,55.0,Charge 6
2025-11-12T14:22:35Z,55.0,Charge 6
2025-11-12T14:22:36Z,54.0,Charge 6
2025-11-12T14:22:39Z,54.0,Charge 6
2025-11-12T14:22:40Z,55.0,Charge 6
2025-11-12T14:22:43Z,55.0,Charge 6
2025-11-12T14:22:46Z,54.0,Charge 6
2025-11-12T14:22:49Z,54.0,Charge 6
2025-11-12T14:22:52Z,54.0,Charge 6
2025-11-12T14:22:55Z,54.0,Charge 6
2025-11-12T14:22:58Z,54.0,Charge 6
2025-11-12T14:22:59Z,55.0,Charge 6
2025-11-12T14:23:02Z,55.0,Charge 6
2025-11-12T14:23:03Z,54.0,Charge 6
2025-11-12T14:23:06Z,54.0,Charge 6
2025-11-12T14:23:07Z,55.0,Charge 6
2025-11-12T14:23:10Z,55.0,Charge 6
2025-11-12T14:23:13Z,55.0,Charge 6
2025-11-12T14:23:16Z,54.0,Charge 6
2025-11-12T14:23:18Z,54.0,Charge 6
2025-11-12T14:23:21Z,54.0,Charge 6
2025-11-12T14:23:22Z,53.0,Charge 6
2025-11-12T14:23:25Z,53.0,Charge 6
2025-11-12T14:23:28Z,52.0,Charge 6
2025-11-12T14:23:31Z,52.0,Charge 6
2025-11-12T14:23:34Z,52.0,Charge 6
2025-11-12T14:23:37Z,52.0,Charge 6
2025-11-12T14:23:38Z,51.0,Charge 6
2025-11-12T14:23:41Z,52.0,Charge 6
2025-11-12T14:23:43Z,53.0,Charge 6
2025-11-12T14:23:45Z,54.0,Charge 6
2025-11-12T14:23:48Z,54.0,Charge 6
2025-11-12T14:23:49Z,55.0,Charge 6
2025-11-12T14:23:51Z,56.0,Charge 6
2025-11-12T14:23:53Z,55.0,Charge 6
2025-11-12T14:23:55Z,54.0,Charge 6
2025-11-12T14:23:58Z,54.0,Charge 6
2025-11-12T14:24:01Z,54.0,Charge 6
2025-11-12T14:24:04Z,54.0,Charge 6
2025-11-12T14:24:07Z,54.0,Charge 6
2025-11-12T14:24:10Z,54.0,Charge 6
2025-11-12T14:24:12Z,55.0,Charge 6
2025-11-12T14:24:14Z,56.0,Charge 6
2025-11-12T14:24:16Z,58.0,Charge 6
2025-11-12T14:24:18Z,59.0,Charge 6
2025-11-12T14:24:20Z,62.0,Charge 6
2025-11-12T14:24:22Z,65.0,Charge 6
2025-11-12T14:24:24Z,69.0,Charge 6
2025-11-12T14:24:26Z,68.0,Charge 6
2025-11-12T14:24:27Z,65.0,Charge 6
2025-11-12T14:24:29Z,63.0,Charge 6
2025-11-12T14:24:31Z,62.0,Charge 6
2025-11-12T14:24:33Z,60.0,Charge 6
2025-11-12T14:24:35Z,58.0,Charge 6
2025-11-12T14:24:38Z,58.0,Charge 6
2025-11-12T14:24:39Z,57.0,Charge 6
2025-11-12T14:24:41Z,56.0,Charge 6
2025-11-12T14:24:43Z,54.0,Charge 6
2025-11-12T14:24:46Z,54.0,Charge 6
2025-11-12T14:24:47Z,53.0,Charge 6
2025-11-12T14:24:49Z,54.0,Charge 6
2025-11-12T14:24:52Z,54.0,Charge 6
2025-11-12T14:24:55Z,54.0,Charge 6
2025-11-12T14:24:58Z,53.0,Charge 6
2025-11-12T14:25:00Z,52.0,Charge 6
2025-11-12T14:25:03Z,52.0,Charge 6
2025-11-12T14:25:06Z,52.0,Charge 6
2025-11-12T14:25:08Z,54.0,Charge 6
2025-11-12T14:25:11Z,54.0,Charge 6
2025-11-12T14:25:14Z,54.0,Charge 6
2025-11-12T14:25:17Z,54.0,Charge 6
2025-11-12T14:25:20Z,54.0,Charge 6
2025-11-12T14:25:23Z,54.0,Charge 6
2025-11-12T14:25:25Z,54.0,Charge 6
2025-11-12T14:25:27Z,53.0,Charge 6
2025-11-12T14:25:29Z,52.0,Charge 6
2025-11-12T14:25:32Z,52.0,Charge 6
2025-11-12T14:25:35Z,52.0,Charge 6
2025-11-12T14:25:38Z,52.0,Charge 6
2025-11-12T14:25:41Z,52.0,Charge 6
2025-11-12T14:25:42Z,53.0,Charge 6
2025-11-12T14:25:45Z,53.0,Charge 6
2025-11-12T14:25:46Z,52.0,Charge 6
2025-11-12T14:25:49Z,52.0,Charge 6
2025-11-12T14:25:50Z,53.0,Charge 6
2025-11-12T14:25:52Z,54.0,Charge 6
2025-11-12T14:25:54Z,56.0,Charge 6
2025-11-12T14:25:57Z,56.0,Charge 6
2025-11-12T14:25:58Z,54.0,Charge 6
2025-11-12T14:26:00Z,53.0,Charge 6
2025-11-12T14:26:03Z,53.0,Charge 6
2025-11-12T14:26:06Z,53.0,Charge 6
2025-11-12T14:26:09Z,54.0,Charge 6
2025-11-12T14:26:11Z,53.0,Charge 6
2025-11-12T14:26:14Z,53.0,Charge 6
2025-11-12T14:26:15Z,52.0,Charge 6
2025-11-12T14:26:18Z,52.0,Charge 6
2025-11-12T14:26:21Z,52.0,Charge 6
2025-11-12T14:26:24Z,52.0,Charge 6
2025-11-12T14:26:27Z,52.0,Charge 6
2025-11-12T14:26:28Z,52.0,Charge 6
2025-11-12T14:26:31Z,52.0,Charge 6
2025-11-12T14:26:32Z,53.0,Charge 6
2025-11-12T14:26:34Z,54.0,Charge 6
2025-11-12T14:26:37Z,54.0,Charge 6
2025-11-12T14:26:40Z,56.0,Charge 6
2025-11-12T14:26:42Z,57.0,Charge 6
2025-11-12T14:26:44Z,58.0,Charge 6
2025-11-12T14:26:46Z,59.0,Charge 6
2025-11-12T14:26:49Z,59.0,Charge 6
2025-11-12T14:26:50Z,60.0,Charge 6
2025-11-12T14:26:51Z,59.0,Charge 6
2025-11-12T14:26:54Z,59.0,Charge 6
2025-11-12T14:26:55Z,60.0,Charge 6
2025-11-12T14:26:58Z,60.0,Charge 6
2025-11-12T14:27:01Z,61.0,Charge 6
2025-11-12T14:27:04Z,61.0,Charge 6
2025-11-12T14:27:05Z,62.0,Charge 6
2025-11-12T14:27:07Z,64.0,Charge 6
2025-11-12T14:27:10Z,64.0,Charge 6
2025-11-12T14:27:11Z,62.0,Charge 6
2025-11-12T14:27:13Z,61.0,Charge 6
2025-11-12T14:27:14Z,60.0,Charge 6
2025-11-12T14:27:16Z,58.0,Charge 6
2025-11-12T14:27:18Z,57.0,Charge 6
2025-11-12T14:27:20Z,56.0,Charge 6
2025-11-12T14:27:22Z,55.0,Charge 6
2025-11-12T14:27:24Z,54.0,Charge 6
2025-11-12T14:27:27Z,54.0,Charge 6
2025-11-12T14:27:30Z,53.0,Charge 6
2025-11-12T14:27:33Z,53.0,Charge 6
2025-11-12T14:27:36Z,53.0,Charge 6
2025-11-12T14:27:38Z,54.0,Charge 6
2025-11-12T14:27:41Z,53.0,Charge 6
2025-11-12T14:27:44Z,53.0,Charge 6
2025-11-12T14:27:45Z,52.0,Charge 6
2025-11-12T14:27:48Z,52.0,Charge 6
2025-11-12T14:27:51Z,52.0,Charge 6
2025-11-12T14:27:54Z,52.0,Charge 6
2025-11-12T14:27:55Z,53.0,Charge 6
2025-11-12T14:27:57Z,52.0,Charge 6
2025-11-12T14:28:00Z,52.0,Charge 6
2025-11-12T14:28:02Z,51.0,Charge 6
2025-11-12T14:28:04Z,50.0,Charge 6
2025-11-12T14:28:07Z,50.0,Charge 6
2025-11-12T14:28:08Z,51.0,Charge 6
2025-11-12T14:28:10Z,52.0,Charge 6
2025-11-12T14:28:12Z,54.0,Charge 6
2025-11-12T14:28:14Z,56.0,Charge 6
2025-11-12T14:28:16Z,58.0,Charge 6
2025-11-12T14:28:18Z,59.0,Charge 6
2025-11-12T14:28:20Z,58.0,Charge 6
2025-11-12T14:28:23Z,58.0,Charge 6
2025-11-12T14:28:24Z,56.0,Charge 6
2025-11-12T14:28:26Z,55.0,Charge 6
2025-11-12T14:28:27Z,54.0,Charge 6
2025-11-12T14:28:30Z,54.0,Charge 6
2025-11-12T14:28:33Z,54.0,Charge 6
2025-11-12T14:28:36Z,54.0,Charge 6
2025-11-12T14:28:37Z,56.0,Charge 6
2025-11-12T14:28:39Z,58.0,Charge 6
2025-11-12T14:28:41Z,57.0,Charge 6
2025-11-12T14:28:43Z,56.0,Charge 6
2025-11-12T14:28:45Z,54.0,Charge 6
2025-11-12T14:28:48Z,54.0,Charge 6
2025-11-12T14:28:49Z,54.0,Charge 6
2025-11-12T14:28:52Z,54.0,Charge 6
2025-11-12T14:28:55Z,54.0,Charge 6
2025-11-12T14:28:56Z,55.0,Charge 6
2025-11-12T14:28:59Z,55.0,Charge 6
2025-11-12T14:29:00Z,54.0,Charge 6
2025-11-12T14:29:03Z,54.0,Charge 6
2025-11-12T14:29:04Z,53.0,Charge 6
2025-11-12T14:29:07Z,53.0,Charge 6
2025-11-12T14:29:08Z,52.0,Charge 6
2025-11-12T14:29:11Z,52.0,Charge 6
2025-11-12T14:29:14Z,52.0,Charge 6
2025-11-12T14:29:15Z,54.0,Charge 6
2025-11-12T14:29:18Z,54.0,Charge 6
2025-11-12T14:29:21Z,53.0,Charge 6
2025-11-12T14:29:23Z,52.0,Charge 6
2025-11-12T14:29:25Z,52.0,Charge 6
2025-11-12T14:29:28Z,52.0,Charge 6
2025-11-12T14:29:31Z,52.0,Charge 6
2025-11-12T14:29:34Z,52.0,Charge 6
2025-11-12T14:29:37Z,52.0,Charge 6
2025-11-12T14:29:40Z,52.0,Charge 6
2025-11-12T14:29:43Z,52.0,Charge 6
2025-11-12T14:29:46Z,52.0,Charge 6
2025-11-12T14:29:49Z,52.0,Charge 6
2025-11-12T14:29:52Z,52.0,Charge 6
2025-11-12T14:29:54Z,53.0,Charge 6
2025-11-12T14:29:56Z,55.0,Charge 6
2025-11-12T14:29:58Z,57.0,Charge 6
2025-11-12T14:30:01Z,57.0,Charge 6
2025-11-12T14:30:03Z,56.0,Charge 6
2025-11-12T14:30:06Z,56.0,Charge 6
2025-11-12T14:30:09Z,56.0,Charge 6
2025-11-12T14:30:12Z,56.0,Charge 6
2025-11-12T14:30:15Z,55.0,Charge 6
2025-11-12T14:30:17Z,54.0,Charge 6
2025-11-12T14:30:20Z,54.0,Charge 6
2025-11-12T14:30:23Z,54.0,Charge 6
2025-11-12T14:30:26Z,54.0,Charge 6
2025-11-12T14:30:28Z,55.0,Charge 6
2025-11-12T14:30:30Z,56.0,Charge 6
2025-11-12T14:30:32Z,58.0,Charge 6
2025-11-12T14:30:34Z,60.0,Charge 6
2025-11-12T14:30:36Z,61.0,Charge 6
2025-11-12T14:30:38Z,64.0,Charge 6
2025-11-12T14:30:40Z,66.0,Charge 6
2025-11-12T14:30:42Z,68.0,Charge 6
2025-11-12T14:30:44Z,70.0,Charge 6
2025-11-12T14:30:46Z,74.0,Charge 6
2025-11-12T14:30:48Z,73.0,Charge 6
2025-11-12T14:30:50Z,71.0,Charge 6
2025-11-12T14:30:51Z,77.0,Charge 6
2025-11-12T14:30:53Z,75.0,Charge 6
2025-11-12T14:30:55Z,74.0,Charge 6
2025-11-12T14:30:57Z,75.0,Charge 6
2025-11-12T14:30:59Z,76.0,Charge 6
2025-11-12T14:31:01Z,77.0,Charge 6
2025-11-12T14:31:03Z,80.0,Charge 6
2025-11-12T14:31:06Z,80.0,Charge 6
2025-11-12T14:31:07Z,84.0,Charge 6
2025-11-12T14:31:09Z,86.0,Charge 6
2025-11-12T14:31:11Z,84.0,Charge 6
2025-11-12T14:31:13Z,76.0,Charge 6
2025-11-12T14:31:14Z,73.0,Charge 6
2025-11-12T14:31:16Z,65.0,Charge 6
2025-11-12T14:31:18Z,62.0,Charge 6
2025-11-12T14:31:20Z,60.0,Charge 6
2025-11-12T14:31:22Z,58.0,Charge 6
2025-11-12T14:31:25Z,58.0,Charge 6
2025-11-12T14:31:26Z,57.0,Charge 6
2025-11-12T14:31:28Z,56.0,Charge 6
2025-11-12T14:31:30Z,55.0,Charge 6
2025-11-12T14:31:32Z,55.0,Charge 6
2025-11-12T14:31:34Z,54.0,Charge 6
2025-11-12T14:31:36Z,53.0,Charge 6
2025-11-12T14:31:38Z,53.0,Charge 6
2025-11-12T14:31:39Z,52.0,Charge 6
2025-11-12T14:31:41Z,53.0,Charge 6
2025-11-12T14:31:43Z,54.0,Charge 6
2025-11-12T14:31:46Z,54.0,Charge 6
2025-11-12T14:31:47Z,54.0,Charge 6
2025-11-12T14:31:49Z,54.0,Charge 6
2025-11-12T14:31:52Z,54.0,Charge 6
2025-11-12T14:31:55Z,54.0,Charge 6
2025-11-12T14:31:57Z,53.0,Charge 6
2025-11-12T14:32:00Z,53.0,Charge 6
2025-11-12T14:32:01Z,52.0,Charge 6
2025-11-12T14:32:04Z,52.0,Charge 6
2025-11-12T14:32:07Z,52.0,Charge 6
2025-11-12T14:32:08Z,51.0,Charge 6
2025-11-12T14:32:11Z,51.0,Charge 6
2025-11-12T14:32:14Z,51.0,Charge 6
2025-11-12T14:32:17Z,51.0,Charge 6
2025-11-12T14:32:18Z,52.0,Charge 6
2025-11-12T14:32:21Z,52.0,Charge 6
2025-11-12T14:32:24Z,52.0,Charge 6
2025-11-12T14:32:26Z,53.0,Charge 6
2025-11-12T14:32:27Z,54.0,Charge 6
2025-11-12T14:32:30Z,54.0,Charge 6
2025-11-12T14:32:31Z,53.0,Charge 6
2025-11-12T14:32:33Z,52.0,Charge 6
2025-11-12T14:32:36Z,52.0,Charge 6
2025-11-12T14:32:39Z,52.0,Charge 6
2025-11-12T14:32:42Z,52.0,Charge 6
2025-11-12T14:32:45Z,52.0,Charge 6
2025-11-12T14:32:48Z,52.0,Charge 6
2025-11-12T14:32:51Z,52.0,Charge 6
2025-11-12T14:32:52Z,53.0,Charge 6
2025-11-12T14:32:54Z,54.0,Charge 6
2025-11-12T14:32:56Z,55.0,Charge 6
2025-11-12T14:32:58Z,54.0,Charge 6
2025-11-12T14:33:00Z,53.0,Charge 6
2025-11-12T14:33:02Z,52.0,Charge 6
2025-11-12T14:33:05Z,52.0,Charge 6
2025-11-12T14:33:08Z,52.0,Charge 6
2025-11-12T14:33:11Z,52.0,Charge 6
2025-11-12T14:33:14Z,53.0,Charge 6
2025-11-12T14:33:17Z,52.0,Charge 6
2025-11-12T14:33:20Z,52.0,Charge 6
2025-11-12T14:33:23Z,52.0,Charge 6
2025-11-12T14:33:26Z,52.0,Charge 6
2025-11-12T14:33:29Z,52.0,Charge 6
2025-11-12T14:33:32Z,52.0,Charge 6
2025-11-12T14:33:35Z,52.0,Charge 6
2025-11-12T14:33:37Z,52.0,Charge 6
2025-11-12T14:33:40Z,52.0,Charge 6
2025-11-12T14:33:42Z,51.0,Charge 6
2025-11-12T14:33:44Z,52.0,Charge 6
2025-11-12T14:33:47Z,52.0,Charge 6
2025-11-12T14:33:50Z,53.0,Charge 6
2025-11-12T14:33:53Z,53.0,Charge 6
2025-11-12T14:33:56Z,53.0,Charge 6
2025-11-12T14:33:59Z,53.0,Charge 6
2025-11-12T14:34:02Z,53.0,Charge 6
2025-11-12T14:34:05Z,53.0,Charge 6
2025-11-12T14:34:08Z,53.0,Charge 6
2025-11-12T14:34:09Z,52.0,Charge 6
2025-11-12T14:34:11Z,53.0,Charge 6
2025-11-12T14:34:14Z,53.0,Charge 6
2025-11-12T14:34:17Z,54.0,Charge 6
2025-11-12T14:34:20Z,54.0,Charge 6
2025-11-12T14:34:23Z,54.0,Charge 6
2025-11-12T14:34:25Z,53.0,Charge 6
2025-11-12T14:34:28Z,52.0,Charge 6
2025-11-12T14:34:30Z,53.0,Charge 6
2025-11-12T14:34:32Z,54.0,Charge 6
2025-11-12T14:34:35Z,54.0,Charge 6
2025-11-12T14:34:38Z,54.0,Charge 6
2025-11-12T14:34:41Z,54.0,Charge 6
2025-11-12T14:34:42Z,56.0,Charge 6
2025-11-12T14:34:45Z,56.0,Charge 6
2025-11-12T14:34:46Z,55.0,Charge 6
2025-11-12T14:34:48Z,53.0,Charge 6
2025-11-12T14:34:51Z,52.0,Charge 6
2025-11-12T14:34:54Z,52.0,Charge 6
2025-11-12T14:34:57Z,53.0,Charge 6
2025-11-12T14:35:00Z,53.0,Charge 6
2025-11-12T14:35:03Z,54.0,Charge 6
2025-11-12T14:35:05Z,57.0,Charge 6
2025-11-12T14:35:07Z,61.0,Charge 6
2025-11-12T14:35:09Z,63.0,Charge 6
2025-11-12T14:35:11Z,66.0,Charge 6
2025-11-12T14:35:13Z,67.0,Charge 6
2025-11-12T14:35:14Z,70.0,Charge 6
2025-11-12T14:35:16Z,71.0,Charge 6
2025-11-12T14:35:18Z,69.0,Charge 6
2025-11-12T14:35:20Z,68.0,Charge 6
2025-11-12T14:35:22Z,65.0,Charge 6
2025-11-12T14:35:24Z,63.0,Charge 6
2025-11-12T14:35:26Z,61.0,Charge 6
2025-11-12T14:35:28Z,59.0,Charge 6
2025-11-12T14:35:30Z,58.0,Charge 6
2025-11-12T14:35:32Z,56.0,Charge 6
2025-11-12T14:35:34Z,55.0,Charge 6
2025-11-12T14:35:36Z,54.0,Charge 6
2025-11-12T14:35:39Z,54.0,Charge 6
2025-11-12T14:35:42Z,54.0,Charge 6
2025-11-12T14:35:45Z,54.0,Charge 6
2025-11-12T14:35:47Z,54.0,Charge 6
2025-11-12T14:35:50Z,54.0,Charge 6
2025-11-12T14:35:53Z,54.0,Charge 6
2025-11-12T14:35:56Z,54.0,Charge 6
2025-11-12T14:35:57Z,56.0,Charge 6
2025-11-12T14:36:00Z,56.0,Charge 6
2025-11-12T14:36:02Z,57.0,Charge 6
2025-11-12T14:36:04Z,58.0,Charge 6
2025-11-12T14:36:06Z,60.0,Charge 6
2025-11-12T14:36:08Z,61.0,Charge 6
2025-11-12T14:36:11Z,61.0,Charge 6
2025-11-12T14:36:14Z,60.0,Charge 6
2025-11-12T14:36:17Z,60.0,Charge 6
2025-11-12T14:36:20Z,59.0,Charge 6
2025-11-12T14:36:22Z,58.0,Charge 6
2025-11-12T14:36:25Z,58.0,Charge 6
2025-11-12T14:36:28Z,58.0,Charge 6
2025-11-12T14:36:31Z,56.0,Charge 6
2025-11-12T14:36:34Z,56.0,Charge 6
2025-11-12T14:36:37Z,56.0,Charge 6
2025-11-12T14:36:40Z,56.0,Charge 6
2025-11-12T14:36:41Z,57.0,Charge 6
2025-11-12T14:36:44Z,57.0,Charge 6
2025-11-12T14:36:45Z,58.0,Charge 6
2025-11-12T14:36:48Z,58.0,Charge 6
2025-11-12T14:36:51Z,58.0,Charge 6
2025-11-12T14:36:54Z,57.0,Charge 6
2025-11-12T14:36:56Z,58.0,Charge 6
2025-11-12T14:36:59Z,58.0,Charge 6
2025-11-12T14:37:02Z,58.0,Charge 6
2025-11-12T14:37:05Z,58.0,Charge 6
2025-11-12T14:37:06Z,56.0,Charge 6
2025-11-12T14:37:09Z,56.0,Charge 6
2025-11-12T14:37:12Z,55.0,Charge 6
2025-11-12T14:37:15Z,55.0,Charge 6
2025-11-12T14:37:18Z,55.0,Charge 6
2025-11-12T14:37:19Z,56.0,Charge 6
2025-11-12T14:37:22Z,56.0,Charge 6
2025-11-12T14:37:23Z,57.0,Charge 6
2025-11-12T14:37:25Z,58.0,Charge 6
2025-11-12T14:37:27Z,60.0,Charge 6
2025-11-12T14:37:30Z,60.0,Charge 6
2025-11-12T14:37:31Z,59.0,Charge 6
2025-11-12T14:37:33Z,58.0,Charge 6
2025-11-12T14:37:36Z,58.0,Charge 6
2025-11-12T14:37:39Z,58.0,Charge 6
2025-11-12T14:37:41Z,60.0,Charge 6
2025-11-12T14:37:43Z,61.0,Charge 6
2025-11-12T14:37:45Z,62.0,Charge 6
2025-11-12T14:37:48Z,62.0,Charge 6
2025-11-12T14:37:50Z,61.0,Charge 6
2025-11-12T14:37:52Z,60.0,Charge 6
2025-11-12T14:37:54Z,59.0,Charge 6
2025-11-12T14:37:57Z,59.0,Charge 6
2025-11-12T14:37:58Z,59.0,Charge 6
2025-11-12T14:38:01Z,59.0,Charge 6
2025-11-12T14:38:04Z,58.0,Charge 6
2025-11-12T14:38:07Z,58.0,Charge 6
2025-11-12T14:38:10Z,58.0,Charge 6
2025-11-12T14:38:13Z,56.0,Charge 6
2025-11-12T14:38:15Z,57.0,Charge 6
2025-11-12T14:38:17Z,58.0,Charge 6
2025-11-12T14:38:20Z,58.0,Charge 6
2025-11-12T14:38:23Z,58.0,Charge 6
2025-11-12T14:38:26Z,58.0,Charge 6
2025-11-12T14:38:29Z,58.0,Charge 6
2025-11-12T14:38:32Z,58.0,Charge 6
2025-11-12T14:38:35Z,58.0,Charge 6
2025-11-12T14:38:38Z,58.0,Charge 6
2025-11-12T14:38:41Z,58.0,Charge 6
2025-11-12T14:38:44Z,58.0,Charge 6
2025-11-12T14:38:47Z,58.0,Charge 6
2025-11-12T14:38:50Z,58.0,Charge 6
2025-11-12T14:38:53Z,58.0,Charge 6
2025-11-12T14:38:54Z,57.0,Charge 6
2025-11-12T14:38:57Z,56.0,Charge 6
2025-11-12T14:38:59Z,56.0,Charge 6
2025-11-12T14:39:01Z,58.0,Charge 6
2025-11-12T14:39:03Z,60.0,Charge 6
2025-11-12T14:39:05Z,65.0,Charge 6
2025-11-12T14:39:07Z,70.0,Charge 6
2025-11-12T14:39:09Z,70.0,Charge 6
2025-11-12T14:39:12Z,70.0,Charge 6
2025-11-12T14:39:13Z,68.0,Charge 6
2025-11-12T14:39:15Z,67.0,Charge 6
2025-11-12T14:39:17Z,66.0,Charge 6
2025-11-12T14:39:19Z,64.0,Charge 6
2025-11-12T14:39:21Z,63.0,Charge 6
2025-11-12T14:39:22Z,62.0,Charge 6
2025-11-12T14:39:24Z,60.0,Charge 6
2025-11-12T14:39:26Z,59.0,Charge 6
2025-11-12T14:39:28Z,57.0,Charge 6
2025-11-12T14:39:30Z,56.0,Charge 6
2025-11-12T14:39:33Z,56.0,Charge 6
2025-11-12T14:39:34Z,55.0,Charge 6
2025-11-12T14:39:37Z,55.0,Charge 6
2025-11-12T14:39:38Z,54.0,Charge 6
2025-11-12T14:39:41Z,54.0,Charge 6
2025-11-12T14:39:44Z,54.0,Charge 6
2025-11-12T14:39:47Z,55.0,Charge 6
2025-11-12T14:39:49Z,54.0,Charge 6
2025-11-12T14:39:52Z,54.0,Charge 6
2025-11-12T14:39:55Z,55.0,Charge 6
2025-11-12T14:39:58Z,55.0,Charge 6
2025-11-12T14:39:59Z,56.0,Charge 6
2025-11-12T14:40:01Z,55.0,Charge 6
2025-11-12T14:40:04Z,55.0,Charge 6
2025-11-12T14:40:05Z,56.0,Charge 6
2025-11-12T14:40:07Z,56.0,Charge 6
2025-11-12T14:40:09Z,57.0,Charge 6
2025-11-12T14:40:10Z,58.0,Charge 6
2025-11-12T14:40:12Z,60.0,Charge 6
2025-11-12T14:40:15Z,60.0,Charge 6
2025-11-12T14:40:18Z,60.0,Charge 6
2025-11-12T14:40:21Z,60.0,Charge 6
2025-11-12T14:40:22Z,59.0,Charge 6
2025-11-12T14:40:24Z,58.0,Charge 6
2025-11-12T14:40:26Z,58.0,Charge 6
2025-11-12T14:40:28Z,60.0,Charge 6
2025-11-12T14:40:30Z,68.0,Charge 6
2025-11-12T14:40:32Z,69.0,Charge 6
2025-11-12T14:40:33Z,61.0,Charge 6
2025-11-12T14:40:35Z,59.0,Charge 6
2025-11-12T14:40:37Z,57.0,Charge 6
2025-11-12T14:40:39Z,56.0,Charge 6
2025-11-12T14:40:42Z,56.0,Charge 6
2025-11-12T14:40:43Z,55.0,Charge 6
2025-11-12T14:40:45Z,56.0,Charge 6
2025-11-12T14:40:48Z,56.0,Charge 6
2025-11-12T14:40:49Z,55.0,Charge 6
2025-11-12T14:40:52Z,55.0,Charge 6
2025-11-12T14:40:55Z,55.0,Charge 6
2025-11-12T14:40:57Z,54.0,Charge 6
2025-11-12T14:41:00Z,54.0,Charge 6
2025-11-12T14:41:02Z,54.0,Charge 6
2025-11-12T14:41:04Z,55.0,Charge 6
2025-11-12T14:41:06Z,56.0,Charge 6
2025-11-12T14:41:09Z,56.0,Charge 6
2025-11-12T14:41:12Z,56.0,Charge 6
2025-11-12T14:41:14Z,55.0,Charge 6
2025-11-12T14:41:17Z,55.0,Charge 6
2025-11-12T14:41:18Z,56.0,Charge 6
2025-11-12T14:41:21Z,56.0,Charge 6
2025-11-12T14:41:24Z,56.0,Charge 6
2025-11-12T14:41:27Z,56.0,Charge 6
2025-11-12T14:41:29Z,57.0,Charge 6
2025-11-12T14:41:31Z,58.0,Charge 6
2025-11-12T14:41:34Z,58.0,Charge 6
2025-11-12T14:41:37Z,58.0,Charge 6
2025-11-12T14:41:40Z,58.0,Charge 6
2025-11-12T14:41:41Z,56.0,Charge 6
2025-11-12T14:41:44Z,56.0,Charge 6
2025-11-12T14:41:46Z,55.0,Charge 6
2025-11-12T14:41:49Z,55.0,Charge 6
2025-11-12T14:41:52Z,54.0,Charge 6
2025-11-12T14:41:55Z,54.0,Charge 6
2025-11-12T14:41:58Z,55.0,Charge 6
2025-11-12T14:42:01Z,55.0,Charge 6
2025-11-12T14:42:04Z,54.0,Charge 6
2025-11-12T14:42:07Z,54.0,Charge 6
2025-11-12T14:42:10Z,54.0,Charge 6
2025-11-12T14:42:11Z,54.0,Charge 6
2025-11-12T14:42:14Z,54.0,Charge 6
2025-11-12T14:42:15Z,55.0,Charge 6
2025-11-12T14:42:17Z,54.0,Charge 6
2025-11-12T14:42:20Z,54.0,Charge 6
2025-11-12T14:42:23Z,54.0,Charge 6
2025-11-12T14:42:26Z,54.0,Charge 6
2025-11-12T14:42:29Z,54.0,Charge 6
2025-11-12T14:42:32Z,54.0,Charge 6
2025-11-12T14:42:34Z,55.0,Charge 6
2025-11-12T14:42:36Z,56.0,Charge 6
2025-11-12T14:42:39Z,56.0,Charge 6
2025-11-12T14:42:40Z,57.0,Charge 6
2025-11-12T14:42:42Z,58.0,Charge 6
2025-11-12T14:42:45Z,58.0,Charge 6
2025-11-12T14:42:48Z,58.0,Charge 6
2025-11-12T14:42:50Z,57.0,Charge 6
2025-11-12T14:42:52Z,56.0,Charge 6
2025-11-12T14:42:55Z,56.0,Charge 6
2025-11-12T14:42:58Z,56.0,Charge 6
2025-11-12T14:43:01Z,56.0,Charge 6
2025-11-12T14:43:04Z,56.0,Charge 6
2025-11-12T14:43:07Z,56.0,Charge 6
2025-11-12T14:43:10Z,56.0,Charge 6
2025-11-12T14:43:13Z,56.0,Charge 6
2025-11-12T14:43:16Z,56.0,Charge 6
2025-11-12T14:43:19Z,56.0,Charge 6
2025-11-12T14:43:21Z,56.0,Charge 6
2025-11-12T14:43:24Z,56.0,Charge 6
2025-11-12T14:43:27Z,56.0,Charge 6
2025-11-12T14:43:28Z,57.0,Charge 6
2025-11-12T14:43:30Z,58.0,Charge 6
2025-11-12T14:43:32Z,57.0,Charge 6
2025-11-12T14:43:34Z,56.0,Charge 6
2025-11-12T14:43:37Z,56.0,Charge 6
2025-11-12T14:43:38Z,54.0,Charge 6
2025-11-12T14:43:41Z,54.0,Charge 6
2025-11-12T14:43:44Z,54.0,Charge 6
2025-11-12T14:43:47Z,53.0,Charge 6
2025-11-12T14:43:49Z,52.0,Charge 6
2025-11-12T14:43:52Z,52.0,Charge 6
2025-11-12T14:43:53Z,54.0,Charge 6
2025-11-12T14:43:55Z,55.0,Charge 6
2025-11-12T14:43:57Z,56.0,Charge 6
2025-11-12T14:44:00Z,56.0,Charge 6
2025-11-12T14:44:01Z,58.0,Charge 6
2025-11-12T14:44:03Z,60.0,Charge 6
2025-11-12T14:44:05Z,62.0,Charge 6
2025-11-12T14:44:07Z,64.0,Charge 6
2025-11-12T14:44:09Z,71.0,Charge 6
2025-11-12T14:44:10Z,74.0,Charge 6
2025-11-12T14:44:12Z,78.0,Charge 6
2025-11-12T14:44:15Z,78.0,Charge 6
2025-11-12T14:44:16Z,76.0,Charge 6
2025-11-12T14:44:18Z,73.0,Charge 6
2025-11-12T14:44:20Z,72.0,Charge 6
2025-11-12T14:44:22Z,70.0,Charge 6
2025-11-12T14:44:24Z,69.0,Charge 6
2025-11-12T14:44:27Z,69.0,Charge 6
2025-11-12T14:44:30Z,67.0,Charge 6
2025-11-12T14:44:33Z,67.0,Charge 6
2025-11-12T14:44:35Z,64.0,Charge 6
2025-11-12T14:44:37Z,59.0,Charge 6
2025-11-12T14:44:39Z,57.0,Charge 6
2025-11-12T14:44:41Z,55.0,Charge 6
2025-11-12T14:44:43Z,54.0,Charge 6
2025-11-12T14:44:46Z,54.0,Charge 6
2025-11-12T14:44:47Z,54.0,Charge 6
2025-11-12T14:44:49Z,55.0,Charge 6
2025-11-12T14:44:52Z,55.0,Charge 6
2025-11-12T14:44:55Z,55.0,Charge 6
2025-11-12T14:44:58Z,56.0,Charge 6
2025-11-12T14:45:01Z,56.0,Charge 6
2025-11-12T14:45:02Z,55.0,Charge 6
2025-11-12T14:45:04Z,54.0,Charge 6
2025-11-12T14:45:07Z,54.0,Charge 6
2025-11-12T14:45:10Z,54.0,Charge 6
2025-11-12T14:45:12Z,53.0,Charge 6
2025-11-12T14:45:14Z,52.0,Charge 6
2025-11-12T14:45:17Z,52.0,Charge 6
2025-11-12T14:45:20Z,52.0,Charge 6
2025-11-12T14:45:21Z,52.0,Charge 6
2025-11-12T14:45:24Z,52.0,Charge 6
2025-11-12T14:45:25Z,52.0,Charge 6
2025-11-12T14:45:27Z,52.0,Charge 6
2025-11-12T14:45:30Z,52.0,Charge 6
2025-11-12T14:45:33Z,52.0,Charge 6
2025-11-12T14:45:36Z,52.0,Charge 6
2025-11-12T14:45:39Z,53.0,Charge 6
2025-11-12T14:45:41Z,54.0,Charge 6
2025-11-12T14:45:43Z,54.0,Charge 6
2025-11-12T14:45:45Z,53.0,Charge 6
2025-11-12T14:45:46Z,54.0,Charge 6
2025-11-12T14:45:49Z,54.0,Charge 6
2025-11-12T14:45:52Z,55.0,Charge 6
2025-11-12T14:45:54Z,56.0,Charge 6
2025-11-12T14:45:56Z,58.0,Charge 6
2025-11-12T14:45:58Z,58.0,Charge 6
2025-11-12T14:46:00Z,57.0,Charge 6
2025-11-12T14:46:02Z,55.0,Charge 6
2025-11-12T14:46:04Z,54.0,Charge 6
2025-11-12T14:46:07Z,54.0,Charge 6
2025-11-12T14:46:10Z,54.0,Charge 6
2025-11-12T14:46:13Z,53.0,Charge 6
2025-11-12T14:46:15Z,54.0,Charge 6
2025-11-12T14:46:17Z,55.0,Charge 6
2025-11-12T14:46:19Z,56.0,Charge 6
2025-11-12T14:46:21Z,60.0,Charge 6
2025-11-12T14:46:23Z,65.0,Charge 6
2025-11-12T14:46:25Z,67.0,Charge 6
2025-11-12T14:46:27Z,70.0,Charge 6
2025-11-12T14:46:29Z,73.0,Charge 6
2025-11-12T14:46:31Z,73.0,Charge 6
2025-11-12T14:46:34Z,71.0,Charge 6
2025-11-12T14:46:36Z,70.0,Charge 6
2025-11-12T14:46:38Z,68.0,Charge 6
2025-11-12T14:46:40Z,67.0,Charge 6
2025-11-12T14:46:42Z,65.0,Charge 6
2025-11-12T14:46:44Z,62.0,Charge 6
2025-11-12T14:46:46Z,61.0,Charge 6
2025-11-12T14:46:48Z,59.0,Charge 6
2025-11-12T14:46:50Z,57.0,Charge 6
2025-11-12T14:46:52Z,55.0,Charge 6
2025-11-12T14:46:55Z,55.0,Charge 6
2025-11-12T14:46:57Z,54.0,Charge 6
2025-11-12T14:47:00Z,54.0,Charge 6
2025-11-12T14:47:03Z,55.0,Charge 6
2025-11-12T14:47:05Z,56.0,Charge 6
2025-11-12T14:47:08Z,56.0,Charge 6
2025-11-12T14:47:09Z,54.0,Charge 6
2025-11-12T14:47:12Z,54.0,Charge 6
2025-11-12T14:47:15Z,54.0,Charge 6
2025-11-12T14:47:18Z,54.0,Charge 6
2025-11-12T14:47:21Z,54.0,Charge 6
2025-11-12T14:47:24Z,54.0,Charge 6
2025-11-12T14:47:26Z,54.0,Charge 6
2025-11-12T14:47:28Z,52.0,Charge 6
2025-11-12T14:47:31Z,52.0,Charge 6
2025-11-12T14:47:34Z,51.0,Charge 6
2025-11-12T14:47:36Z,50.0,Charge 6
2025-11-12T14:47:39Z,50.0,Charge 6
2025-11-12T14:47:42Z,50.0,Charge 6
2025-11-12T14:47:45Z,49.0,Charge 6
2025-11-12T14:47:47Z,48.0,Charge 6
2025-11-12T14:47:50Z,48.0,Charge 6
2025-11-12T14:47:53Z,48.0,Charge 6
2025-11-12T14:47:56Z,48.0,Charge 6
2025-11-12T14:47:59Z,48.0,Charge 6
2025-11-12T14:48:01Z,49.0,Charge 6
2025-11-12T14:48:03Z,50.0,Charge 6
2025-11-12T14:48:06Z,50.0,Charge 6
2025-11-12T14:48:07Z,51.0,Charge 6
2025-11-12T14:48:10Z,52.0,Charge 6
2025-11-12T14:48:12Z,53.0,Charge 6
2025-11-12T14:48:14Z,54.0,Charge 6
2025-11-12T14:48:16Z,56.0,Charge 6
2025-11-12T14:48:18Z,57.0,Charge 6
2025-11-12T14:48:20Z,56.0,Charge 6
2025-11-12T14:48:22Z,57.0,Charge 6
2025-11-12T14:48:24Z,58.0,Charge 6
2025-11-12T14:48:27Z,58.0,Charge 6
2025-11-12T14:48:30Z,58.0,Charge 6
2025-11-12T14:48:32Z,56.0,Charge 6
2025-11-12T14:48:35Z,56.0,Charge 6
2025-11-12T14:48:37Z,55.0,Charge 6
2025-11-12T14:48:39Z,54.0,Charge 6
2025-11-12T14:48:42Z,54.0,Charge 6
2025-11-12T14:48:43Z,55.0,Charge 6
2025-11-12T14:48:45Z,56.0,Charge 6
2025-11-12T14:48:48Z,56.0,Charge 6
2025-11-12T14:48:51Z,55.0,Charge 6
2025-11-12T14:48:53Z,54.0,Charge 6
2025-11-12T14:48:55Z,53.0,Charge 6
2025-11-12T14:48:57Z,52.0,Charge 6
2025-11-12T14:49:00Z,52.0,Charge 6
2025-11-12T14:49:03Z,52.0,Charge 6
2025-11-12T14:49:04Z,56.0,Charge 6
2025-11-12T14:49:06Z,60.0,Charge 6
2025-11-12T14:49:08Z,57.0,Charge 6
2025-11-12T14:49:10Z,54.0,Charge 6
2025-11-12T14:49:12Z,53.0,Charge 6
2025-11-12T14:49:14Z,52.0,Charge 6
2025-11-12T14:49:17Z,52.0,Charge 6
2025-11-12T14:49:20Z,52.0,Charge 6
2025-11-12T14:49:23Z,52.0,Charge 6
2025-11-12T14:49:25Z,51.0,Charge 6
2025-11-12T14:49:28Z,51.0,Charge 6
2025-11-12T14:49:29Z,50.0,Charge 6
2025-11-12T14:49:32Z,50.0,Charge 6
2025-11-12T14:49:33Z,50.0,Charge 6
2025-11-12T14:49:36Z,50.0,Charge 6
2025-11-12T14:49:39Z,51.0,Charge 6
2025-11-12T14:49:41Z,50.0,Charge 6
2025-11-12T14:49:44Z,50.0,Charge 6
2025-11-12T14:49:45Z,51.0,Charge 6
2025-11-12T14:49:46Z,52.0,Charge 6
2025-11-12T14:49:49Z,52.0,Charge 6
2025-11-12T14:49:50Z,51.0,Charge 6
2025-11-12T14:49:52Z,50.0,Charge 6
2025-11-12T14:49:55Z,50.0,Charge 6
2025-11-12T14:49:58Z,50.0,Charge 6
2025-11-12T14:50:00Z,51.0,Charge 6
2025-11-12T14:50:02Z,52.0,Charge 6
2025-11-12T14:50:04Z,53.0,Charge 6
2025-11-12T14:50:06Z,54.0,Charge 6
2025-11-12T14:50:09Z,53.0,Charge 6
2025-11-12T14:50:11Z,52.0,Charge 6
2025-11-12T14:50:14Z,52.0,Charge 6
2025-11-12T14:50:17Z,52.0,Charge 6
2025-11-12T14:50:20Z,52.0,Charge 6
2025-11-12T14:50:21Z,54.0,Charge 6
2025-11-12T14:50:23Z,57.0,Charge 6
2025-11-12T14:50:25Z,61.0,Charge 6
2025-11-12T14:50:27Z,64.0,Charge 6
2025-11-12T14:50:29Z,67.0,Charge 6
2025-11-12T14:50:31Z,68.0,Charge 6
2025-11-12T14:50:33Z,66.0,Charge 6
2025-11-12T14:50:34Z,64.0,Charge 6
2025-11-12T14:50:36Z,64.0,Charge 6
2025-11-12T14:50:38Z,63.0,Charge 6
2025-11-12T14:50:40Z,62.0,Charge 6
2025-11-12T14:50:42Z,61.0,Charge 6
2025-11-12T14:50:44Z,60.0,Charge 6
2025-11-12T14:50:46Z,59.0,Charge 6
2025-11-12T14:50:48Z,58.0,Charge 6
2025-11-12T14:50:50Z,56.0,Charge 6
2025-11-12T14:50:52Z,54.0,Charge 6
2025-11-12T14:50:55Z,54.0,Charge 6
2025-11-12T14:50:56Z,53.0,Charge 6
2025-11-12T14:50:59Z,52.0,Charge 6
2025-11-12T14:51:02Z,52.0,Charge 6
2025-11-12T14:51:03Z,51.0,Charge 6
2025-11-12T14:51:05Z,50.0,Charge 6
2025-11-12T14:51:08Z,50.0,Charge 6
2025-11-12T14:51:11Z,50.0,Charge 6
2025-11-12T14:51:14Z,50.0,Charge 6
2025-11-12T14:51:17Z,50.0,Charge 6
2025-11-12T14:51:19Z,51.0,Charge 6
2025-11-12T14:51:21Z,52.0,Charge 6
2025-11-12T14:51:22Z,53.0,Charge 6
2025-11-12T14:51:24Z,54.0,Charge 6
2025-11-12T14:51:26Z,56.0,Charge 6
2025-11-12T14:51:28Z,57.0,Charge 6
2025-11-12T14:51:30Z,58.0,Charge 6
2025-11-12T14:51:33Z,58.0,Charge 6
2025-11-12T14:51:34Z,57.0,Charge 6
2025-11-12T14:51:37Z,57.0,Charge 6
2025-11-12T14:51:40Z,56.0,Charge 6
2025-11-12T14:51:43Z,56.0,Charge 6
2025-11-12T14:51:46Z,56.0,Charge 6
2025-11-12T14:51:47Z,58.0,Charge 6
2025-11-12T14:51:50Z,58.0,Charge 6
2025-11-12T14:51:51Z,56.0,Charge 6
2025-11-12T14:51:53Z,55.0,Charge 6
2025-11-12T14:51:56Z,55.0,Charge 6
2025-11-12T14:51:57Z,54.0,Charge 6
2025-11-12T14:52:00Z,54.0,Charge 6
2025-11-12T14:52:03Z,54.0,Charge 6
2025-11-12T14:52:06Z,54.0,Charge 6
2025-11-12T14:52:09Z,53.0,Charge 6
2025-11-12T14:52:10Z,52.0,Charge 6
2025-11-12T14:52:13Z,52.0,Charge 6
2025-11-12T14:52:14Z,51.0,Charge 6
2025-11-12T14:52:16Z,50.0,Charge 6
2025-11-12T14:52:19Z,50.0,Charge 6
2025-11-12T14:52:22Z,50.0,Charge 6
2025-11-12T14:52:25Z,50.0,Charge 6
2025-11-12T14:52:28Z,51.0,Charge 6
2025-11-12T14:52:30Z,52.0,Charge 6
2025-11-12T14:52:33Z,52.0,Charge 6
2025-11-12T14:52:35Z,52.0,Charge 6
2025-11-12T14:52:38Z,52.0,Charge 6
2025-11-12T14:52:40Z,53.0,Charge 6
2025-11-12T14:52:42Z,54.0,Charge 6
2025-11-12T14:52:44Z,55.0,Charge 6
2025-11-12T14:52:46Z,56.0,Charge 6
2025-11-12T14:52:49Z,56.0,Charge 6
2025-11-12T14:52:52Z,55.0,Charge 6
2025-11-12T14:52:55Z,55.0,Charge 6
2025-11-12T14:52:56Z,54.0,Charge 6
2025-11-12T14:52:57Z,55.0,Charge 6
2025-11-12T14:53:00Z,55.0,Charge 6
2025-11-12T14:53:03Z,56.0,Charge 6
2025-11-12T14:53:06Z,56.0,Charge 6
2025-11-12T14:53:09Z,56.0,Charge 6
2025-11-12T14:53:11Z,54.0,Charge 6
2025-11-12T14:53:14Z,54.0,Charge 6
2025-11-12T14:53:15Z,53.0,Charge 6
2025-11-12T14:53:17Z,52.0,Charge 6
2025-11-12T14:53:19Z,53.0,Charge 6
2025-11-12T14:53:22Z,53.0,Charge 6
2025-11-12T14:53:24Z,52.0,Charge 6
2025-11-12T14:53:27Z,52.0,Charge 6
2025-11-12T14:53:30Z,52.0,Charge 6
2025-11-12T14:53:33Z,52.0,Charge 6
2025-11-12T14:53:36Z,51.0,Charge 6
2025-11-12T14:53:38Z,50.0,Charge 6
2025-11-12T14:53:40Z,50.0,Charge 6
2025-11-12T14:53:43Z,50.0,Charge 6
2025-11-12T14:53:46Z,50.0,Charge 6
2025-11-12T14:53:49Z,49.0,Charge 6
2025-11-12T14:53:52Z,49.0,Charge 6
2025-11-12T14:53:53Z,48.0,Charge 6
2025-11-12T14:53:56Z,48.0,Charge 6
2025-11-12T14:53:59Z,49.0,Charge 6
2025-11-12T14:54:01Z,50.0,Charge 6
2025-11-12T14:54:04Z,50.0,Charge 6
2025-11-12T14:54:05Z,52.0,Charge 6
2025-11-12T14:54:07Z,54.0,Charge 6
2025-11-12T14:54:09Z,56.0,Charge 6
2025-11-12T14:54:12Z,54.0,Charge 6
2025-11-12T14:54:14Z,53.0,Charge 6
2025-11-12T14:54:17Z,53.0,Charge 6
2025-11-12T14:54:20Z,54.0,Charge 6
2025-11-12T14:54:23Z,54.0,Charge 6
2025-11-12T14:54:24Z,55.0,Charge 6
2025-11-12T14:54:26Z,56.0,Charge 6
2025-11-12T14:54:28Z,57.0,Charge 6
2025-11-12T14:54:30Z,58.0,Charge 6
2025-11-12T14:54:32Z,59.0,Charge 6
2025-11-12T14:54:33Z,58.0,Charge 6
2025-11-12T14:54:35Z,57.0,Charge 6
2025-11-12T14:54:37Z,55.0,Charge 6
2025-11-12T14:54:39Z,54.0,Charge 6
2025-11-12T14:54:41Z,54.0,Charge 6
2025-11-12T14:54:44Z,54.0,Charge 6
2025-11-12T14:54:47Z,54.0,Charge 6
2025-11-12T14:54:49Z,53.0,Charge 6
2025-11-12T14:54:52Z,53.0,Charge 6
2025-11-12T14:54:55Z,54.0,Charge 6
2025-11-12T14:54:58Z,56.0,Charge 6
2025-11-12T14:55:01Z,56.0,Charge 6
2025-11-12T14:55:04Z,56.0,Charge 6
2025-11-12T14:55:07Z,56.0,Charge 6
2025-11-12T14:55:10Z,56.0,Charge 6
2025-11-12T14:55:13Z,56.0,Charge 6
2025-11-12T14:55:16Z,56.0,Charge 6
2025-11-12T14:55:19Z,56.0,Charge 6
2025-11-12T14:55:22Z,56.0,Charge 6
2025-11-12T14:55:23Z,57.0,Charge 6
2025-11-12T14:55:25Z,58.0,Charge 6
2025-11-12T14:55:28Z,58.0,Charge 6
2025-11-12T14:55:29Z,57.0,Charge 6
2025-11-12T14:55:31Z,56.0,Charge 6
2025-11-12T14:55:34Z,56.0,Charge 6
2025-11-12T14:55:37Z,56.0,Charge 6
2025-11-12T14:55:40Z,56.0,Charge 6
2025-11-12T14:55:43Z,56.0,Charge 6
2025-11-12T14:55:46Z,55.0,Charge 6
2025-11-12T14:55:48Z,54.0,Charge 6
2025-11-12T14:55:51Z,54.0,Charge 6
2025-11-12T14:55:52Z,54.0,Charge 6
2025-11-12T14:55:55Z,54.0,Charge 6
2025-11-12T14:55:58Z,54.0,Charge 6
2025-11-12T14:56:01Z,54.0,Charge 6
2025-11-12T14:56:04Z,54.0,Charge 6
2025-11-12T14:56:07Z,54.0,Charge 6
2025-11-12T14:56:09Z,55.0,Charge 6
2025-11-12T14:56:12Z,55.0,Charge 6
2025-11-12T14:56:13Z,54.0,Charge 6
2025-11-12T14:56:15Z,55.0,Charge 6
2025-11-12T14:56:17Z,56.0,Charge 6
2025-11-12T14:56:20Z,56.0,Charge 6
2025-11-12T14:56:23Z,56.0,Charge 6
2025-11-12T14:56:26Z,56.0,Charge 6
2025-11-12T14:56:29Z,55.0,Charge 6
2025-11-12T14:56:31Z,54.0,Charge 6
2025-11-12T14:56:34Z,54.0,Charge 6
2025-11-12T14:56:36Z,53.0,Charge 6
2025-11-12T14:56:38Z,52.0,Charge 6
2025-11-12T14:56:41Z,52.0,Charge 6
2025-11-12T14:56:44Z,51.0,Charge 6
2025-11-12T14:56:47Z,51.0,Charge 6
2025-11-12T14:56:48Z,52.0,Charge 6
2025-11-12T14:56:50Z,53.0,Charge 6
2025-11-12T14:56:52Z,54.0,Charge 6
2025-11-12T14:56:55Z,54.0,Charge 6
2025-11-12T14:56:57Z,53.0,Charge 6
2025-11-12T14:56:59Z,54.0,Charge 6
2025-11-12T14:57:02Z,54.0,Charge 6
2025-11-12T14:57:03Z,55.0,Charge 6
2025-11-12T14:57:05Z,56.0,Charge 6
2025-11-12T14:57:07Z,58.0,Charge 6
2025-11-12T14:57:09Z,60.0,Charge 6
2025-11-12T14:57:12Z,60.0,Charge 6
2025-11-12T14:57:15Z,60.0,Charge 6
2025-11-12T14:57:17Z,59.0,Charge 6
2025-11-12T14:57:20Z,59.0,Charge 6
2025-11-12T14:57:21Z,58.0,Charge 6
2025-11-12T14:57:24Z,58.0,Charge 6
2025-11-12T14:57:27Z,58.0,Charge 6
2025-11-12T14:57:30Z,57.0,Charge 6
2025-11-12T14:57:32Z,56.0,Charge 6
2025-11-12T14:57:35Z,56.0,Charge 6
2025-11-12T14:57:38Z,56.0,Charge 6
2025-11-12T14:57:41Z,56.0,Charge 6
2025-11-12T14:57:44Z,55.0,Charge 6
2025-11-12T14:57:45Z,54.0,Charge 6
2025-11-12T14:57:48Z,54.0,Charge 6
2025-11-12T14:57:51Z,54.0,Charge 6
2025-11-12T14:57:53Z,53.0,Charge 6
2025-11-12T14:57:56Z,53.0,Charge 6
2025-11-12T14:57:57Z,52.0,Charge 6
2025-11-12T14:58:00Z,52.0,Charge 6
2025-11-12T14:58:03Z,52.0,Charge 6
2025-11-12T14:58:05Z,52.0,Charge 6
2025-11-12T14:58:08Z,52.0,Charge 6
2025-11-12T14:58:11Z,52.0,Charge 6
2025-11-12T14:58:14Z,52.0,Charge 6
2025-11-12T14:58:17Z,52.0,Charge 6
2025-11-12T14:58:18Z,53.0,Charge 6
2025-11-12T14:58:21Z,53.0,Charge 6
2025-11-12T14:58:22Z,54.0,Charge 6
2025-11-12T14:58:25Z,54.0,Charge 6
2025-11-12T14:58:28Z,56.0,Charge 6
2025-11-12T14:58:30Z,58.0,Charge 6
2025-11-12T14:58:32Z,62.0,Charge 6
2025-11-12T14:58:33Z,68.0,Charge 6
2025-11-12T14:58:35Z,72.0,Charge 6
2025-11-12T14:58:37Z,74.0,Charge 6
2025-11-12T14:58:39Z,77.0,Charge 6
2025-11-12T14:58:42Z,77.0,Charge 6
2025-11-12T14:58:43Z,75.0,Charge 6
2025-11-12T14:58:45Z,74.0,Charge 6
2025-11-12T14:58:47Z,70.0,Charge 6
2025-11-12T14:58:49Z,65.0,Charge 6
2025-11-12T14:58:51Z,62.0,Charge 6
2025-11-12T14:58:53Z,60.0,Charge 6
2025-11-12T14:58:55Z,59.0,Charge 6
2025-11-12T14:58:57Z,58.0,Charge 6
2025-11-12T14:58:58Z,57.0,Charge 6
2025-11-12T14:59:00Z,55.0,Charge 6
2025-11-12T14:59:02Z,54.0,Charge 6
2025-11-12T14:59:05Z,54.0,Charge 6
2025-11-12T14:59:06Z,53.0,Charge 6
2025-11-12T14:59:08Z,52.0,Charge 6
2025-11-12T14:59:11Z,52.0,Charge 6
2025-11-12T14:59:14Z,52.0,Charge 6
2025-11-12T14:59:17Z,52.0,Charge 6
2025-11-12T14:59:20Z,52.0,Charge 6
2025-11-12T14:59:21Z,53.0,Charge 6
2025-11-12T14:59:23Z,54.0,Charge 6
2025-11-12T14:59:26Z,54.0,Charge 6
2025-11-12T14:59:27Z,58.0,Charge 6
2025-11-12T14:59:29Z,60.0,Charge 6
2025-11-12T14:59:31Z,62.0,Charge 6
2025-11-12T14:59:33Z,61.0,Charge 6
2025-11-12T14:59:35Z,57.0,Charge 6
2025-11-12T14:59:37Z,56.0,Charge 6
2025-11-12T14:59:40Z,56.0,Charge 6
2025-11-12T14:59:41Z,55.0,Charge 6
2025-11-12T14:59:44Z,55.0,Charge 6
2025-11-12T14:59:46Z,54.0,Charge 6
2025-11-12T14:59:49Z,54.0,Charge 6
2025-11-12T14:59:52Z,53.0,Charge 6
2025-11-12T14:59:55Z,53.0,Charge 6
2025-11-12T14:59:56Z,54.0,Charge 6
2025-11-12T14:59:59Z,54.0,Charge 6
2025-11-12T15:00:02Z,54.0,Charge 6
2025-11-12T15:00:04Z,52.0,Charge 6
2025-11-12T15:00:07Z,52.0,Charge 6
2025-11-12T15:00:10Z,52.0,Charge 6
2025-11-12T15:00:11Z,53.0,Charge 6
2025-11-12T15:00:14Z,53.0,Charge 6
2025-11-12T15:00:17Z,53.0,Charge 6
2025-11-12T15:00:20Z,53.0,Charge 6
2025-11-12T15:00:23Z,52.0,Charge 6
2025-11-12T15:00:26Z,52.0,Charge 6
2025-11-12T15:00:29Z,53.0,Charge 6
2025-11-12T15:00:31Z,54.0,Charge 6
2025-11-12T15:00:34Z,53.0,Charge 6
2025-11-12T15:00:37Z,53.0,Charge 6
2025-11-12T15:00:40Z,54.0,Charge 6
2025-11-12T15:00:43Z,54.0,Charge 6
2025-11-12T15:00:46Z,54.0,Charge 6
2025-11-12T15:00:49Z,54.0,Charge 6
2025-11-12T15:00:52Z,54.0,Charge 6
2025-11-12T15:00:55Z,54.0,Charge 6
2025-11-12T15:00:58Z,54.0,Charge 6
2025-11-12T15:01:01Z,54.0,Charge 6
2025-11-12T15:01:03Z,53.0,Charge 6
2025-11-12T15:01:06Z,53.0,Charge 6
2025-11-12T15:01:07Z,54.0,Charge 6
2025-11-12T15:01:10Z,54.0,Charge 6
2025-11-12T15:01:11Z,53.0,Charge 6
2025-11-12T15:01:13Z,54.0,Charge 6
2025-11-12T15:01:15Z,59.0,Charge 6
2025-11-12T15:01:17Z,61.0,Charge 6
2025-11-12T15:01:19Z,66.0,Charge 6
2025-11-12T15:01:21Z,69.0,Charge 6
2025-11-12T15:01:22Z,70.0,Charge 6
2025-11-12T15:01:24Z,73.0,Charge 6
2025-11-12T15:01:26Z,75.0,Charge 6
2025-11-12T15:01:28Z,74.0,Charge 6
2025-11-12T15:01:30Z,71.0,Charge 6
2025-11-12T15:01:32Z,70.0,Charge 6
2025-11-12T15:01:34Z,69.0,Charge 6
2025-11-12T15:01:36Z,70.0,Charge 6
2025-11-12T15:01:38Z,68.0,Charge 6
2025-11-12T15:01:40Z,65.0,Charge 6
2025-11-12T15:01:42Z,63.0,Charge 6
2025-11-12T15:01:44Z,61.0,Charge 6
2025-11-12T15:01:45Z,60.0,Charge 6
2025-11-12T15:01:47Z,59.0,Charge 6
2025-11-12T15:01:49Z,58.0,Charge 6
2025-11-12T15:01:51Z,57.0,Charge 6
2025-11-12T15:01:53Z,56.0,Charge 6
2025-11-12T15:01:56Z,56.0,Charge 6
2025-11-12T15:01:59Z,55.0,Charge 6
2025-11-12T15:02:02Z,55.0,Charge 6
2025-11-12T15:02:05Z,55.0,Charge 6
2025-11-12T15:02:08Z,55.0,Charge 6
2025-11-12T15:02:10Z,54.0,Charge 6
2025-11-12T15:02:12Z,54.0,Charge 6
2025-11-12T15:02:15Z,54.0,Charge 6
2025-11-12T15:02:18Z,54.0,Charge 6
2025-11-12T15:02:21Z,54.0,Charge 6
2025-11-12T15:02:24Z,54.0,Charge 6
2025-11-12T15:02:27Z,54.0,Charge 6
2025-11-12T15:02:28Z,55.0,Charge 6
2025-11-12T15:02:30Z,56.0,Charge 6
2025-11-12T15:02:33Z,55.0,Charge 6
2025-11-12T15:02:35Z,56.0,Charge 6
2025-11-12T15:02:38Z,56.0,Charge 6
2025-11-12T15:02:41Z,56.0,Charge 6
2025-11-12T15:02:43Z,57.0,Charge 6
2025-11-12T15:02:46Z,57.0,Charge 6
2025-11-12T15:02:47Z,56.0,Charge 6
2025-11-12T15:02:50Z,56.0,Charge 6
2025-11-12T15:02:53Z,56.0,Charge 6
2025-11-12T15:02:56Z,56.0,Charge 6
2025-11-12T15:02:58Z,57.0,Charge 6
2025-11-12T15:03:00Z,59.0,Charge 6
2025-11-12T15:03:02Z,63.0,Charge 6
2025-11-12T15:03:04Z,71.0,Charge 6
2025-11-12T15:03:06Z,72.0,Charge 6
2025-11-12T15:03:08Z,71.0,Charge 6
2025-11-12T15:03:11Z,71.0,Charge 6
2025-11-12T15:03:12Z,73.0,Charge 6
2025-11-12T15:03:14Z,73.0,Charge 6
2025-11-12T15:03:16Z,75.0,Charge 6
2025-11-12T15:03:18Z,76.0,Charge 6
2025-11-12T15:03:21Z,78.0,Charge 6
2025-11-12T15:03:23Z,79.0,Charge 6
2025-11-12T15:03:25Z,79.0,Charge 6
2025-11-12T15:03:27Z,76.0,Charge 6
2025-11-12T15:03:29Z,72.0,Charge 6
2025-11-12T15:03:31Z,67.0,Charge 6
2025-11-12T15:03:33Z,65.0,Charge 6
2025-11-12T15:03:35Z,63.0,Charge 6
2025-11-12T15:03:37Z,61.0,Charge 6
2025-11-12T15:03:39Z,61.0,Charge 6
2025-11-12T15:03:41Z,60.0,Charge 6
2025-11-12T15:03:43Z,59.0,Charge 6
2025-11-12T15:03:45Z,59.0,Charge 6
2025-11-12T15:03:48Z,58.0,Charge 6
2025-11-12T15:03:51Z,58.0,Charge 6
2025-11-12T15:03:52Z,60.0,Charge 6
2025-11-12T15:03:55Z,60.0,Charge 6
2025-11-12T15:03:56Z,59.0,Charge 6
2025-11-12T15:03:58Z,59.0,Charge 6
2025-11-12T15:04:00Z,58.0,Charge 6
2025-11-12T15:04:03Z,58.0,Charge 6
2025-11-12T15:04:06Z,57.0,Charge 6
2025-11-12T15:04:08Z,56.0,Charge 6
2025-11-12T15:04:09Z,57.0,Charge 6
2025-11-12T15:04:11Z,57.0,Charge 6
2025-11-12T15:04:13Z,58.0,Charge 6
2025-11-12T15:04:16Z,58.0,Charge 6
2025-11-12T15:04:17Z,56.0,Charge 6
2025-11-12T15:04:20Z,56.0,Charge 6
2025-11-12T15:04:21Z,57.0,Charge 6
2025-11-12T15:04:23Z,58.0,Charge 6
2025-11-12T15:04:26Z,58.0,Charge 6
2025-11-12T15:04:27Z,60.0,Charge 6
2025-11-12T15:04:29Z,62.0,Charge 6
2025-11-12T15:04:32Z,62.0,Charge 6
2025-11-12T15:04:33Z,60.0,Charge 6
2025-11-12T15:04:36Z,59.0,Charge 6
2025-11-12T15:04:38Z,58.0,Charge 6
2025-11-12T15:04:41Z,58.0,Charge 6
2025-11-12T15:04:44Z,58.0,Charge 6
2025-11-12T15:04:47Z,58.0,Charge 6
2025-11-12T15:04:50Z,59.0,Charge 6
2025-11-12T15:04:52Z,58.0,Charge 6
2025-11-12T15:04:55Z,58.0,Charge 6
2025-11-12T15:04:56Z,57.0,Charge 6
2025-11-12T15:04:57Z,56.0,Charge 6
2025-11-12T15:04:59Z,57.0,Charge 6
2025-11-12T15:05:01Z,58.0,Charge 6
2025-11-12T15:05:03Z,57.0,Charge 6
2025-11-12T15:05:05Z,56.0,Charge 6
2025-11-12T15:05:08Z,56.0,Charge 6
2025-11-12T15:05:09Z,56.0,Charge 6
2025-11-12T15:05:12Z,56.0,Charge 6
2025-11-12T15:05:15Z,57.0,Charge 6
2025-11-12T15:05:17Z,59.0,Charge 6
2025-11-12T15:05:19Z,63.0,Charge 6
2025-11-12T15:05:21Z,69.0,Charge 6
2025-11-12T15:05:22Z,70.0,Charge 6
2025-11-12T15:05:24Z,64.0,Charge 6
2025-11-12T15:05:26Z,61.0,Charge 6
2025-11-12T15:05:28Z,59.0,Charge 6
2025-11-12T15:05:30Z,57.0,Charge 6
2025-11-12T15:05:33Z,57.0,Charge 6
2025-11-12T15:05:34Z,58.0,Charge 6
2025-11-12T15:05:36Z,61.0,Charge 6
2025-11-12T15:05:38Z,64.0,Charge 6
2025-11-12T15:05:40Z,71.0,Charge 6
2025-11-12T15:05:43Z,71.0,Charge 6
2025-11-12T15:05:44Z,72.0,Charge 6
2025-11-12T15:05:45Z,69.0,Charge 6
2025-11-12T15:05:47Z,65.0,Charge 6
2025-11-12T15:05:49Z,64.0,Charge 6
2025-11-12T15:05:51Z,61.0,Charge 6
2025-11-12T15:05:53Z,59.0,Charge 6
2025-11-12T15:05:55Z,58.0,Charge 6
2025-11-12T15:05:57Z,56.0,Charge 6
2025-11-12T15:05:59Z,55.0,Charge 6
2025-11-12T15:06:01Z,56.0,Charge 6
2025-11-12T15:06:03Z,55.0,Charge 6
2025-11-12T15:06:06Z,55.0,Charge 6
2025-11-12T15:06:09Z,54.0,Charge 6
2025-11-12T15:06:12Z,53.0,Charge 6
2025-11-12T15:06:15Z,53.0,Charge 6
2025-11-12T15:06:18Z,53.0,Charge 6
2025-11-12T15:06:20Z,54.0,Charge 6
2025-11-12T15:06:23Z,54.0,Charge 6
2025-11-12T15:06:26Z,54.0,Charge 6
2025-11-12T15:06:28Z,55.0,Charge 6
2025-11-12T15:06:30Z,56.0,Charge 6
2025-11-12T15:06:33Z,55.0,Charge 6
2025-11-12T15:06:35Z,54.0,Charge 6
2025-11-12T15:06:38Z,54.0,Charge 6
2025-11-12T15:06:41Z,54.0,Charge 6
2025-11-12T15:06:44Z,54.0,Charge 6
2025-11-12T15:06:47Z,54.0,Charge 6
2025-11-12T15:06:50Z,54.0,Charge 6
2025-11-12T15:06:53Z,54.0,Charge 6
2025-11-12T15:06:56Z,54.0,Charge 6
2025-11-12T15:06:58Z,53.0,Charge 6
2025-11-12T15:07:01Z,53.0,Charge 6
2025-11-12T15:07:04Z,53.0,Charge 6
2025-11-12T15:07:07Z,53.0,Charge 6
2025-11-12T15:07:08Z,54.0,Charge 6
2025-11-12T15:07:10Z,55.0,Charge 6
2025-11-12T15:07:13Z,55.0,Charge 6
2025-11-12T15:07:14Z,54.0,Charge 6
2025-11-12T15:07:17Z,54.0,Charge 6
2025-11-12T15:07:20Z,54.0,Charge 6
2025-11-12T15:07:23Z,56.0,Charge 6
2025-11-12T15:07:26Z,56.0,Charge 6
2025-11-12T15:07:27Z,55.0,Charge 6
2025-11-12T15:07:29Z,54.0,Charge 6
2025-11-12T15:07:32Z,54.0,Charge 6
2025-11-12T15:07:35Z,54.0,Charge 6
2025-11-12T15:07:38Z,54.0,Charge 6
2025-11-12T15:07:39Z,55.0,Charge 6
2025-11-12T15:07:41Z,56.0,Charge 6
2025-11-12T15:07:44Z,58.0,Charge 6
2025-11-12T15:07:45Z,69.0,Charge 6
2025-11-12T15:07:47Z,71.0,Charge 6
2025-11-12T15:07:49Z,68.0,Charge 6
2025-11-12T15:07:51Z,65.0,Charge 6
2025-11-12T15:07:53Z,63.0,Charge 6
2025-11-12T15:07:55Z,58.0,Charge 6
2025-11-12T15:07:57Z,57.0,Charge 6
2025-11-12T15:07:59Z,57.0,Charge 6
2025-11-12T15:08:01Z,56.0,Charge 6
2025-11-12T15:08:04Z,56.0,Charge 6
2025-11-12T15:08:05Z,55.0,Charge 6
2025-11-12T15:08:07Z,54.0,Charge 6
2025-11-12T15:08:10Z,54.0,Charge 6
2025-11-12T15:08:12Z,54.0,Charge 6
2025-11-12T15:08:15Z,54.0,Charge 6
2025-11-12T15:08:18Z,54.0,Charge 6
2025-11-12T15:08:21Z,54.0,Charge 6
2025-11-12T15:08:22Z,52.0,Charge 6
2025-11-12T15:08:25Z,52.0,Charge 6
2025-11-12T15:08:28Z,53.0,Charge 6
2025-11-12T15:08:30Z,57.0,Charge 6
2025-11-12T15:08:32Z,60.0,Charge 6
2025-11-12T15:08:33Z,66.0,Charge 6
2025-11-12T15:08:35Z,71.0,Charge 6
2025-11-12T15:08:37Z,75.0,Charge 6
2025-11-12T15:08:39Z,77.0,Charge 6
2025-11-12T15:08:41Z,78.0,Charge 6
2025-11-12T15:08:43Z,76.0,Charge 6
2025-11-12T15:08:45Z,74.0,Charge 6
2025-11-12T15:08:47Z,71.0,Charge 6
2025-11-12T15:08:49Z,69.0,Charge 6
2025-11-12T15:08:51Z,71.0,Charge 6
2025-11-12T15:08:53Z,73.0,Charge 6
2025-11-12T15:08:55Z,71.0,Charge 6
2025-11-12T15:08:58Z,74.0,Charge 6
2025-11-12T15:09:00Z,75.0,Charge 6
2025-11-12T15:09:02Z,77.0,Charge 6
2025-11-12T15:09:04Z,82.0,Charge 6
2025-11-12T15:09:07Z,82.0,Charge 6
2025-11-12T15:09:08Z,84.0,Charge 6
2025-11-12T15:09:10Z,79.0,Charge 6
2025-11-12T15:09:12Z,77.0,Charge 6
2025-11-12T15:09:14Z,75.0,Charge 6
2025-11-12T15:09:16Z,76.0,Charge 6
2025-11-12T15:09:18Z,75.0,Charge 6
2025-11-12T15:09:20Z,73.0,Charge 6
2025-11-12T15:09:21Z,72.0,Charge 6
2025-11-12T15:09:23Z,70.0,Charge 6
2025-11-12T15:09:25Z,71.0,Charge 6
2025-11-12T15:09:28Z,71.0,Charge 6
2025-11-12T15:09:29Z,70.0,Charge 6
2025-11-12T15:09:32Z,70.0,Charge 6
2025-11-12T15:09:33Z,67.0,Charge 6
2025-11-12T15:09:35Z,58.0,Charge 6
2025-11-12T15:09:37Z,57.0,Charge 6
2025-11-12T15:09:40Z,57.0,Charge 6
2025-11-12T15:09:41Z,55.0,Charge 6
2025-11-12T15:09:44Z,55.0,Charge 6
2025-11-12T15:09:47Z,55.0,Charge 6
2025-11-12T15:09:48Z,58.0,Charge 6
2025-11-12T15:09:50Z,57.0,Charge 6
2025-11-12T15:09:52Z,54.0,Charge 6
2025-11-12T15:09:55Z,54.0,Charge 6
2025-11-12T15:09:58Z,53.0,Charge 6
2025-11-12T15:10:00Z,54.0,Charge 6
2025-11-12T15:10:02Z,54.0,Charge 6
2025-11-12T15:10:04Z,54.0,Charge 6
2025-11-12T15:10:06Z,53.0,Charge 6
2025-11-12T15:10:08Z,54.0,Charge 6
2025-11-12T15:10:09Z,54.0,Charge 6
2025-11-12T15:10:12Z,54.0,Charge 6
2025-11-12T15:10:15Z,54.0,Charge 6
2025-11-12T15:10:18Z,54.0,Charge 6
2025-11-12T15:10:19Z,53.0,Charge 6
2025-11-12T15:10:22Z,53.0,Charge 6
2025-11-12T15:10:23Z,52.0,Charge 6
2025-11-12T15:10:26Z,52.0,Charge 6
2025-11-12T15:10:29Z,53.0,Charge 6
2025-11-12T15:10:31Z,52.0,Charge 6
2025-11-12T15:10:34Z,52.0,Charge 6
2025-11-12T15:10:36Z,51.0,Charge 6
2025-11-12T15:10:39Z,51.0,Charge 6
2025-11-12T15:10:40Z,52.0,Charge 6
2025-11-12T15:10:43Z,52.0,Charge 6
2025-11-12T15:10:44Z,54.0,Charge 6
2025-11-12T15:10:46Z,54.0,Charge 6
2025-11-12T15:10:48Z,55.0,Charge 6
2025-11-12T15:10:50Z,57.0,Charge 6
2025-11-12T15:10:52Z,61.0,Charge 6
2025-11-12T15:10:54Z,60.0,Charge 6
2025-11-12T15:10:56Z,57.0,Charge 6
2025-11-12T15:10:57Z,55.0,Charge 6
2025-11-12T15:11:00Z,55.0,Charge 6
2025-11-12T15:11:01Z,54.0,Charge 6
2025-11-12T15:11:03Z,53.0,Charge 6
2025-11-12T15:11:06Z,53.0,Charge 6
2025-11-12T15:11:07Z,52.0,Charge 6
2025-11-12T15:11:09Z,54.0,Charge 6
2025-11-12T15:11:11Z,56.0,Charge 6
2025-11-12T15:11:14Z,56.0,Charge 6
2025-11-12T15:11:15Z,55.0,Charge 6
2025-11-12T15:11:17Z,54.0,Charge 6
2025-11-12T15:11:20Z,54.0,Charge 6
2025-11-12T15:11:21Z,53.0,Charge 6
2025-11-12T15:11:24Z,53.0,Charge 6
2025-11-12T15:11:27Z,53.0,Charge 6
2025-11-12T15:11:28Z,54.0,Charge 6
2025-11-12T15:11:30Z,60.0,Charge 6
2025-11-12T15:11:32Z,64.0,Charge 6
2025-11-12T15:11:34Z,66.0,Charge 6
2025-11-12T15:11:36Z,67.0,Charge 6
2025-11-12T15:11:38Z,67.0,Charge 6
2025-11-12T15:11:40Z,68.0,Charge 6
2025-11-12T15:11:43Z,68.0,Charge 6
2025-11-12T15:11:44Z,70.0,Charge 6
2025-11-12T15:11:46Z,72.0,Charge 6
2025-11-12T15:11:48Z,73.0,Charge 6
2025-11-12T15:11:50Z,74.0,Charge 6
2025-11-12T15:11:52Z,75.0,Charge 6
2025-11-12T15:11:54Z,75.0,Charge 6
2025-11-12T15:11:56Z,72.0,Charge 6
2025-11-12T15:11:57Z,70.0,Charge 6
2025-11-12T15:11:59Z,68.0,Charge 6
2025-11-12T15:12:01Z,66.0,Charge 6
2025-11-12T15:12:03Z,64.0,Charge 6
2025-11-12T15:12:05Z,62.0,Charge 6
2025-11-12T15:12:07Z,60.0,Charge 6
2025-11-12T15:12:09Z,59.0,Charge 6
2025-11-12T15:12:11Z,58.0,Charge 6
2025-11-12T15:12:13Z,56.0,Charge 6
2025-11-12T15:12:15Z,56.0,Charge 6
2025-11-12T15:12:17Z,55.0,Charge 6
2025-11-12T15:12:20Z,55.0,Charge 6
2025-11-12T15:12:23Z,55.0,Charge 6
2025-11-12T15:12:24Z,56.0,Charge 6
2025-11-12T15:12:27Z,56.0,Charge 6
2025-11-12T15:12:30Z,56.0,Charge 6
2025-11-12T15:12:33Z,56.0,Charge 6
2025-11-12T15:12:36Z,57.0,Charge 6
2025-11-12T15:12:39Z,57.0,Charge 6
2025-11-12T15:12:40Z,58.0,Charge 6
2025-11-12T15:12:43Z,58.0,Charge 6
2025-11-12T15:12:46Z,58.0,Charge 6
2025-11-12T15:12:49Z,57.0,Charge 6
2025-11-12T15:12:51Z,56.0,Charge 6
2025-11-12T15:12:54Z,56.0,Charge 6
2025-11-12T15:12:57Z,56.0,Charge 6
2025-11-12T15:12:59Z,56.0,Charge 6
2025-11-12T15:13:02Z,56.0,Charge 6
2025-11-12T15:13:05Z,55.0,Charge 6
2025-11-12T15:13:08Z,55.0,Charge 6
2025-11-12T15:13:10Z,54.0,Charge 6
2025-11-12T15:13:13Z,54.0,Charge 6
2025-11-12T15:13:16Z,54.0,Charge 6
2025-11-12T15:13:18Z,52.0,Charge 6
2025-11-12T15:13:21Z,52.0,Charge 6
2025-11-12T15:13:24Z,52.0,Charge 6
2025-11-12T15:13:27Z,52.0,Charge 6
2025-11-12T15:13:30Z,52.0,Charge 6
2025-11-12T15:13:33Z,52.0,Charge 6
2025-11-12T15:13:35Z,53.0,Charge 6
2025-11-12T15:13:38Z,53.0,Charge 6
2025-11-12T15:13:39Z,54.0,Charge 6
2025-11-12T15:13:42Z,54.0,Charge 6
2025-11-12T15:13:45Z,53.0,Charge 6
2025-11-12T15:13:47Z,52.0,Charge 6
2025-11-12T15:13:50Z,52.0,Charge 6
2025-11-12T15:13:51Z,54.0,Charge 6
2025-11-12T15:13:54Z,54.0,Charge 6
2025-11-12T15:13:57Z,54.0,Charge 6
2025-11-12T15:14:00Z,53.0,Charge 6
2025-11-12T15:14:03Z,53.0,Charge 6
2025-11-12T15:14:06Z,53.0,Charge 6
2025-11-12T15:14:08Z,54.0,Charge 6
2025-11-12T15:14:10Z,54.0,Charge 6
2025-11-12T15:14:13Z,54.0,Charge 6
2025-11-12T15:14:14Z,53.0,Charge 6
2025-11-12T15:14:17Z,53.0,Charge 6
2025-11-12T15:14:20Z,53.0,Charge 6
2025-11-12T15:14:21Z,52.0,Charge 6
2025-11-12T15:14:23Z,53.0,Charge 6
2025-11-12T15:14:26Z,53.0,Charge 6
2025-11-12T15:14:27Z,52.0,Charge 6
2025-11-12T15:14:30Z,52.0,Charge 6
2025-11-12T15:14:31Z,53.0,Charge 6
2025-11-12T15:14:34Z,53.0,Charge 6
2025-11-12T15:14:37Z,53.0,Charge 6
2025-11-12T15:14:39Z,52.0,Charge 6
2025-11-12T15:14:42Z,52.0,Charge 6
2025-11-12T15:14:44Z,53.0,Charge 6
2025-11-12T15:14:47Z,53.0,Charge 6
2025-11-12T15:14:50Z,52.0,Charge 6
2025-11-12T15:14:53Z,52.0,Charge 6
2025-11-12T15:14:56Z,52.0,Charge 6
2025-11-12T15:14:59Z,52.0,Charge 6
2025-11-12T15:15:02Z,52.0,Charge 6
2025-11-12T15:15:05Z,52.0,Charge 6
2025-11-12T15:15:08Z,53.0,Charge 6
2025-11-12T15:15:11Z,54.0,Charge 6
2025-11-12T15:15:13Z,53.0,Charge 6
2025-11-12T15:15:16Z,53.0,Charge 6
2025-11-12T15:15:17Z,52.0,Charge 6
2025-11-12T15:15:20Z,52.0,Charge 6
2025-11-12T15:15:23Z,52.0,Charge 6
2025-11-12T15:15:25Z,53.0,Charge 6
2025-11-12T15:15:28Z,53.0,Charge 6
2025-11-12T15:15:31Z,52.0,Charge 6
2025-11-12T15:15:34Z,52.0,Charge 6
2025-11-12T15:15:37Z,52.0,Charge 6
2025-11-12T15:15:38Z,53.0,Charge 6
2025-11-12T15:15:40Z,54.0,Charge 6
2025-11-12T15:15:43Z,54.0,Charge 6
2025-11-12T15:15:46Z,52.0,Charge 6
2025-11-12T15:15:49Z,52.0,Charge 6
2025-11-12T15:15:52Z,52.0,Charge 6
2025-11-12T15:15:55Z,52.0,Charge 6
2025-11-12T15:15:57Z,53.0,Charge 6
2025-11-12T15:15:59Z,54.0,Charge 6
2025-11-12T15:16:02Z,54.0,Charge 6
2025-11-12T15:16:05Z,54.0,Charge 6
2025-11-12T15:16:07Z,53.0,Charge 6
2025-11-12T15:16:10Z,53.0,Charge 6
2025-11-12T15:16:11Z,54.0,Charge 6
2025-11-12T15:16:14Z,54.0,Charge 6
2025-11-12T15:16:17Z,54.0,Charge 6
2025-11-12T15:16:20Z,54.0,Charge 6
2025-11-12T15:16:23Z,54.0,Charge 6
2025-11-12T15:16:26Z,54.0,Charge 6
2025-11-12T15:16:28Z,54.0,Charge 6
2025-11-12T15:16:31Z,54.0,Charge 6
2025-11-12T15:16:32Z,53.0,Charge 6
2025-11-12T15:16:35Z,53.0,Charge 6
2025-11-12T15:16:38Z,53.0,Charge 6
2025-11-12T15:16:41Z,53.0,Charge 6
2025-11-12T15:16:42Z,52.0,Charge 6
2025-11-12T15:16:45Z,52.0,Charge 6
2025-11-12T15:16:48Z,52.0,Charge 6
2025-11-12T15:16:51Z,52.0,Charge 6
2025-11-12T15:16:54Z,52.0,Charge 6
2025-11-12T15:16:57Z,52.0,Charge 6
2025-11-12T15:17:00Z,52.0,Charge 6
2025-11-12T15:17:03Z,53.0,Charge 6
2025-11-12T15:17:05Z,54.0,Charge 6
2025-11-12T15:17:08Z,54.0,Charge 6
2025-11-12T15:17:11Z,54.0,Charge 6
2025-11-12T15:17:14Z,53.0,Charge 6
2025-11-12T15:17:16Z,54.0,Charge 6
2025-11-12T15:17:19Z,54.0,Charge 6
2025-11-12T15:17:20Z,56.0,Charge 6
2025-11-12T15:17:23Z,56.0,Charge 6
2025-11-12T15:17:24Z,55.0,Charge 6
2025-11-12T15:17:26Z,54.0,Charge 6
2025-11-12T15:17:29Z,54.0,Charge 6
2025-11-12T15:17:32Z,54.0,Charge 6
2025-11-12T15:17:35Z,54.0,Charge 6
2025-11-12T15:17:37Z,54.0,Charge 6
2025-11-12T15:17:40Z,54.0,Charge 6
2025-11-12T15:17:43Z,54.0,Charge 6
2025-11-12T15:17:45Z,53.0,Charge 6
2025-11-12T15:17:47Z,52.0,Charge 6
2025-11-12T15:17:50Z,52.0,Charge 6
2025-11-12T15:17:53Z,52.0,Charge 6
2025-11-12T15:17:56Z,53.0,Charge 6
2025-11-12T15:17:58Z,54.0,Charge 6
2025-11-12T15:18:01Z,54.0,Charge 6
2025-11-12T15:18:04Z,54.0,Charge 6
2025-11-12T15:18:07Z,54.0,Charge 6
2025-11-12T15:18:10Z,54.0,Charge 6
2025-11-12T15:18:13Z,54.0,Charge 6
2025-11-12T15:18:16Z,54.0,Charge 6
2025-11-12T15:18:19Z,54.0,Charge 6
2025-11-12T15:18:22Z,54.0,Charge 6
2025-11-12T15:18:23Z,53.0,Charge 6
2025-11-12T15:18:26Z,53.0,Charge 6
2025-11-12T15:18:29Z,52.0,Charge 6
2025-11-12T15:18:32Z,52.0,Charge 6
2025-11-12T15:18:33Z,53.0,Charge 6
2025-11-12T15:18:35Z,52.0,Charge 6
2025-11-12T15:18:37Z,53.0,Charge 6
2025-11-12T15:18:39Z,52.0,Charge 6
2025-11-12T15:18:41Z,53.0,Charge 6
2025-11-12T15:18:44Z,54.0,Charge 6
2025-11-12T15:18:46Z,54.0,Charge 6
2025-11-12T15:18:48Z,55.0,Charge 6
2025-11-12T15:18:50Z,56.0,Charge 6
2025-11-12T15:18:52Z,55.0,Charge 6
2025-11-12T15:18:55Z,55.0,Charge 6
2025-11-12T15:18:56Z,54.0,Charge 6
2025-11-12T15:18:58Z,55.0,Charge 6
2025-11-12T15:19:01Z,55.0,Charge 6
2025-11-12T15:19:04Z,54.0,Charge 6
2025-11-12T15:19:06Z,55.0,Charge 6
2025-11-12T15:19:09Z,55.0,Charge 6
2025-11-12T15:19:11Z,54.0,Charge 6
2025-11-12T15:19:14Z,54.0,Charge 6
2025-11-12T15:19:15Z,55.0,Charge 6
2025-11-12T15:19:17Z,58.0,Charge 6
2025-11-12T15:19:19Z,60.0,Charge 6
2025-11-12T15:19:21Z,63.0,Charge 6
2025-11-12T15:19:23Z,64.0,Charge 6
2025-11-12T15:19:25Z,69.0,Charge 6
2025-11-12T15:19:27Z,75.0,Charge 6
2025-11-12T15:19:29Z,78.0,Charge 6
2025-11-12T15:19:31Z,80.0,Charge 6
2025-11-12T15:19:32Z,78.0,Charge 6
2025-11-12T15:19:34Z,73.0,Charge 6
2025-11-12T15:19:36Z,70.0,Charge 6
2025-11-12T15:19:38Z,67.0,Charge 6
2025-11-12T15:19:40Z,64.0,Charge 6
2025-11-12T15:19:42Z,63.0,Charge 6
2025-11-12T15:19:44Z,61.0,Charge 6
2025-11-12T15:19:46Z,60.0,Charge 6
2025-11-12T15:19:48Z,59.0,Charge 6
2025-11-12T15:19:50Z,58.0,Charge 6
2025-11-12T15:19:52Z,56.0,Charge 6
2025-11-12T15:19:54Z,55.0,Charge 6
2025-11-12T15:19:56Z,54.0,Charge 6
2025-11-12T15:19:59Z,54.0,Charge 6
2025-11-12T15:20:01Z,58.0,Charge 6
2025-11-12T15:20:03Z,62.0,Charge 6
2025-11-12T15:20:06Z,62.0,Charge 6
2025-11-12T15:20:07Z,61.0,Charge 6
2025-11-12T15:20:09Z,60.0,Charge 6
2025-11-12T15:20:11Z,56.0,Charge 6
2025-11-12T15:20:13Z,56.0,Charge 6
2025-11-12T15:20:15Z,55.0,Charge 6
2025-11-12T15:20:17Z,54.0,Charge 6
2025-11-12T15:20:20Z,56.0,Charge 6
2025-11-12T15:20:22Z,56.0,Charge 6
2025-11-12T15:20:24Z,54.0,Charge 6
2025-11-12T15:20:26Z,52.0,Charge 6
2025-11-12T15:20:28Z,51.0,Charge 6
2025-11-12T15:20:31Z,51.0,Charge 6
2025-11-12T15:20:34Z,51.0,Charge 6
2025-11-12T15:20:36Z,50.0,Charge 6
2025-11-12T15:20:39Z,50.0,Charge 6
2025-11-12T15:20:40Z,51.0,Charge 6
2025-11-12T15:20:43Z,51.0,Charge 6
2025-11-12T15:20:45Z,50.0,Charge 6
2025-11-12T15:20:48Z,50.0,Charge 6
2025-11-12T15:20:51Z,50.0,Charge 6
2025-11-12T15:20:53Z,50.0,Charge 6
2025-11-12T15:20:55Z,52.0,Charge 6
2025-11-12T15:20:57Z,53.0,Charge 6
2025-11-12T15:20:59Z,58.0,Charge 6
2025-11-12T15:21:01Z,61.0,Charge 6
2025-11-12T15:21:04Z,61.0,Charge 6
2025-11-12T15:21:05Z,65.0,Charge 6
2025-11-12T15:21:07Z,68.0,Charge 6
2025-11-12T15:21:08Z,70.0,Charge 6
2025-11-12T15:21:10Z,73.0,Charge 6
2025-11-12T15:21:12Z,75.0,Charge 6
2025-11-12T15:21:14Z,77.0,Charge 6
2025-11-12T15:21:16Z,79.0,Charge 6
2025-11-12T15:21:18Z,80.0,Charge 6
2025-11-12T15:21:20Z,81.0,Charge 6
2025-11-12T15:21:22Z,82.0,Charge 6
2025-11-12T15:21:25Z,82.0,Charge 6
2025-11-12T15:21:26Z,78.0,Charge 6
2025-11-12T15:21:28Z,77.0,Charge 6
2025-11-12T15:21:30Z,78.0,Charge 6
2025-11-12T15:21:32Z,79.0,Charge 6
2025-11-12T15:21:33Z,76.0,Charge 6
2025-11-12T15:21:35Z,70.0,Charge 6
2025-11-12T15:21:37Z,67.0,Charge 6
2025-11-12T15:21:39Z,65.0,Charge 6
2025-11-12T15:21:41Z,61.0,Charge 6
2025-11-12T15:21:43Z,60.0,Charge 6
2025-11-12T15:21:46Z,60.0,Charge 6
2025-11-12T15:21:49Z,60.0,Charge 6
2025-11-12T15:21:51Z,59.0,Charge 6
2025-11-12T15:21:53Z,63.0,Charge 6
2025-11-12T15:21:55Z,67.0,Charge 6
2025-11-12T15:21:58Z,68.0,Charge 6
2025-11-12T15:22:01Z,68.0,Charge 6
2025-11-12T15:22:02Z,69.0,Charge 6
2025-11-12T15:22:04Z,70.0,Charge 6
2025-11-12T15:22:06Z,72.0,Charge 6
2025-11-12T15:22:08Z,76.0,Charge 6
2025-11-12T15:22:11Z,76.0,Charge 6
2025-11-12T15:22:12Z,65.0,Charge 6
2025-11-12T15:22:14Z,62.0,Charge 6
2025-11-12T15:22:16Z,61.0,Charge 6
2025-11-12T15:22:18Z,60.0,Charge 6
2025-11-12T15:22:20Z,59.0,Charge 6
2025-11-12T15:22:23Z,60.0,Charge 6
2025-11-12T15:22:25Z,59.0,Charge 6
2025-11-12T15:22:27Z,58.0,Charge 6
2025-11-12T15:22:29Z,57.0,Charge 6
2025-11-12T15:22:31Z,56.0,Charge 6
2025-11-12T15:22:33Z,56.0,Charge 6
2025-11-12T15:22:35Z,56.0,Charge 6
2025-11-12T15:22:38Z,56.0,Charge 6
2025-11-12T15:22:41Z,56.0,Charge 6
2025-11-12T15:22:44Z,56.0,Charge 6
2025-11-12T15:22:47Z,56.0,Charge 6
2025-11-12T15:22:48Z,58.0,Charge 6
2025-11-12T15:22:50Z,60.0,Charge 6
2025-11-12T15:22:52Z,63.0,Charge 6
2025-11-12T15:22:54Z,67.0,Charge 6
2025-11-12T15:22:56Z,69.0,Charge 6
2025-11-12T15:22:57Z,70.0,Charge 6
2025-11-12T15:22:59Z,71.0,Charge 6
2025-11-12T15:23:01Z,74.0,Charge 6
2025-11-12T15:23:03Z,75.0,Charge 6
2025-11-12T15:23:06Z,75.0,Charge 6
2025-11-12T15:23:09Z,70.0,Charge 6
2025-11-12T15:23:11Z,68.0,Charge 6
2025-11-12T15:23:13Z,63.0,Charge 6
2025-11-12T15:23:15Z,60.0,Charge 6
2025-11-12T15:23:17Z,59.0,Charge 6
2025-11-12T15:23:19Z,58.0,Charge 6
2025-11-12T15:23:20Z,57.0,Charge 6
2025-11-12T15:23:23Z,57.0,Charge 6
2025-11-12T15:23:24Z,56.0,Charge 6
2025-11-12T15:23:27Z,56.0,Charge 6
2025-11-12T15:23:28Z,56.0,Charge 6
2025-11-12T15:23:30Z,55.0,Charge 6
2025-11-12T15:23:32Z,54.0,Charge 6
2025-11-12T15:23:34Z,53.0,Charge 6
2025-11-12T15:23:36Z,52.0,Charge 6
2025-11-12T15:23:39Z,52.0,Charge 6
2025-11-12T15:23:42Z,52.0,Charge 6
2025-11-12T15:23:44Z,53.0,Charge 6
2025-11-12T15:23:45Z,54.0,Charge 6
2025-11-12T15:23:48Z,54.0,Charge 6
2025-11-12T15:23:51Z,54.0,Charge 6
2025-11-12T15:23:54Z,54.0,Charge 6
2025-11-12T15:23:57Z,54.0,Charge 6
2025-11-12T15:24:00Z,54.0,Charge 6
2025-11-12T15:24:03Z,54.0,Charge 6
2025-11-12T15:24:06Z,54.0,Charge 6
2025-11-12T15:24:07Z,53.0,Charge 6
2025-11-12T15:24:08Z,52.0,Charge 6
2025-11-12T15:24:11Z,52.0,Charge 6
2025-11-12T15:24:14Z,55.0,Charge 6
2025-11-12T15:24:16Z,60.0,Charge 6
2025-11-12T15:24:18Z,62.0,Charge 6
2025-11-12T15:24:20Z,66.0,Charge 6
2025-11-12T15:24:23Z,66.0,Charge 6
2025-11-12T15:24:24Z,63.0,Charge 6
2025-11-12T15:24:26Z,63.0,Charge 6
2025-11-12T15:24:28Z,61.0,Charge 6
2025-11-12T15:24:30Z,58.0,Charge 6
2025-11-12T15:24:32Z,57.0,Charge 6
2025-11-12T15:24:35Z,56.0,Charge 6
2025-11-12T15:24:38Z,56.0,Charge 6
2025-11-12T15:24:39Z,55.0,Charge 6
2025-11-12T15:24:41Z,54.0,Charge 6
2025-11-12T15:24:44Z,54.0,Charge 6
2025-11-12T15:24:47Z,53.0,Charge 6
2025-11-12T15:24:50Z,53.0,Charge 6
2025-11-12T15:24:53Z,53.0,Charge 6
2025-11-12T15:24:55Z,54.0,Charge 6
2025-11-12T15:24:56Z,56.0,Charge 6
2025-11-12T15:24:59Z,56.0,Charge 6
2025-11-12T15:25:00Z,55.0,Charge 6
2025-11-12T15:25:02Z,54.0,Charge 6
2025-11-12T15:25:04Z,53.0,Charge 6
2025-11-12T15:25:07Z,53.0,Charge 6
2025-11-12T15:25:10Z,54.0,Charge 6
2025-11-12T15:25:13Z,54.0,Charge 6
2025-11-12T15:25:16Z,54.0,Charge 6
2025-11-12T15:25:19Z,54.0,Charge 6
2025-11-12T15:25:22Z,54.0,Charge 6
2025-11-12T15:25:25Z,55.0,Charge 6
2025-11-12T15:25:27Z,54.0,Charge 6
2025-11-12T15:25:29Z,55.0,Charge 6
2025-11-12T15:25:32Z,55.0,Charge 6
2025-11-12T15:25:35Z,56.0,Charge 6
2025-11-12T15:25:37Z,56.0,Charge 6
2025-11-12T15:25:40Z,56.0,Charge 6
2025-11-12T15:25:41Z,57.0,Charge 6
2025-11-12T15:25:43Z,56.0,Charge 6
2025-11-12T15:25:46Z,56.0,Charge 6
2025-11-12T15:25:49Z,56.0,Charge 6
2025-11-12T15:25:52Z,56.0,Charge 6
2025-11-12T15:25:55Z,56.0,Charge 6
2025-11-12T15:25:58Z,56.0,Charge 6
2025-11-12T15:26:00Z,59.0,Charge 6
2025-11-12T15:26:02Z,61.0,Charge 6
2025-11-12T15:26:04Z,63.0,Charge 6
2025-11-12T15:26:06Z,62.0,Charge 6
2025-11-12T15:26:08Z,61.0,Charge 6
2025-11-12T15:26:09Z,59.0,Charge 6
2025-11-12T15:26:11Z,58.0,Charge 6
2025-11-12T15:26:13Z,56.0,Charge 6
2025-11-12T15:26:16Z,56.0,Charge 6
2025-11-12T15:26:19Z,56.0,Charge 6
2025-11-12T15:26:22Z,56.0,Charge 6
2025-11-12T15:26:25Z,55.0,Charge 6
2025-11-12T15:26:27Z,54.0,Charge 6
2025-11-12T15:26:30Z,54.0,Charge 6
2025-11-12T15:26:33Z,54.0,Charge 6
2025-11-12T15:26:36Z,56.0,Charge 6
2025-11-12T15:26:39Z,56.0,Charge 6
2025-11-12T15:26:42Z,54.0,Charge 6
2025-11-12T15:26:44Z,54.0,Charge 6
2025-11-12T15:26:47Z,54.0,Charge 6
2025-11-12T15:26:50Z,56.0,Charge 6
2025-11-12T15:26:53Z,56.0,Charge 6
2025-11-12T15:26:56Z,54.0,Charge 6
2025-11-12T15:26:59Z,54.0,Charge 6
2025-11-12T15:27:01Z,53.0,Charge 6
2025-11-12T15:27:04Z,53.0,Charge 6
2025-11-12T15:27:05Z,54.0,Charge 6
2025-11-12T15:27:08Z,54.0,Charge 6
2025-11-12T15:27:09Z,55.0,Charge 6
2025-11-12T15:27:11Z,56.0,Charge 6
2025-11-12T15:27:13Z,54.0,Charge 6
2025-11-12T15:27:16Z,54.0,Charge 6
2025-11-12T15:27:19Z,54.0,Charge 6
2025-11-12T15:27:22Z,56.0,Charge 6
2025-11-12T15:27:24Z,57.0,Charge 6
2025-11-12T15:27:27Z,57.0,Charge 6
2025-11-12T15:27:28Z,56.0,Charge 6
2025-11-12T15:27:31Z,56.0,Charge 6
2025-11-12T15:27:32Z,55.0,Charge 6
2025-11-12T15:27:35Z,55.0,Charge 6
2025-11-12T15:27:38Z,55.0,Charge 6
2025-11-12T15:27:40Z,56.0,Charge 6
2025-11-12T15:27:43Z,56.0,Charge 6
2025-11-12T15:27:44Z,57.0,Charge 6
2025-11-12T15:27:45Z,58.0,Charge 6
2025-11-12T15:27:47Z,58.0,Charge 6
2025-11-12T15:27:50Z,58.0,Charge 6
2025-11-12T15:27:53Z,58.0,Charge 6
2025-11-12T15:27:55Z,56.0,Charge 6
2025-11-12T15:27:58Z,56.0,Charge 6
2025-11-12T15:27:59Z,54.0,Charge 6
2025-11-12T15:28:02Z,54.0,Charge 6
2025-11-12T15:28:05Z,53.0,Charge 6
2025-11-12T15:28:08Z,54.0,Charge 6
2025-11-12T15:28:10Z,55.0,Charge 6
2025-11-12T15:28:13Z,55.0,Charge 6
2025-11-12T15:28:14Z,54.0,Charge 6
2025-11-12T15:28:17Z,54.0,Charge 6
2025-11-12T15:28:18Z,53.0,Charge 6
2025-11-12T15:28:21Z,53.0,Charge 6
2025-11-12T15:28:24Z,54.0,Charge 6
2025-11-12T15:28:27Z,54.0,Charge 6
2025-11-12T15:28:30Z,54.0,Charge 6
2025-11-12T15:28:33Z,53.0,Charge 6
2025-11-12T15:28:36Z,53.0,Charge 6
2025-11-12T15:28:39Z,54.0,Charge 6
2025-11-12T15:28:42Z,54.0,Charge 6
2025-11-12T15:28:43Z,55.0,Charge 6
2025-11-12T15:28:45Z,56.0,Charge 6
2025-11-12T15:28:48Z,56.0,Charge 6
2025-11-12T15:28:51Z,56.0,Charge 6
2025-11-12T15:28:53Z,55.0,Charge 6
2025-11-12T15:28:55Z,54.0,Charge 6
2025-11-12T15:28:58Z,55.0,Charge 6
2025-11-12T15:29:01Z,55.0,Charge 6
2025-11-12T15:29:04Z,55.0,Charge 6
2025-11-12T15:29:06Z,54.0,Charge 6
2025-11-12T15:29:08Z,56.0,Charge 6
2025-11-12T15:29:11Z,56.0,Charge 6
2025-11-12T15:29:14Z,55.0,Charge 6
2025-11-12T15:29:16Z,54.0,Charge 6
2025-11-12T15:29:18Z,53.0,Charge 6
2025-11-12T15:29:21Z,52.0,Charge 6
2025-11-12T15:29:23Z,53.0,Charge 6
2025-11-12T15:29:25Z,54.0,Charge 6
2025-11-12T15:29:28Z,54.0,Charge 6
2025-11-12T15:29:31Z,54.0,Charge 6
2025-11-12T15:29:33Z,55.0,Charge 6
2025-11-12T15:29:35Z,56.0,Charge 6
2025-11-12T15:29:38Z,56.0,Charge 6
2025-11-12T15:29:41Z,56.0,Charge 6
2025-11-12T15:29:44Z,56.0,Charge 6
2025-11-12T15:29:47Z,56.0,Charge 6
2025-11-12T15:29:50Z,56.0,Charge 6
2025-11-12T15:29:53Z,56.0,Charge 6
2025-11-12T15:29:56Z,56.0,Charge 6
2025-11-12T15:29:59Z,56.0,Charge 6
2025-11-12T15:30:00Z,55.0,Charge 6
2025-11-12T15:30:03Z,55.0,Charge 6
2025-11-12T15:30:04Z,56.0,Charge 6
2025-11-12T15:30:07Z,56.0,Charge 6
2025-11-12T15:30:10Z,56.0,Charge 6
2025-11-12T15:30:13Z,56.0,Charge 6
2025-11-12T15:30:16Z,56.0,Charge 6
2025-11-12T15:30:19Z,56.0,Charge 6
2025-11-12T15:30:22Z,56.0,Charge 6
2025-11-12T15:30:25Z,56.0,Charge 6
2025-11-12T15:30:28Z,56.0,Charge 6
2025-11-12T15:30:31Z,56.0,Charge 6
2025-11-12T15:30:34Z,56.0,Charge 6
2025-11-12T15:30:36Z,57.0,Charge 6
2025-11-12T15:30:38Z,56.0,Charge 6
2025-11-12T15:30:41Z,56.0,Charge 6
2025-11-12T15:30:44Z,56.0,Charge 6
2025-11-12T15:30:47Z,56.0,Charge 6
2025-11-12T15:30:50Z,56.0,Charge 6
2025-11-12T15:30:53Z,56.0,Charge 6
2025-11-12T15:30:54Z,57.0,Charge 6
2025-11-12T15:30:56Z,59.0,Charge 6
2025-11-12T15:30:57Z,60.0,Charge 6
2025-11-12T15:30:59Z,57.0,Charge 6
2025-11-12T15:31:01Z,55.0,Charge 6
2025-11-12T15:31:03Z,54.0,Charge 6
2025-11-12T15:31:06Z,54.0,Charge 6
2025-11-12T15:31:07Z,53.0,Charge 6
2025-11-12T15:31:09Z,54.0,Charge 6
2025-11-12T15:31:11Z,54.0,Charge 6
2025-11-12T15:31:14Z,54.0,Charge 6
2025-11-12T15:31:17Z,54.0,Charge 6
2025-11-12T15:31:19Z,55.0,Charge 6
2025-11-12T15:31:20Z,56.0,Charge 6
2025-11-12T15:31:23Z,56.0,Charge 6
2025-11-12T15:31:26Z,56.0,Charge 6
2025-11-12T15:31:28Z,57.0,Charge 6
2025-11-12T15:31:30Z,58.0,Charge 6
2025-11-12T15:31:33Z,58.0,Charge 6
2025-11-12T15:31:36Z,58.0,Charge 6
2025-11-12T15:31:39Z,58.0,Charge 6
2025-11-12T15:31:40Z,59.0,Charge 6
2025-11-12T15:31:43Z,59.0,Charge 6
2025-11-12T15:31:45Z,58.0,Charge 6
2025-11-12T15:31:48Z,58.0,Charge 6
2025-11-12T15:31:51Z,58.0,Charge 6
2025-11-12T15:31:54Z,58.0,Charge 6
2025-11-12T15:31:57Z,58.0,Charge 6
2025-11-12T15:31:59Z,57.0,Charge 6
2025-11-12T15:32:01Z,56.0,Charge 6
2025-11-12T15:32:04Z,56.0,Charge 6
2025-11-12T15:32:05Z,57.0,Charge 6
2025-11-12T15:32:07Z,56.0,Charge 6
2025-11-12T15:32:10Z,56.0,Charge 6
2025-11-12T15:32:12Z,55.0,Charge 6
2025-11-12T15:32:14Z,54.0,Charge 6
2025-11-12T15:32:16Z,54.0,Charge 6
2025-11-12T15:32:19Z,54.0,Charge 6
2025-11-12T15:32:20Z,55.0,Charge 6
2025-11-12T15:32:22Z,56.0,Charge 6
2025-11-12T15:32:25Z,56.0,Charge 6
2025-11-12T15:32:28Z,56.0,Charge 6
2025-11-12T15:32:31Z,56.0,Charge 6
2025-11-12T15:32:34Z,56.0,Charge 6
2025-11-12T15:32:35Z,58.0,Charge 6
2025-11-12T15:32:38Z,58.0,Charge 6
2025-11-12T15:32:41Z,56.0,Charge 6
2025-11-12T15:32:44Z,56.0,Charge 6
2025-11-12T15:32:47Z,56.0,Charge 6
2025-11-12T15:32:49Z,55.0,Charge 6
2025-11-12T15:32:52Z,55.0,Charge 6
2025-11-12T15:32:53Z,56.0,Charge 6
2025-11-12T15:32:55Z,55.0,Charge 6
2025-11-12T15:32:56Z,56.0,Charge 6
2025-11-12T15:32:59Z,56.0,Charge 6
2025-11-12T15:33:00Z,55.0,Charge 6
2025-11-12T15:33:02Z,54.0,Charge 6
2025-11-12T15:33:05Z,54.0,Charge 6
2025-11-12T15:33:08Z,54.0,Charge 6
2025-11-12T15:33:11Z,54.0,Charge 6
2025-11-12T15:33:14Z,54.0,Charge 6
2025-11-12T15:33:17Z,54.0,Charge 6
2025-11-12T15:33:20Z,54.0,Charge 6
2025-11-12T15:33:21Z,56.0,Charge 6
2025-11-12T15:33:24Z,56.0,Charge 6
2025-11-12T15:33:27Z,54.0,Charge 6
2025-11-12T15:33:29Z,54.0,Charge 6
2025-11-12T15:33:31Z,53.0,Charge 6
2025-11-12T15:33:33Z,52.0,Charge 6
2025-11-12T15:33:36Z,52.0,Charge 6
2025-11-12T15:33:37Z,53.0,Charge 6
2025-11-12T15:33:40Z,53.0,Charge 6
2025-11-12T15:33:41Z,54.0,Charge 6
2025-11-12T15:33:44Z,55.0,Charge 6
2025-11-12T15:33:47Z,55.0,Charge 6
2025-11-12T15:33:48Z,56.0,Charge 6
2025-11-12T15:33:51Z,56.0,Charge 6
2025-11-12T15:33:54Z,56.0,Charge 6
2025-11-12T15:33:56Z,57.0,Charge 6
2025-11-12T15:33:58Z,56.0,Charge 6
2025-11-12T15:34:00Z,55.0,Charge 6
2025-11-12T15:34:02Z,54.0,Charge 6
2025-11-12T15:34:05Z,54.0,Charge 6
2025-11-12T15:34:06Z,53.0,Charge 6
2025-11-12T15:34:09Z,53.0,Charge 6
2025-11-12T15:34:12Z,53.0,Charge 6
2025-11-12T15:34:13Z,54.0,Charge 6
2025-11-12T15:34:16Z,54.0,Charge 6
2025-11-12T15:34:19Z,54.0,Charge 6
2025-11-12T15:34:21Z,55.0,Charge 6
2025-11-12T15:34:23Z,54.0,Charge 6
2025-11-12T15:34:25Z,53.0,Charge 6
2025-11-12T15:34:27Z,52.0,Charge 6
2025-11-12T15:34:30Z,52.0,Charge 6
2025-11-12T15:34:33Z,52.0,Charge 6
2025-11-12T15:34:36Z,52.0,Charge 6
2025-11-12T15:34:38Z,54.0,Charge 6
2025-11-12T15:34:41Z,54.0,Charge 6
2025-11-12T15:34:44Z,54.0,Charge 6
2025-11-12T15:34:47Z,54.0,Charge 6
2025-11-12T15:34:48Z,53.0,Charge 6
2025-11-12T15:34:50Z,54.0,Charge 6
2025-11-12T15:34:52Z,56.0,Charge 6
2025-11-12T15:34:54Z,56.0,Charge 6
2025-11-12T15:34:56Z,55.0,Charge 6
2025-11-12T15:34:57Z,54.0,Charge 6
2025-11-12T15:34:59Z,54.0,Charge 6
2025-11-12T15:35:02Z,54.0,Charge 6
2025-11-12T15:35:05Z,54.0,Charge 6
2025-11-12T15:35:08Z,54.0,Charge 6
2025-11-12T15:35:11Z,54.0,Charge 6
2025-11-12T15:35:14Z,54.0,Charge 6
2025-11-12T15:35:15Z,55.0,Charge 6
2025-11-12T15:35:17Z,56.0,Charge 6
2025-11-12T15:35:20Z,56.0,Charge 6
2025-11-12T15:35:22Z,58.0,Charge 6
2025-11-12T15:35:24Z,57.0,Charge 6
2025-11-12T15:35:26Z,56.0,Charge 6
2025-11-12T15:35:29Z,56.0,Charge 6
2025-11-12T15:35:32Z,56.0,Charge 6
2025-11-12T15:35:35Z,56.0,Charge 6
2025-11-12T15:35:36Z,57.0,Charge 6
2025-11-12T15:35:38Z,56.0,Charge 6
2025-11-12T15:35:40Z,57.0,Charge 6
2025-11-12T15:35:42Z,58.0,Charge 6
2025-11-12T15:35:44Z,57.0,Charge 6
2025-11-12T15:35:47Z,56.0,Charge 6
2025-11-12T15:35:50Z,56.0,Charge 6
2025-11-12T15:35:53Z,57.0,Charge 6
2025-11-12T15:35:55Z,59.0,Charge 6
2025-11-12T15:35:57Z,62.0,Charge 6
2025-11-12T15:35:59Z,63.0,Charge 6
2025-11-12T15:36:01Z,61.0,Charge 6
2025-11-12T15:36:03Z,57.0,Charge 6
2025-11-12T15:36:06Z,57.0,Charge 6
2025-11-12T15:36:07Z,55.0,Charge 6
2025-11-12T15:36:10Z,55.0,Charge 6
2025-11-12T15:36:12Z,54.0,Charge 6
2025-11-12T15:36:15Z,54.0,Charge 6
2025-11-12T15:36:18Z,54.0,Charge 6
2025-11-12T15:36:21Z,54.0,Charge 6
2025-11-12T15:36:24Z,54.0,Charge 6
2025-11-12T15:36:27Z,54.0,Charge 6
2025-11-12T15:36:30Z,54.0,Charge 6
2025-11-12T15:36:32Z,54.0,Charge 6
2025-11-12T15:36:35Z,56.0,Charge 6
2025-11-12T15:36:38Z,56.0,Charge 6
2025-11-12T15:36:39Z,57.0,Charge 6
2025-11-12T15:36:42Z,57.0,Charge 6
2025-11-12T15:36:45Z,56.0,Charge 6
2025-11-12T15:36:48Z,56.0,Charge 6
2025-11-12T15:36:49Z,54.0,Charge 6
2025-11-12T15:36:52Z,54.0,Charge 6
2025-11-12T15:36:55Z,54.0,Charge 6
2025-11-12T15:36:58Z,57.0,Charge 6
2025-11-12T15:37:00Z,58.0,Charge 6
2025-11-12T15:37:02Z,57.0,Charge 6
2025-11-12T15:37:04Z,55.0,Charge 6
2025-11-12T15:37:06Z,54.0,Charge 6
2025-11-12T15:37:09Z,54.0,Charge 6
2025-11-12T15:37:10Z,53.0,Charge 6
2025-11-12T15:37:13Z,53.0,Charge 6
2025-11-12T15:37:14Z,52.0,Charge 6
2025-11-12T15:37:16Z,53.0,Charge 6
2025-11-12T15:37:18Z,54.0,Charge 6
2025-11-12T15:37:21Z,55.0,Charge 6
2025-11-12T15:37:23Z,56.0,Charge 6
2025-11-12T15:37:25Z,55.0,Charge 6
2025-11-12T15:37:27Z,54.0,Charge 6
2025-11-12T15:37:30Z,54.0,Charge 6
2025-11-12T15:37:33Z,54.0,Charge 6
2025-11-12T15:37:35Z,55.0,Charge 6
2025-11-12T15:37:37Z,56.0,Charge 6
2025-11-12T15:37:39Z,57.0,Charge 6
2025-11-12T15:37:41Z,59.0,Charge 6
2025-11-12T15:37:43Z,63.0,Charge 6
2025-11-12T15:37:44Z,67.0,Charge 6
2025-11-12T15:37:46Z,74.0,Charge 6
2025-11-12T15:37:48Z,69.0,Charge 6
2025-11-12T15:37:50Z,66.0,Charge 6
2025-11-12T15:37:52Z,68.0,Charge 6
2025-11-12T15:37:54Z,68.0,Charge 6
2025-11-12T15:37:56Z,69.0,Charge 6
2025-11-12T15:37:58Z,68.0,Charge 6
2025-11-12T15:38:00Z,66.0,Charge 6
2025-11-12T15:38:02Z,63.0,Charge 6
2025-11-12T15:38:04Z,61.0,Charge 6
2025-11-12T15:38:06Z,60.0,Charge 6
2025-11-12T15:38:08Z,59.0,Charge 6
2025-11-12T15:38:10Z,58.0,Charge 6
2025-11-12T15:38:13Z,58.0,Charge 6
2025-11-12T15:38:14Z,56.0,Charge 6
2025-11-12T15:38:16Z,55.0,Charge 6
2025-11-12T15:38:19Z,55.0,Charge 6
2025-11-12T15:38:22Z,55.0,Charge 6
2025-11-12T15:38:25Z,54.0,Charge 6
2025-11-12T15:38:28Z,54.0,Charge 6
2025-11-12T15:38:31Z,55.0,Charge 6
2025-11-12T15:38:33Z,56.0,Charge 6
2025-11-12T15:38:36Z,56.0,Charge 6
2025-11-12T15:38:39Z,57.0,Charge 6
2025-11-12T15:38:41Z,58.0,Charge 6
2025-11-12T15:38:43Z,57.0,Charge 6
2025-11-12T15:38:46Z,56.0,Charge 6
2025-11-12T15:38:49Z,56.0,Charge 6
2025-11-12T15:38:52Z,56.0,Charge 6
2025-11-12T15:38:55Z,56.0,Charge 6
2025-11-12T15:38:58Z,56.0,Charge 6
2025-11-12T15:39:01Z,56.0,Charge 6
2025-11-12T15:39:04Z,55.0,Charge 6
2025-11-12T15:39:07Z,55.0,Charge 6
2025-11-12T15:39:10Z,55.0,Charge 6
2025-11-12T15:39:11Z,54.0,Charge 6
2025-11-12T15:39:14Z,54.0,Charge 6
2025-11-12T15:39:17Z,54.0,Charge 6
2025-11-12T15:39:20Z,54.0,Charge 6
2025-11-12T15:39:23Z,54.0,Charge 6
2025-11-12T15:39:25Z,55.0,Charge 6
2025-11-12T15:39:27Z,56.0,Charge 6
2025-11-12T15:39:30Z,56.0,Charge 6
2025-11-12T15:39:33Z,56.0,Charge 6
2025-11-12T15:39:34Z,57.0,Charge 6
2025-11-12T15:39:37Z,57.0,Charge 6
2025-11-12T15:39:40Z,57.0,Charge 6
2025-11-12T15:39:42Z,58.0,Charge 6
2025-11-12T15:39:44Z,59.0,Charge 6
2025-11-12T15:39:46Z,60.0,Charge 6
2025-11-12T15:39:49Z,60.0,Charge 6
2025-11-12T15:39:50Z,59.0,Charge 6
2025-11-12T15:39:52Z,58.0,Charge 6
2025-11-12T15:39:55Z,57.0,Charge 6
2025-11-12T15:39:57Z,58.0,Charge 6
2025-11-12T15:39:59Z,60.0,Charge 6
2025-11-12T15:40:02Z,60.0,Charge 6
2025-11-12T15:40:03Z,58.0,Charge 6
2025-11-12T15:40:05Z,57.0,Charge 6
2025-11-12T15:40:07Z,56.0,Charge 6
2025-11-12T15:40:10Z,56.0,Charge 6
2025-11-12T15:40:13Z,57.0,Charge 6
2025-11-12T15:40:15Z,57.0,Charge 6
2025-11-12T15:40:17Z,59.0,Charge 6
2025-11-12T15:40:19Z,61.0,Charge 6
2025-11-12T15:40:20Z,64.0,Charge 6
2025-11-12T15:40:22Z,75.0,Charge 6
2025-11-12T15:40:24Z,82.0,Charge 6
2025-11-12T15:40:26Z,84.0,Charge 6
2025-11-12T15:40:28Z,80.0,Charge 6
2025-11-12T15:40:30Z,74.0,Charge 6
2025-11-12T15:40:32Z,70.0,Charge 6
2025-11-12T15:40:34Z,66.0,Charge 6
2025-11-12T15:40:36Z,65.0,Charge 6
2025-11-12T15:40:38Z,64.0,Charge 6
2025-11-12T15:40:40Z,63.0,Charge 6
2025-11-12T15:40:42Z,61.0,Charge 6
2025-11-12T15:40:43Z,59.0,Charge 6
2025-11-12T15:40:45Z,57.0,Charge 6
2025-11-12T15:40:47Z,56.0,Charge 6
2025-11-12T15:40:49Z,55.0,Charge 6
2025-11-12T15:40:52Z,55.0,Charge 6
2025-11-12T15:40:53Z,54.0,Charge 6
2025-11-12T15:40:55Z,53.0,Charge 6
2025-11-12T15:40:58Z,53.0,Charge 6
2025-11-12T15:41:01Z,53.0,Charge 6
2025-11-12T15:41:03Z,55.0,Charge 6
2025-11-12T15:41:05Z,57.0,Charge 6
2025-11-12T15:41:07Z,59.0,Charge 6
2025-11-12T15:41:08Z,67.0,Charge 6
2025-11-12T15:41:10Z,78.0,Charge 6
2025-11-12T15:41:12Z,82.0,Charge 6
2025-11-12T15:41:14Z,84.0,Charge 6
2025-11-12T15:41:17Z,84.0,Charge 6
2025-11-12T15:41:20Z,91.0,Charge 6
2025-11-12T15:41:22Z,97.0,Charge 6
2025-11-12T15:41:24Z,94.0,Charge 6
2025-11-12T15:41:26Z,78.0,Charge 6
2025-11-12T15:41:28Z,73.0,Charge 6
2025-11-12T15:41:30Z,67.0,Charge 6
2025-11-12T15:41:31Z,66.0,Charge 6
2025-11-12T15:41:33Z,62.0,Charge 6
2025-11-12T15:41:35Z,59.0,Charge 6
2025-11-12T15:41:37Z,58.0,Charge 6
2025-11-12T15:41:39Z,57.0,Charge 6
2025-11-12T15:41:41Z,58.0,Charge 6
2025-11-12T15:41:43Z,59.0,Charge 6
2025-11-12T15:41:45Z,60.0,Charge 6
2025-11-12T15:41:47Z,61.0,Charge 6
2025-11-12T15:41:49Z,63.0,Charge 6
2025-11-12T15:41:51Z,64.0,Charge 6
2025-11-12T15:41:53Z,63.0,Charge 6
2025-11-12T15:41:56Z,62.0,Charge 6
2025-11-12T15:41:58Z,61.0,Charge 6
2025-11-12T15:42:00Z,60.0,Charge 6
2025-11-12T15:42:02Z,58.0,Charge 6
2025-11-12T15:42:05Z,58.0,Charge 6
2025-11-12T15:42:08Z,58.0,Charge 6
2025-11-12T15:42:11Z,58.0,Charge 6
2025-11-12T15:42:12Z,57.0,Charge 6
2025-11-12T15:42:14Z,55.0,Charge 6
2025-11-12T15:42:16Z,54.0,Charge 6
2025-11-12T15:42:19Z,54.0,Charge 6
2025-11-12T15:42:21Z,53.0,Charge 6
2025-11-12T15:42:24Z,53.0,Charge 6
2025-11-12T15:42:25Z,53.0,Charge 6
2025-11-12T15:42:27Z,54.0,Charge 6
2025-11-12T15:42:30Z,54.0,Charge 6
2025-11-12T15:42:31Z,53.0,Charge 6
2025-11-12T15:42:33Z,52.0,Charge 6
2025-11-12T15:42:36Z,52.0,Charge 6
2025-11-12T15:42:39Z,53.0,Charge 6
2025-11-12T15:42:42Z,53.0,Charge 6
2025-11-12T15:42:43Z,54.0,Charge 6
2025-11-12T15:42:46Z,54.0,Charge 6
2025-11-12T15:42:49Z,54.0,Charge 6
2025-11-12T15:42:50Z,58.0,Charge 6
2025-11-12T15:42:52Z,63.0,Charge 6
2025-11-12T15:42:55Z,63.0,Charge 6
2025-11-12T15:42:56Z,64.0,Charge 6
2025-11-12T15:42:59Z,64.0,Charge 6
2025-11-12T15:43:00Z,62.0,Charge 6
2025-11-12T15:43:02Z,60.0,Charge 6
2025-11-12T15:43:04Z,58.0,Charge 6
2025-11-12T15:43:06Z,56.0,Charge 6
2025-11-12T15:43:09Z,57.0,Charge 6
2025-11-12T15:43:11Z,58.0,Charge 6
2025-11-12T15:43:13Z,60.0,Charge 6
2025-11-12T15:43:15Z,63.0,Charge 6
2025-11-12T15:43:17Z,67.0,Charge 6
2025-11-12T15:43:19Z,73.0,Charge 6
2025-11-12T15:43:21Z,76.0,Charge 6
2025-11-12T15:43:23Z,75.0,Charge 6
2025-11-12T15:43:25Z,71.0,Charge 6
2025-11-12T15:43:27Z,69.0,Charge 6
2025-11-12T15:43:29Z,66.0,Charge 6
2025-11-12T15:43:31Z,64.0,Charge 6
2025-11-12T15:43:32Z,67.0,Charge 6
2025-11-12T15:43:34Z,69.0,Charge 6
2025-11-12T15:43:36Z,68.0,Charge 6
2025-11-12T15:43:38Z,66.0,Charge 6
2025-11-12T15:43:40Z,63.0,Charge 6
2025-11-12T15:43:42Z,60.0,Charge 6
2025-11-12T15:43:45Z,60.0,Charge 6
2025-11-12T15:43:48Z,58.0,Charge 6
2025-11-12T15:43:50Z,59.0,Charge 6
2025-11-12T15:43:52Z,60.0,Charge 6
2025-11-12T15:43:54Z,64.0,Charge 6
2025-11-12T15:43:55Z,64.0,Charge 6
2025-11-12T15:43:57Z,63.0,Charge 6
2025-11-12T15:43:59Z,62.0,Charge 6
2025-11-12T15:44:01Z,61.0,Charge 6
2025-11-12T15:44:04Z,61.0,Charge 6
2025-11-12T15:44:05Z,60.0,Charge 6
2025-11-12T15:44:08Z,60.0,Charge 6
2025-11-12T15:44:09Z,61.0,Charge 6
2025-11-12T15:44:11Z,64.0,Charge 6
2025-11-12T15:44:13Z,66.0,Charge 6
2025-11-12T15:44:16Z,66.0,Charge 6
2025-11-12T15:44:17Z,65.0,Charge 6
2025-11-12T15:44:19Z,64.0,Charge 6
2025-11-12T15:44:20Z,61.0,Charge 6
2025-11-12T15:44:22Z,60.0,Charge 6
2025-11-12T15:44:25Z,60.0,Charge 6
2025-11-12T15:44:26Z,59.0,Charge 6
2025-11-12T15:44:28Z,58.0,Charge 6
2025-11-12T15:44:30Z,59.0,Charge 6
2025-11-12T15:44:32Z,58.0,Charge 6
2025-11-12T15:44:35Z,58.0,Charge 6
2025-11-12T15:44:38Z,56.0,Charge 6
2025-11-12T15:44:41Z,56.0,Charge 6
2025-11-12T15:44:44Z,56.0,Charge 6
2025-11-12T15:44:45Z,55.0,Charge 6
2025-11-12T15:44:48Z,55.0,Charge 6
2025-11-12T15:44:49Z,54.0,Charge 6
2025-11-12T15:44:52Z,54.0,Charge 6
2025-11-12T15:44:55Z,54.0,Charge 6
2025-11-12T15:44:58Z,54.0,Charge 6
2025-11-12T15:45:01Z,56.0,Charge 6
2025-11-12T15:45:04Z,56.0,Charge 6
2025-11-12T15:45:07Z,56.0,Charge 6
2025-11-12T15:45:08Z,57.0,Charge 6
2025-11-12T15:45:10Z,58.0,Charge 6
2025-11-12T15:45:13Z,58.0,Charge 6
2025-11-12T15:45:16Z,57.0,Charge 6
2025-11-12T15:45:18Z,56.0,Charge 6
2025-11-12T15:45:20Z,56.0,Charge 6
2025-11-12T15:45:23Z,56.0,Charge 6
2025-11-12T15:45:24Z,59.0,Charge 6
2025-11-12T15:45:26Z,65.0,Charge 6
2025-11-12T15:45:28Z,67.0,Charge 6
2025-11-12T15:45:30Z,63.0,Charge 6
2025-11-12T15:45:31Z,61.0,Charge 6
2025-11-12T15:45:33Z,63.0,Charge 6
2025-11-12T15:45:35Z,67.0,Charge 6
2025-11-12T15:45:37Z,71.0,Charge 6
2025-11-12T15:45:39Z,76.0,Charge 6
2025-11-12T15:45:41Z,78.0,Charge 6
2025-11-12T15:45:43Z,80.0,Charge 6
2025-11-12T15:45:45Z,78.0,Charge 6
2025-11-12T15:45:47Z,77.0,Charge 6
2025-11-12T15:45:49Z,76.0,Charge 6
2025-11-12T15:45:52Z,76.0,Charge 6
2025-11-12T15:45:53Z,74.0,Charge 6
2025-11-12T15:45:56Z,76.0,Charge 6
2025-11-12T15:45:58Z,79.0,Charge 6
2025-11-12T15:46:00Z,81.0,Charge 6
2025-11-12T15:46:02Z,83.0,Charge 6
2025-11-12T15:46:05Z,83.0,Charge 6
2025-11-12T15:46:06Z,85.0,Charge 6
2025-11-12T15:46:08Z,86.0,Charge 6
2025-11-12T15:46:11Z,86.0,Charge 6
2025-11-12T15:46:12Z,89.0,Charge 6
2025-11-12T15:46:14Z,91.0,Charge 6
2025-11-12T15:46:16Z,87.0,Charge 6
2025-11-12T15:46:18Z,81.0,Charge 6
2025-11-12T15:46:19Z,76.0,Charge 6
2025-11-12T15:46:21Z,73.0,Charge 6
2025-11-12T15:46:23Z,72.0,Charge 6
2025-11-12T15:46:25Z,70.0,Charge 6
2025-11-12T15:46:28Z,70.0,Charge 6
2025-11-12T15:46:29Z,71.0,Charge 6
2025-11-12T15:46:31Z,72.0,Charge 6
2025-11-12T15:46:33Z,73.0,Charge 6
2025-11-12T15:46:36Z,73.0,Charge 6
2025-11-12T15:46:37Z,74.0,Charge 6
2025-11-12T15:46:39Z,73.0,Charge 6
2025-11-12T15:46:42Z,73.0,Charge 6
2025-11-12T15:46:43Z,74.0,Charge 6
2025-11-12T15:46:44Z,75.0,Charge 6
2025-11-12T15:46:46Z,76.0,Charge 6
2025-11-12T15:46:49Z,76.0,Charge 6
2025-11-12T15:46:50Z,76.0,Charge 6
2025-11-12T15:46:52Z,76.0,Charge 6
2025-11-12T15:46:54Z,75.0,Charge 6
2025-11-12T15:46:56Z,74.0,Charge 6
2025-11-12T15:46:59Z,74.0,Charge 6
2025-11-12T15:47:00Z,73.0,Charge 6
2025-11-12T15:47:02Z,72.0,Charge 6
2025-11-12T15:47:05Z,72.0,Charge 6
2025-11-12T15:47:06Z,72.0,Charge 6
2025-11-12T15:47:09Z,72.0,Charge 6
2025-11-12T15:47:12Z,72.0,Charge 6
2025-11-12T15:47:15Z,73.0,Charge 6
2025-11-12T15:47:17Z,75.0,Charge 6
2025-11-12T15:47:19Z,76.0,Charge 6
2025-11-12T15:47:21Z,78.0,Charge 6
2025-11-12T15:47:24Z,78.0,Charge 6
2025-11-12T15:47:25Z,80.0,Charge 6
2025-11-12T15:47:27Z,79.0,Charge 6
2025-11-12T15:47:29Z,77.0,Charge 6
2025-11-12T15:47:32Z,76.0,Charge 6
2025-11-12T15:47:34Z,75.0,Charge 6
2025-11-12T15:47:37Z,75.0,Charge 6
2025-11-12T15:47:38Z,72.0,Charge 6
2025-11-12T15:47:40Z,71.0,Charge 6
2025-11-12T15:47:42Z,69.0,Charge 6
2025-11-12T15:47:44Z,67.0,Charge 6
2025-11-12T15:47:46Z,65.0,Charge 6
2025-11-12T15:47:48Z,64.0,Charge 6
2025-11-12T15:47:50Z,65.0,Charge 6
2025-11-12T15:47:52Z,68.0,Charge 6
2025-11-12T15:47:54Z,67.0,Charge 6
2025-11-12T15:47:55Z,66.0,Charge 6
2025-11-12T15:47:57Z,63.0,Charge 6
2025-11-12T15:47:59Z,62.0,Charge 6
2025-11-12T15:48:01Z,63.0,Charge 6
2025-11-12T15:48:03Z,66.0,Charge 6
2025-11-12T15:48:05Z,69.0,Charge 6
2025-11-12T15:48:07Z,70.0,Charge 6
2025-11-12T15:48:09Z,79.0,Charge 6
2025-11-12T15:48:11Z,88.0,Charge 6
2025-11-12T15:48:13Z,90.0,Charge 6
2025-11-12T15:48:15Z,89.0,Charge 6
2025-11-12T15:48:17Z,87.0,Charge 6
2025-11-12T15:48:19Z,83.0,Charge 6
2025-11-12T15:48:20Z,75.0,Charge 6
2025-11-12T15:48:22Z,70.0,Charge 6
2025-11-12T15:48:24Z,69.0,Charge 6
2025-11-12T15:48:26Z,69.0,Charge 6
2025-11-12T15:48:28Z,68.0,Charge 6
2025-11-12T15:48:31Z,68.0,Charge 6
2025-11-12T15:48:32Z,68.0,Charge 6
2025-11-12T15:48:34Z,68.0,Charge 6
2025-11-12T15:48:36Z,70.0,Charge 6
2025-11-12T15:48:38Z,70.0,Charge 6
2025-11-12T15:48:40Z,71.0,Charge 6
2025-11-12T15:48:43Z,70.0,Charge 6
2025-11-12T15:48:45Z,68.0,Charge 6
2025-11-12T15:48:47Z,65.0,Charge 6
2025-11-12T15:48:49Z,63.0,Charge 6
2025-11-12T15:48:51Z,62.0,Charge 6
2025-11-12T15:48:53Z,61.0,Charge 6
2025-11-12T15:48:56Z,61.0,Charge 6
2025-11-12T15:48:57Z,62.0,Charge 6
2025-11-12T15:49:00Z,62.0,Charge 6
2025-11-12T15:49:01Z,64.0,Charge 6
2025-11-12T15:49:03Z,66.0,Charge 6
2025-11-12T15:49:05Z,68.0,Charge 6
2025-11-12T15:49:07Z,67.0,Charge 6
2025-11-12T15:49:08Z,69.0,Charge 6
2025-11-12T15:49:10Z,72.0,Charge 6
2025-11-12T15:49:12Z,77.0,Charge 6
2025-11-12T15:49:14Z,85.0,Charge 6
2025-11-12T15:49:16Z,91.0,Charge 6
2025-11-12T15:49:18Z,94.0,Charge 6
2025-11-12T15:49:21Z,94.0,Charge 6
2025-11-12T15:49:22Z,92.0,Charge 6
2025-11-12T15:49:24Z,91.0,Charge 6
2025-11-12T15:49:26Z,89.0,Charge 6
2025-11-12T15:49:28Z,82.0,Charge 6
2025-11-12T15:49:30Z,80.0,Charge 6
2025-11-12T15:49:31Z,79.0,Charge 6
2025-11-12T15:49:33Z,78.0,Charge 6
2025-11-12T15:49:35Z,81.0,Charge 6
2025-11-12T15:49:37Z,80.0,Charge 6
2025-11-12T15:49:39Z,92.0,Charge 6
2025-11-12T15:49:41Z,93.0,Charge 6
2025-11-12T15:49:43Z,90.0,Charge 6
2025-11-12T15:49:45Z,88.0,Charge 6
2025-11-12T15:49:48Z,88.0,Charge 6
2025-11-12T15:49:49Z,90.0,Charge 6
2025-11-12T15:49:51Z,92.0,Charge 6
2025-11-12T15:49:53Z,93.0,Charge 6
2025-11-12T15:49:55Z,94.0,Charge 6
2025-11-12T15:49:56Z,95.0,Charge 6
2025-11-12T15:49:58Z,94.0,Charge 6
2025-11-12T15:50:00Z,89.0,Charge 6
2025-11-12T15:50:02Z,85.0,Charge 6
2025-11-12T15:50:05Z,85.0,Charge 6
2025-11-12T15:50:06Z,87.0,Charge 6
2025-11-12T15:50:08Z,88.0,Charge 6
2025-11-12T15:50:10Z,88.0,Charge 6
2025-11-12T15:50:12Z,85.0,Charge 6
2025-11-12T15:50:14Z,87.0,Charge 6
2025-11-12T15:50:16Z,89.0,Charge 6
2025-11-12T15:50:18Z,88.0,Charge 6
2025-11-12T15:50:19Z,85.0,Charge 6
2025-11-12T15:50:21Z,84.0,Charge 6
2025-11-12T15:50:23Z,81.0,Charge 6
2025-11-12T15:50:25Z,77.0,Charge 6
2025-11-12T15:50:27Z,74.0,Charge 6
2025-11-12T15:50:29Z,76.0,Charge 6
2025-11-12T15:50:31Z,78.0,Charge 6
2025-11-12T15:50:33Z,78.0,Charge 6
2025-11-12T15:50:35Z,75.0,Charge 6
2025-11-12T15:50:37Z,71.0,Charge 6
2025-11-12T15:50:39Z,69.0,Charge 6
2025-11-12T15:50:41Z,67.0,Charge 6
2025-11-12T15:50:43Z,75.0,Charge 6
2025-11-12T15:50:44Z,76.0,Charge 6
2025-11-12T15:50:46Z,75.0,Charge 6
2025-11-12T15:50:49Z,75.0,Charge 6
2025-11-12T15:50:52Z,77.0,Charge 6
2025-11-12T15:50:54Z,78.0,Charge 6
2025-11-12T15:50:56Z,75.0,Charge 6
2025-11-12T15:50:58Z,74.0,Charge 6
2025-11-12T15:51:00Z,73.0,Charge 6
2025-11-12T15:51:02Z,72.0,Charge 6
2025-11-12T15:51:05Z,72.0,Charge 6
2025-11-12T15:51:06Z,74.0,Charge 6
2025-11-12T15:51:09Z,73.0,Charge 6
2025-11-12T15:51:11Z,71.0,Charge 6
2025-11-12T15:51:13Z,71.0,Charge 6
2025-11-12T15:51:16Z,71.0,Charge 6
2025-11-12T15:51:19Z,71.0,Charge 6
2025-11-12T15:51:21Z,70.0,Charge 6
2025-11-12T15:51:23Z,67.0,Charge 6
2025-11-12T15:51:25Z,67.0,Charge 6
2025-11-12T15:51:27Z,66.0,Charge 6
2025-11-12T15:51:29Z,63.0,Charge 6
2025-11-12T15:51:32Z,64.0,Charge 6
2025-11-12T15:51:35Z,64.0,Charge 6
2025-11-12T15:51:38Z,63.0,Charge 6
2025-11-12T15:51:40Z,62.0,Charge 6
2025-11-12T15:51:42Z,63.0,Charge 6
2025-11-12T15:51:44Z,64.0,Charge 6
2025-11-12T15:51:47Z,64.0,Charge 6
2025-11-12T15:51:48Z,64.0,Charge 6
2025-11-12T15:51:50Z,63.0,Charge 6
2025-11-12T15:51:52Z,62.0,Charge 6
2025-11-12T15:51:54Z,64.0,Charge 6
2025-11-12T15:51:55Z,65.0,Charge 6
2025-11-12T15:51:57Z,66.0,Charge 6
2025-11-12T15:52:00Z,66.0,Charge 6
2025-11-12T15:52:01Z,65.0,Charge 6
2025-11-12T15:52:03Z,64.0,Charge 6
2025-11-12T15:52:05Z,67.0,Charge 6
2025-11-12T15:52:07Z,70.0,Charge 6
2025-11-12T15:52:10Z,75.0,Charge 6
2025-11-12T15:52:12Z,74.0,Charge 6
2025-11-12T15:52:14Z,75.0,Charge 6
2025-11-12T15:52:16Z,76.0,Charge 6
2025-11-12T15:52:18Z,77.0,Charge 6
2025-11-12T15:52:21Z,77.0,Charge 6
2025-11-12T15:52:22Z,76.0,Charge 6
2025-11-12T15:52:24Z,73.0,Charge 6
2025-11-12T15:52:26Z,69.0,Charge 6
2025-11-12T15:52:28Z,68.0,Charge 6
2025-11-12T15:52:30Z,66.0,Charge 6
2025-11-12T15:52:32Z,67.0,Charge 6
2025-11-12T15:52:33Z,68.0,Charge 6
2025-11-12T15:52:36Z,68.0,Charge 6
2025-11-12T15:52:37Z,66.0,Charge 6
2025-11-12T15:52:39Z,64.0,Charge 6
2025-11-12T15:52:41Z,63.0,Charge 6
2025-11-12T15:52:43Z,62.0,Charge 6
2025-11-12T15:52:45Z,62.0,Charge 6
2025-11-12T15:52:47Z,62.0,Charge 6
2025-11-12T15:52:49Z,63.0,Charge 6
2025-11-12T15:52:51Z,64.0,Charge 6
2025-11-12T15:52:53Z,64.0,Charge 6
2025-11-12T15:52:55Z,63.0,Charge 6
2025-11-12T15:52:58Z,63.0,Charge 6
2025-11-12T15:53:01Z,63.0,Charge 6
2025-11-12T15:53:04Z,64.0,Charge 6
2025-11-12T15:53:06Z,64.0,Charge 6
2025-11-12T15:53:08Z,66.0,Charge 6
2025-11-12T15:53:10Z,68.0,Charge 6
2025-11-12T15:53:12Z,69.0,Charge 6
2025-11-12T15:53:14Z,71.0,Charge 6
2025-11-12T15:53:16Z,74.0,Charge 6
2025-11-12T15:53:18Z,76.0,Charge 6
2025-11-12T15:53:20Z,77.0,Charge 6
2025-11-12T15:53:21Z,77.0,Charge 6
2025-11-12T15:53:23Z,76.0,Charge 6
2025-11-12T15:53:25Z,75.0,Charge 6
2025-11-12T15:53:28Z,75.0,Charge 6
2025-11-12T15:53:29Z,76.0,Charge 6
2025-11-12T15:53:31Z,77.0,Charge 6
2025-11-12T15:53:33Z,78.0,Charge 6
2025-11-12T15:53:35Z,73.0,Charge 6
2025-11-12T15:53:37Z,70.0,Charge 6
2025-11-12T15:53:39Z,71.0,Charge 6
2025-11-12T15:53:42Z,71.0,Charge 6
2025-11-12T15:53:43Z,72.0,Charge 6
2025-11-12T15:53:44Z,69.0,Charge 6
2025-11-12T15:53:46Z,68.0,Charge 6
2025-11-12T15:53:48Z,66.0,Charge 6
2025-11-12T15:53:50Z,65.0,Charge 6
2025-11-12T15:53:52Z,66.0,Charge 6
2025-11-12T15:53:54Z,65.0,Charge 6
2025-11-12T15:53:56Z,64.0,Charge 6
2025-11-12T15:53:59Z,64.0,Charge 6
2025-11-12T15:54:00Z,65.0,Charge 6
2025-11-12T15:54:02Z,64.0,Charge 6
2025-11-12T15:54:05Z,64.0,Charge 6
2025-11-12T15:54:08Z,63.0,Charge 6
2025-11-12T15:54:09Z,62.0,Charge 6
2025-11-12T15:54:12Z,62.0,Charge 6
2025-11-12T15:54:15Z,62.0,Charge 6
2025-11-12T15:54:17Z,64.0,Charge 6
2025-11-12T15:54:19Z,66.0,Charge 6
2025-11-12T15:54:22Z,66.0,Charge 6
2025-11-12T15:54:23Z,65.0,Charge 6
2025-11-12T15:54:25Z,64.0,Charge 6
2025-11-12T15:54:27Z,63.0,Charge 6
2025-11-12T15:54:29Z,62.0,Charge 6
2025-11-12T15:54:32Z,62.0,Charge 6
2025-11-12T15:54:35Z,62.0,Charge 6
2025-11-12T15:54:36Z,64.0,Charge 6
2025-11-12T15:54:38Z,65.0,Charge 6
2025-11-12T15:54:40Z,64.0,Charge 6
2025-11-12T15:54:42Z,63.0,Charge 6
2025-11-12T15:54:44Z,62.0,Charge 6
2025-11-12T15:54:47Z,62.0,Charge 6
2025-11-12T15:54:50Z,62.0,Charge 6
2025-11-12T15:54:52Z,63.0,Charge 6
2025-11-12T15:54:54Z,65.0,Charge 6
2025-11-12T15:54:56Z,69.0,Charge 6
2025-11-12T15:54:57Z,70.0,Charge 6
2025-11-12T15:55:00Z,70.0,Charge 6
2025-11-12T15:55:03Z,69.0,Charge 6
2025-11-12T15:55:05Z,68.0,Charge 6
2025-11-12T15:55:07Z,68.0,Charge 6
2025-11-12T15:55:09Z,66.0,Charge 6
2025-11-12T15:55:11Z,65.0,Charge 6
2025-11-12T15:55:14Z,65.0,Charge 6
2025-11-12T15:55:15Z,65.0,Charge 6
2025-11-12T15:55:17Z,64.0,Charge 6
2025-11-12T15:55:19Z,63.0,Charge 6
2025-11-12T15:55:20Z,62.0,Charge 6
2025-11-12T15:55:23Z,62.0,Charge 6
2025-11-12T15:55:24Z,61.0,Charge 6
2025-11-12T15:55:26Z,60.0,Charge 6
2025-11-12T15:55:29Z,60.0,Charge 6
2025-11-12T15:55:32Z,61.0,Charge 6
2025-11-12T15:55:35Z,61.0,Charge 6
2025-11-12T15:55:36Z,62.0,Charge 6
2025-11-12T15:55:38Z,62.0,Charge 6
2025-11-12T15:55:40Z,63.0,Charge 6
2025-11-12T15:55:42Z,67.0,Charge 6
2025-11-12T15:55:44Z,69.0,Charge 6
2025-11-12T15:55:47Z,70.0,Charge 6
2025-11-12T15:55:49Z,71.0,Charge 6
2025-11-12T15:55:51Z,72.0,Charge 6
2025-11-12T15:55:53Z,73.0,Charge 6
2025-11-12T15:55:55Z,73.0,Charge 6
2025-11-12T15:55:58Z,73.0,Charge 6
2025-11-12T15:55:59Z,72.0,Charge 6
2025-11-12T15:56:01Z,69.0,Charge 6
2025-11-12T15:56:03Z,67.0,Charge 6
2025-11-12T15:56:05Z,65.0,Charge 6
2025-11-12T15:56:07Z,64.0,Charge 6
2025-11-12T15:56:10Z,64.0,Charge 6
2025-11-12T15:56:12Z,64.0,Charge 6
2025-11-12T15:56:15Z,64.0,Charge 6
2025-11-12T15:56:18Z,64.0,Charge 6
2025-11-12T15:56:20Z,67.0,Charge 6
2025-11-12T15:56:22Z,70.0,Charge 6
2025-11-12T15:56:24Z,72.0,Charge 6
2025-11-12T15:56:26Z,72.0,Charge 6
2025-11-12T15:56:29Z,72.0,Charge 6
2025-11-12T15:56:30Z,70.0,Charge 6
2025-11-12T15:56:33Z,70.0,Charge 6
2025-11-12T15:56:36Z,70.0,Charge 6
2025-11-12T15:56:37Z,69.0,Charge 6
2025-11-12T15:56:39Z,67.0,Charge 6
2025-11-12T15:56:41Z,66.0,Charge 6
2025-11-12T15:56:44Z,66.0,Charge 6
2025-11-12T15:56:47Z,66.0,Charge 6
2025-11-12T15:56:49Z,64.0,Charge 6
2025-11-12T15:56:51Z,62.0,Charge 6
2025-11-12T15:56:54Z,62.0,Charge 6
2025-11-12T15:56:57Z,62.0,Charge 6
2025-11-12T15:56:58Z,64.0,Charge 6
2025-11-12T16:17:36Z,84.0,Charge 6
2025-11-12T16:17:38Z,82.0,Charge 6
2025-11-12T16:17:40Z,83.0,Charge 6
2025-11-12T16:17:41Z,84.0,Charge 6
2025-11-12T16:17:43Z,83.0,Charge 6
2025-11-12T16:17:45Z,84.0,Charge 6
2025-11-12T16:17:48Z,84.0,Charge 6
2025-11-12T16:17:49Z,82.0,Charge 6
2025-11-12T16:17:51Z,83.0,Charge 6
2025-11-12T16:17:53Z,85.0,Charge 6
2025-11-12T16:17:55Z,81.0,Charge 6
2025-11-12T16:17:57Z,85.0,Charge 6
2025-11-12T16:18:00Z,85.0,Charge 6
2025-11-12T16:18:03Z,85.0,Charge 6
2025-11-12T16:18:06Z,85.0,Charge 6
2025-11-12T16:18:09Z,85.0,Charge 6
2025-11-12T16:18:12Z,85.0,Charge 6
2025-11-12T16:18:15Z,85.0,Charge 6
2025-11-12T16:18:16Z,87.0,Charge 6
2025-11-12T16:18:18Z,90.0,Charge 6
2025-11-12T16:18:20Z,91.0,Charge 6
2025-11-12T16:18:22Z,93.0,Charge 6
2025-11-12T16:18:24Z,95.0,Charge 6
2025-11-12T16:18:26Z,93.0,Charge 6
2025-11-12T16:18:28Z,93.0,Charge 6
2025-11-12T16:18:29Z,93.0,Charge 6
2025-11-12T16:18:31Z,88.0,Charge 6
2025-11-12T16:18:33Z,88.0,Charge 6
2025-11-12T16:18:35Z,89.0,Charge 6
2025-11-12T16:18:38Z,89.0,Charge 6
2025-11-12T16:18:39Z,95.0,Charge 6
2025-11-12T16:18:41Z,97.0,Charge 6
2025-11-12T16:18:43Z,94.0,Charge 6
2025-11-12T16:18:45Z,93.0,Charge 6
2025-11-12T16:18:48Z,93.0,Charge 6
2025-11-12T16:18:51Z,92.0,Charge 6
2025-11-12T16:18:53Z,93.0,Charge 6
2025-11-12T16:18:54Z,92.0,Charge 6
2025-11-12T16:18:56Z,93.0,Charge 6
2025-11-12T16:18:58Z,97.0,Charge 6
2025-11-12T16:19:00Z,96.0,Charge 6
2025-11-12T16:19:02Z,97.0,Charge 6
2025-11-12T16:19:05Z,97.0,Charge 6
2025-11-12T16:19:06Z,91.0,Charge 6
2025-11-12T16:19:08Z,90.0,Charge 6
2025-11-12T16:19:11Z,90.0,Charge 6
2025-11-12T16:19:12Z,88.0,Charge 6
2025-11-12T16:19:14Z,89.0,Charge 6
2025-11-12T16:19:17Z,90.0,Charge 6
2025-11-12T16:19:19Z,91.0,Charge 6
2025-11-12T16:19:22Z,91.0,Charge 6
2025-11-12T16:19:23Z,90.0,Charge 6
2025-11-12T16:19:26Z,90.0,Charge 6
2025-11-12T16:19:27Z,91.0,Charge 6
2025-11-12T16:19:29Z,91.0,Charge 6
2025-11-12T16:19:31Z,94.0,Charge 6
2025-11-12T16:19:33Z,96.0,Charge 6
2025-11-12T16:19:35Z,97.0,Charge 6
2025-11-12T16:19:37Z,98.0,Charge 6
2025-11-12T16:19:39Z,99.0,Charge 6
2025-11-12T16:19:42Z,96.0,Charge 6
2025-11-12T16:19:44Z,95.0,Charge 6
2025-11-12T16:19:47Z,95.0,Charge 6
2025-11-12T16:19:48Z,92.0,Charge 6
2025-11-12T16:19:50Z,90.0,Charge 6
2025-11-12T16:19:53Z,90.0,Charge 6
2025-11-12T16:19:54Z,89.0,Charge 6
2025-11-12T16:19:57Z,89.0,Charge 6
2025-11-12T16:20:00Z,88.0,Charge 6
2025-11-12T16:20:02Z,89.0,Charge 6
2025-11-12T16:20:04Z,90.0,Charge 6
2025-11-12T16:20:05Z,89.0,Charge 6
2025-11-12T16:20:07Z,91.0,Charge 6
2025-11-12T16:20:09Z,95.0,Charge 6
2025-11-12T16:20:11Z,93.0,Charge 6
2025-11-12T16:20:13Z,76.0,Charge 6
2025-11-12T16:20:15Z,75.0,Charge 6
2025-11-12T16:20:17Z,74.0,Charge 6
2025-11-12T16:20:19Z,73.0,Charge 6
2025-11-12T16:20:21Z,75.0,Charge 6
2025-11-12T16:20:23Z,76.0,Charge 6
2025-11-12T16:20:25Z,75.0,Charge 6
2025-11-12T16:20:28Z,75.0,Charge 6
2025-11-12T16:20:29Z,76.0,Charge 6
2025-11-12T16:20:30Z,75.0,Charge 6
2025-11-12T16:20:33Z,75.0,Charge 6
2025-11-12T16:20:36Z,76.0,Charge 6
2025-11-12T16:20:39Z,76.0,Charge 6
2025-11-12T16:20:40Z,75.0,Charge 6
2025-11-12T16:20:42Z,72.0,Charge 6
2025-11-12T16:20:44Z,71.0,Charge 6
2025-11-12T16:20:47Z,71.0,Charge 6
2025-11-12T16:20:50Z,71.0,Charge 6
2025-11-12T16:20:52Z,70.0,Charge 6
2025-11-12T16:20:53Z,69.0,Charge 6
2025-11-12T16:20:55Z,70.0,Charge 6
2025-11-12T16:20:58Z,70.0,Charge 6
2025-11-12T16:20:59Z,71.0,Charge 6
2025-11-12T16:21:01Z,72.0,Charge 6
2025-11-12T16:21:04Z,72.0,Charge 6
2025-11-12T16:21:07Z,72.0,Charge 6
2025-11-12T16:21:09Z,74.0,Charge 6
2025-11-12T16:21:11Z,79.0,Charge 6
2025-11-12T16:21:13Z,80.0,Charge 6
2025-11-12T16:21:15Z,77.0,Charge 6
2025-11-12T16:21:17Z,79.0,Charge 6
2025-11-12T16:21:18Z,78.0,Charge 6
2025-11-12T16:21:21Z,78.0,Charge 6
2025-11-12T16:21:22Z,80.0,Charge 6
2025-11-12T16:21:25Z,80.0,Charge 6
2025-11-12T16:21:28Z,82.0,Charge 6
2025-11-12T16:21:30Z,87.0,Charge 6
2025-11-12T16:21:32Z,84.0,Charge 6
2025-11-12T16:21:34Z,83.0,Charge 6
2025-11-12T16:21:36Z,80.0,Charge 6
2025-11-12T16:21:38Z,81.0,Charge 6
2025-11-12T16:21:40Z,90.0,Charge 6
2025-11-12T16:21:41Z,85.0,Charge 6
2025-11-12T16:21:43Z,77.0,Charge 6
2025-11-12T16:21:45Z,74.0,Charge 6
2025-11-12T16:21:47Z,72.0,Charge 6
2025-11-12T16:21:49Z,71.0,Charge 6
2025-11-12T16:21:52Z,71.0,Charge 6
2025-11-12T16:21:53Z,70.0,Charge 6
2025-11-12T16:21:55Z,71.0,Charge 6
2025-11-12T16:21:57Z,70.0,Charge 6
2025-11-12T16:21:59Z,69.0,Charge 6
2025-11-12T16:22:01Z,70.0,Charge 6
2025-11-12T16:22:03Z,71.0,Charge 6
2025-11-12T16:22:05Z,70.0,Charge 6
2025-11-12T16:22:08Z,71.0,Charge 6
2025-11-12T16:22:10Z,73.0,Charge 6
2025-11-12T16:22:12Z,77.0,Charge 6
2025-11-12T16:22:14Z,79.0,Charge 6
2025-11-12T16:22:17Z,78.0,Charge 6
2025-11-12T16:22:20Z,78.0,Charge 6
2025-11-12T16:22:21Z,77.0,Charge 6
2025-11-12T16:22:24Z,77.0,Charge 6
2025-11-12T16:22:27Z,73.0,Charge 6
2025-11-12T16:22:29Z,72.0,Charge 6
2025-11-12T16:22:32Z,72.0,Charge 6
2025-11-12T16:22:35Z,73.0,Charge 6
2025-11-12T16:22:37Z,74.0,Charge 6
2025-11-12T16:22:40Z,74.0,Charge 6
2025-11-12T16:22:42Z,72.0,Charge 6
2025-11-12T16:22:44Z,72.0,Charge 6
2025-11-12T16:22:47Z,72.0,Charge 6
2025-11-12T16:22:48Z,73.0,Charge 6
2025-11-12T16:22:51Z,73.0,Charge 6
2025-11-12T16:22:52Z,74.0,Charge 6
2025-11-12T16:22:55Z,74.0,Charge 6
2025-11-12T16:22:56Z,73.0,Charge 6
2025-11-12T16:22:59Z,73.0,Charge 6
2025-11-12T16:23:00Z,72.0,Charge 6
2025-11-12T16:23:02Z,71.0,Charge 6
2025-11-12T16:23:05Z,70.0,Charge 6
2025-11-12T16:23:08Z,70.0,Charge 6
2025-11-12T16:23:09Z,71.0,Charge 6
2025-11-12T16:23:11Z,72.0,Charge 6
2025-11-12T16:23:13Z,73.0,Charge 6
2025-11-12T16:23:15Z,74.0,Charge 6
2025-11-12T16:23:18Z,74.0,Charge 6
2025-11-12T16:23:19Z,75.0,Charge 6
2025-11-12T16:23:22Z,75.0,Charge 6
2025-11-12T16:23:23Z,76.0,Charge 6
2025-11-12T16:23:25Z,77.0,Charge 6
2025-11-12T16:23:28Z,78.0,Charge 6
2025-11-12T16:23:30Z,79.0,Charge 6
2025-11-12T16:23:33Z,79.0,Charge 6
2025-11-12T16:23:34Z,78.0,Charge 6
2025-11-12T16:23:36Z,81.0,Charge 6
2025-11-12T16:23:38Z,84.0,Charge 6
2025-11-12T16:23:40Z,83.0,Charge 6
2025-11-12T16:23:42Z,84.0,Charge 6
2025-11-12T16:23:45Z,84.0,Charge 6
2025-11-12T16:23:46Z,82.0,Charge 6
2025-11-12T16:23:48Z,79.0,Charge 6
2025-11-12T16:23:51Z,79.0,Charge 6
2025-11-12T16:23:54Z,79.0,Charge 6
2025-11-12T16:23:55Z,80.0,Charge 6
2025-11-12T16:23:57Z,81.0,Charge 6
2025-11-12T16:23:59Z,80.0,Charge 6
2025-11-12T16:24:01Z,79.0,Charge 6
2025-11-12T16:24:04Z,79.0,Charge 6
2025-11-12T16:24:07Z,79.0,Charge 6
2025-11-12T16:24:09Z,78.0,Charge 6
2025-11-12T16:24:11Z,79.0,Charge 6
2025-11-12T16:24:13Z,82.0,Charge 6
2025-11-12T16:24:15Z,85.0,Charge 6
2025-11-12T16:24:16Z,87.0,Charge 6
2025-11-12T16:24:18Z,86.0,Charge 6
2025-11-12T16:24:21Z,86.0,Charge 6
2025-11-12T16:24:22Z,87.0,Charge 6
2025-11-12T16:24:25Z,87.0,Charge 6
2025-11-12T16:24:28Z,86.0,Charge 6
2025-11-12T16:24:31Z,86.0,Charge 6
2025-11-12T16:24:32Z,84.0,Charge 6
2025-11-12T16:24:35Z,84.0,Charge 6
2025-11-12T16:24:36Z,82.0,Charge 6
2025-11-12T16:24:39Z,82.0,Charge 6
2025-11-12T16:24:41Z,83.0,Charge 6
2025-11-12T16:24:44Z,83.0,Charge 6
2025-11-12T16:24:45Z,87.0,Charge 6
2025-11-12T16:24:47Z,92.0,Charge 6
2025-11-12T16:24:49Z,99.0,Charge 6
2025-11-12T16:24:51Z,101.0,Charge 6
2025-11-12T16:24:53Z,101.0,Charge 6
2025-11-12T16:24:55Z,99.0,Charge 6
2025-11-12T16:24:57Z,97.0,Charge 6
2025-11-12T16:25:00Z,97.0,Charge 6
2025-11-12T16:25:01Z,95.0,Charge 6
2025-11-12T16:25:03Z,92.0,Charge 6
2025-11-12T16:25:04Z,93.0,Charge 6
2025-11-12T16:25:06Z,92.0,Charge 6
2025-11-12T16:25:08Z,95.0,Charge 6
2025-11-12T16:25:10Z,93.0,Charge 6
2025-11-12T16:25:12Z,90.0,Charge 6
2025-11-12T16:25:14Z,88.0,Charge 6
2025-11-12T16:25:16Z,89.0,Charge 6
2025-11-12T16:25:18Z,88.0,Charge 6
2025-11-12T16:25:20Z,84.0,Charge 6
2025-11-12T16:25:23Z,84.0,Charge 6
2025-11-12T16:25:26Z,84.0,Charge 6
2025-11-12T16:25:28Z,83.0,Charge 6
2025-11-12T16:25:29Z,82.0,Charge 6
2025-11-12T16:25:31Z,81.0,Charge 6
2025-11-12T16:25:33Z,80.0,Charge 6
2025-11-12T16:25:35Z,78.0,Charge 6
2025-11-12T16:25:37Z,78.0,Charge 6
2025-11-12T16:25:39Z,77.0,Charge 6
2025-11-12T16:25:42Z,77.0,Charge 6
2025-11-12T16:25:43Z,76.0,Charge 6
2025-11-12T16:25:46Z,76.0,Charge 6
2025-11-12T16:25:47Z,75.0,Charge 6
2025-11-12T16:25:49Z,74.0,Charge 6
2025-11-12T16:25:52Z,74.0,Charge 6
2025-11-12T16:25:55Z,74.0,Charge 6
2025-11-12T16:25:58Z,76.0,Charge 6
2025-11-12T16:26:00Z,77.0,Charge 6
2025-11-12T16:26:02Z,79.0,Charge 6
2025-11-12T16:26:04Z,79.0,Charge 6
2025-11-12T16:26:06Z,80.0,Charge 6
2025-11-12T16:26:08Z,82.0,Charge 6
2025-11-12T16:26:11Z,82.0,Charge 6
2025-11-12T16:26:12Z,78.0,Charge 6
2025-11-12T16:26:14Z,77.0,Charge 6
2025-11-12T16:26:16Z,76.0,Charge 6
2025-11-12T16:26:17Z,74.0,Charge 6
2025-11-12T16:26:19Z,73.0,Charge 6
2025-11-12T16:26:21Z,72.0,Charge 6
2025-11-12T16:26:23Z,73.0,Charge 6
2025-11-12T16:26:25Z,72.0,Charge 6
2025-11-12T16:26:27Z,73.0,Charge 6
2025-11-12T16:26:29Z,75.0,Charge 6
2025-11-12T16:26:31Z,95.0,Charge 6
2025-11-12T16:26:33Z,90.0,Charge 6
2025-11-12T16:26:35Z,84.0,Charge 6
2025-11-12T16:26:37Z,76.0,Charge 6
2025-11-12T16:26:39Z,72.0,Charge 6
2025-11-12T16:26:40Z,71.0,Charge 6
2025-11-12T16:26:42Z,70.0,Charge 6
2025-11-12T16:26:44Z,67.0,Charge 6
2025-11-12T16:26:46Z,73.0,Charge 6
2025-11-12T16:26:49Z,73.0,Charge 6
2025-11-12T16:26:52Z,76.0,Charge 6
2025-11-12T16:26:54Z,80.0,Charge 6
2025-11-12T16:26:56Z,77.0,Charge 6
2025-11-12T16:26:58Z,76.0,Charge 6
2025-11-12T16:27:00Z,75.0,Charge 6
2025-11-12T16:27:02Z,74.0,Charge 6
2025-11-12T16:27:05Z,75.0,Charge 6
2025-11-12T16:27:07Z,74.0,Charge 6
2025-11-12T16:27:09Z,75.0,Charge 6
2025-11-12T16:27:11Z,76.0,Charge 6
2025-11-12T16:27:13Z,78.0,Charge 6
2025-11-12T16:27:16Z,78.0,Charge 6
2025-11-12T16:27:19Z,78.0,Charge 6
2025-11-12T16:27:21Z,77.0,Charge 6
2025-11-12T16:27:23Z,78.0,Charge 6
2025-11-12T16:27:26Z,78.0,Charge 6
2025-11-12T16:27:27Z,77.0,Charge 6
2025-11-12T16:27:28Z,78.0,Charge 6
2025-11-12T16:27:31Z,78.0,Charge 6
2025-11-12T16:27:32Z,80.0,Charge 6
2025-11-12T16:27:34Z,82.0,Charge 6
2025-11-12T16:27:36Z,83.0,Charge 6
2025-11-12T16:27:38Z,85.0,Charge 6
2025-11-12T16:27:41Z,85.0,Charge 6
2025-11-12T16:27:42Z,82.0,Charge 6
2025-11-12T16:27:44Z,84.0,Charge 6
2025-11-12T16:27:46Z,80.0,Charge 6
2025-11-12T16:27:49Z,80.0,Charge 6
2025-11-12T16:27:50Z,80.0,Charge 6
2025-11-12T16:27:52Z,79.0,Charge 6
2025-11-12T16:27:55Z,79.0,Charge 6
2025-11-12T16:27:58Z,79.0,Charge 6
2025-11-12T16:28:01Z,78.0,Charge 6
2025-11-12T16:28:04Z,78.0,Charge 6
2025-11-12T16:28:05Z,77.0,Charge 6
2025-11-12T16:28:07Z,80.0,Charge 6
2025-11-12T16:28:09Z,79.0,Charge 6
2025-11-12T16:28:11Z,82.0,Charge 6
2025-11-12T16:28:13Z,87.0,Charge 6
2025-11-12T16:28:15Z,89.0,Charge 6
2025-11-12T16:28:18Z,87.0,Charge 6
2025-11-12T16:28:20Z,84.0,Charge 6
2025-11-12T16:28:23Z,84.0,Charge 6
2025-11-12T16:28:24Z,87.0,Charge 6
2025-11-12T16:28:27Z,87.0,Charge 6
2025-11-12T16:28:30Z,87.0,Charge 6
2025-11-12T16:28:32Z,88.0,Charge 6
2025-11-12T16:28:34Z,86.0,Charge 6
2025-11-12T16:28:36Z,85.0,Charge 6
2025-11-12T16:28:38Z,84.0,Charge 6
2025-11-12T16:28:40Z,83.0,Charge 6
2025-11-12T16:28:41Z,80.0,Charge 6
2025-11-12T16:28:44Z,80.0,Charge 6
2025-11-12T16:28:45Z,81.0,Charge 6
2025-11-12T16:28:47Z,82.0,Charge 6
2025-11-12T16:28:49Z,84.0,Charge 6
2025-11-12T16:28:51Z,85.0,Charge 6
2025-11-12T16:28:53Z,84.0,Charge 6
2025-11-12T16:28:56Z,84.0,Charge 6
2025-11-12T16:28:59Z,84.0,Charge 6
2025-11-12T16:29:01Z,83.0,Charge 6
2025-11-12T16:29:04Z,82.0,Charge 6
2025-11-12T16:29:06Z,81.0,Charge 6
2025-11-12T16:29:08Z,82.0,Charge 6
2025-11-12T16:29:10Z,81.0,Charge 6
2025-11-12T16:29:12Z,80.0,Charge 6
2025-11-12T16:29:14Z,79.0,Charge 6
2025-11-12T16:29:16Z,79.0,Charge 6
2025-11-12T16:29:18Z,78.0,Charge 6
2025-11-12T16:29:21Z,78.0,Charge 6
2025-11-12T16:29:24Z,78.0,Charge 6
2025-11-12T16:29:27Z,78.0,Charge 6
2025-11-12T16:29:28Z,77.0,Charge 6
2025-11-12T16:29:29Z,78.0,Charge 6
2025-11-12T16:29:31Z,79.0,Charge 6
2025-11-12T16:29:33Z,80.0,Charge 6
2025-11-12T16:29:35Z,82.0,Charge 6
2025-11-12T16:29:37Z,84.0,Charge 6
2025-11-12T16:29:40Z,84.0,Charge 6
2025-11-12T16:29:41Z,85.0,Charge 6
2025-11-12T16:29:44Z,85.0,Charge 6
2025-11-12T16:29:45Z,84.0,Charge 6
2025-11-12T16:29:47Z,83.0,Charge 6
2025-11-12T16:29:49Z,82.0,Charge 6
2025-11-12T16:29:52Z,82.0,Charge 6
2025-11-12T16:29:54Z,83.0,Charge 6
2025-11-12T16:29:56Z,85.0,Charge 6
2025-11-12T16:29:58Z,84.0,Charge 6
2025-11-12T16:30:00Z,82.0,Charge 6
2025-11-12T16:30:03Z,82.0,Charge 6
2025-11-12T16:30:06Z,79.0,Charge 6
2025-11-12T16:30:08Z,78.0,Charge 6
2025-11-12T16:30:10Z,79.0,Charge 6
2025-11-12T16:30:12Z,80.0,Charge 6
2025-11-12T16:30:14Z,81.0,Charge 6
2025-11-12T16:30:16Z,84.0,Charge 6
2025-11-12T16:30:17Z,88.0,Charge 6
2025-11-12T16:30:19Z,89.0,Charge 6
2025-11-12T16:30:21Z,90.0,Charge 6
2025-11-12T16:30:24Z,90.0,Charge 6
2025-11-12T16:30:27Z,89.0,Charge 6
2025-11-12T16:30:29Z,87.0,Charge 6
2025-11-12T16:30:31Z,84.0,Charge 6
2025-11-12T16:30:34Z,84.0,Charge 6
2025-11-12T16:30:37Z,83.0,Charge 6
2025-11-12T16:30:40Z,82.0,Charge 6
2025-11-12T16:30:42Z,83.0,Charge 6
2025-11-12T16:30:44Z,80.0,Charge 6
2025-11-12T16:30:46Z,75.0,Charge 6
2025-11-12T16:30:48Z,75.0,Charge 6
2025-11-12T16:30:51Z,75.0,Charge 6
2025-11-12T16:30:52Z,76.0,Charge 6
2025-11-12T16:30:55Z,76.0,Charge 6
2025-11-12T16:30:56Z,77.0,Charge 6
2025-11-12T16:30:59Z,77.0,Charge 6
2025-11-12T16:31:02Z,77.0,Charge 6
2025-11-12T16:31:05Z,86.0,Charge 6
2025-11-12T16:31:08Z,86.0,Charge 6
2025-11-12T16:31:09Z,84.0,Charge 6
2025-11-12T16:31:11Z,80.0,Charge 6
2025-11-12T16:31:13Z,79.0,Charge 6
2025-11-12T16:31:15Z,77.0,Charge 6
2025-11-12T16:31:17Z,76.0,Charge 6
2025-11-12T16:31:19Z,77.0,Charge 6
2025-11-12T16:31:21Z,78.0,Charge 6
2025-11-12T16:31:24Z,78.0,Charge 6
2025-11-12T16:31:25Z,77.0,Charge 6
2025-11-12T16:31:27Z,81.0,Charge 6
2025-11-12T16:31:30Z,81.0,Charge 6
2025-11-12T16:31:33Z,81.0,Charge 6
2025-11-12T16:31:36Z,82.0,Charge 6
2025-11-12T16:31:39Z,82.0,Charge 6
2025-11-12T16:31:40Z,81.0,Charge 6
2025-11-12T16:31:42Z,80.0,Charge 6
2025-11-12T16:31:44Z,82.0,Charge 6
2025-11-12T16:31:46Z,82.0,Charge 6
2025-11-12T16:31:49Z,82.0,Charge 6
2025-11-12T16:31:52Z,80.0,Charge 6
2025-11-12T16:31:55Z,80.0,Charge 6
2025-11-12T16:31:57Z,79.0,Charge 6
2025-11-12T16:31:59Z,78.0,Charge 6
2025-11-12T16:32:02Z,78.0,Charge 6
2025-11-12T16:32:03Z,77.0,Charge 6
2025-11-12T16:32:05Z,78.0,Charge 6
2025-11-12T16:32:08Z,78.0,Charge 6
2025-11-12T16:32:09Z,80.0,Charge 6
2025-11-12T16:32:11Z,79.0,Charge 6
2025-11-12T16:32:14Z,79.0,Charge 6
2025-11-12T16:32:15Z,78.0,Charge 6
2025-11-12T16:32:18Z,78.0,Charge 6
2025-11-12T16:32:21Z,78.0,Charge 6
2025-11-12T16:32:24Z,78.0,Charge 6
2025-11-12T16:32:27Z,78.0,Charge 6
2025-11-12T16:32:28Z,79.0,Charge 6
2025-11-12T16:32:30Z,81.0,Charge 6
2025-11-12T16:32:32Z,82.0,Charge 6
2025-11-12T16:32:35Z,82.0,Charge 6
2025-11-12T16:32:36Z,80.0,Charge 6
2025-11-12T16:32:38Z,77.0,Charge 6
2025-11-12T16:32:40Z,76.0,Charge 6
2025-11-12T16:32:41Z,74.0,Charge 6
2025-11-12T16:32:43Z,73.0,Charge 6
2025-11-12T16:32:45Z,73.0,Charge 6
2025-11-12T16:32:47Z,71.0,Charge 6
2025-11-12T16:32:49Z,70.0,Charge 6
2025-11-12T16:32:51Z,72.0,Charge 6
2025-11-12T16:32:53Z,74.0,Charge 6
2025-11-12T16:32:56Z,74.0,Charge 6
2025-11-12T16:32:57Z,76.0,Charge 6
2025-11-12T16:32:59Z,77.0,Charge 6
2025-11-12T16:33:01Z,78.0,Charge 6
2025-11-12T16:33:03Z,77.0,Charge 6
2025-11-12T16:33:04Z,78.0,Charge 6
2025-11-12T16:33:07Z,78.0,Charge 6
2025-11-12T16:33:10Z,77.0,Charge 6
2025-11-12T16:33:12Z,75.0,Charge 6
2025-11-12T16:33:14Z,74.0,Charge 6
2025-11-12T16:33:17Z,74.0,Charge 6
2025-11-12T16:33:18Z,73.0,Charge 6
2025-11-12T16:33:20Z,72.0,Charge 6
2025-11-12T16:33:23Z,72.0,Charge 6
2025-11-12T16:33:26Z,72.0,Charge 6
2025-11-12T16:33:29Z,72.0,Charge 6
2025-11-12T16:33:31Z,74.0,Charge 6
2025-11-12T16:33:33Z,74.0,Charge 6
2025-11-12T16:33:35Z,75.0,Charge 6
2025-11-12T16:33:38Z,75.0,Charge 6
2025-11-12T16:33:39Z,77.0,Charge 6
2025-11-12T16:33:41Z,79.0,Charge 6
2025-11-12T16:33:43Z,78.0,Charge 6
2025-11-12T16:33:45Z,82.0,Charge 6
2025-11-12T16:33:47Z,81.0,Charge 6
2025-11-12T16:33:49Z,82.0,Charge 6
2025-11-12T16:33:51Z,84.0,Charge 6
2025-11-12T16:33:52Z,86.0,Charge 6
2025-11-12T16:33:55Z,86.0,Charge 6
2025-11-12T16:33:56Z,85.0,Charge 6
2025-11-12T16:33:58Z,83.0,Charge 6
2025-11-12T16:34:00Z,80.0,Charge 6
2025-11-12T16:34:02Z,79.0,Charge 6
2025-11-12T16:34:05Z,79.0,Charge 6
2025-11-12T16:34:08Z,80.0,Charge 6
2025-11-12T16:34:10Z,79.0,Charge 6
2025-11-12T16:34:12Z,78.0,Charge 6
2025-11-12T16:34:14Z,77.0,Charge 6
2025-11-12T16:34:16Z,78.0,Charge 6
2025-11-12T16:34:17Z,79.0,Charge 6
2025-11-12T16:34:19Z,78.0,Charge 6
2025-11-12T16:34:22Z,78.0,Charge 6
2025-11-12T16:34:23Z,77.0,Charge 6
2025-11-12T16:34:25Z,78.0,Charge 6
2025-11-12T16:34:27Z,79.0,Charge 6
2025-11-12T16:34:29Z,81.0,Charge 6
2025-11-12T16:34:31Z,80.0,Charge 6
2025-11-12T16:34:33Z,81.0,Charge 6
2025-11-12T16:34:36Z,81.0,Charge 6
2025-11-12T16:34:37Z,82.0,Charge 6
2025-11-12T16:34:39Z,83.0,Charge 6
2025-11-12T16:34:42Z,83.0,Charge 6
2025-11-12T16:34:44Z,86.0,Charge 6
2025-11-12T16:34:46Z,85.0,Charge 6
2025-11-12T16:34:48Z,81.0,Charge 6
2025-11-12T16:34:50Z,83.0,Charge 6
2025-11-12T16:34:52Z,84.0,Charge 6
2025-11-12T16:34:54Z,86.0,Charge 6
2025-11-12T16:34:56Z,87.0,Charge 6
2025-11-12T16:34:58Z,86.0,Charge 6
2025-11-12T16:35:00Z,87.0,Charge 6
2025-11-12T16:35:02Z,88.0,Charge 6
2025-11-12T16:35:04Z,86.0,Charge 6
2025-11-12T16:35:07Z,85.0,Charge 6
2025-11-12T16:35:10Z,85.0,Charge 6
2025-11-12T16:35:11Z,84.0,Charge 6
2025-11-12T16:35:13Z,85.0,Charge 6
2025-11-12T16:35:16Z,85.0,Charge 6
2025-11-12T16:35:19Z,86.0,Charge 6
2025-11-12T16:35:22Z,86.0,Charge 6
2025-11-12T16:35:23Z,87.0,Charge 6
2025-11-12T16:35:25Z,88.0,Charge 6
2025-11-12T16:35:27Z,89.0,Charge 6
2025-11-12T16:35:28Z,88.0,Charge 6
2025-11-12T16:35:30Z,89.0,Charge 6
2025-11-12T16:35:33Z,89.0,Charge 6
2025-11-12T16:35:34Z,90.0,Charge 6
2025-11-12T16:35:36Z,91.0,Charge 6
2025-11-12T16:35:38Z,88.0,Charge 6
2025-11-12T16:35:40Z,86.0,Charge 6
2025-11-12T16:35:43Z,86.0,Charge 6
2025-11-12T16:35:44Z,85.0,Charge 6
2025-11-12T16:35:46Z,84.0,Charge 6
2025-11-12T16:35:48Z,85.0,Charge 6
2025-11-12T16:35:51Z,85.0,Charge 6
2025-11-12T16:35:53Z,86.0,Charge 6
2025-11-12T16:35:55Z,85.0,Charge 6
2025-11-12T16:35:57Z,85.0,Charge 6
2025-11-12T16:35:59Z,84.0,Charge 6
2025-11-12T16:36:01Z,82.0,Charge 6
2025-11-12T16:36:04Z,82.0,Charge 6
2025-11-12T16:36:05Z,80.0,Charge 6
2025-11-12T16:36:07Z,80.0,Charge 6
2025-11-12T16:36:10Z,80.0,Charge 6
2025-11-12T16:36:13Z,79.0,Charge 6
2025-11-12T16:36:15Z,80.0,Charge 6
2025-11-12T16:36:18Z,80.0,Charge 6
2025-11-12T16:36:20Z,83.0,Charge 6
2025-11-12T16:36:22Z,83.0,Charge 6
2025-11-12T16:36:24Z,80.0,Charge 6
2025-11-12T16:36:27Z,80.0,Charge 6
2025-11-12T16:36:28Z,79.0,Charge 6
2025-11-12T16:36:30Z,80.0,Charge 6
2025-11-12T16:36:32Z,80.0,Charge 6
2025-11-12T16:36:34Z,81.0,Charge 6
2025-11-12T16:36:36Z,80.0,Charge 6
2025-11-12T16:36:38Z,81.0,Charge 6
2025-11-12T16:36:40Z,80.0,Charge 6
2025-11-12T16:36:43Z,81.0,Charge 6
2025-11-12T16:36:45Z,82.0,Charge 6
2025-11-12T16:36:48Z,82.0,Charge 6
2025-11-12T16:36:51Z,82.0,Charge 6
2025-11-12T16:36:53Z,81.0,Charge 6
2025-11-12T16:36:55Z,82.0,Charge 6
2025-11-12T16:36:57Z,83.0,Charge 6
2025-11-12T16:37:00Z,83.0,Charge 6
2025-11-12T16:37:03Z,86.0,Charge 6
2025-11-12T16:37:04Z,87.0,Charge 6
2025-11-12T16:37:06Z,88.0,Charge 6
2025-11-12T16:37:08Z,87.0,Charge 6
2025-11-12T16:37:10Z,86.0,Charge 6
2025-11-12T16:37:12Z,85.0,Charge 6
2025-11-12T16:37:14Z,86.0,Charge 6
2025-11-12T16:37:16Z,87.0,Charge 6
2025-11-12T16:37:18Z,86.0,Charge 6
2025-11-12T16:37:21Z,86.0,Charge 6
2025-11-12T16:37:23Z,85.0,Charge 6
2025-11-12T16:37:26Z,85.0,Charge 6
2025-11-12T16:37:27Z,83.0,Charge 6
2025-11-12T16:37:30Z,83.0,Charge 6
2025-11-12T16:37:31Z,83.0,Charge 6
2025-11-12T16:37:33Z,84.0,Charge 6
2025-11-12T16:37:35Z,86.0,Charge 6
2025-11-12T16:37:37Z,85.0,Charge 6
2025-11-12T16:37:39Z,86.0,Charge 6
2025-11-12T16:37:41Z,85.0,Charge 6
2025-11-12T16:37:43Z,84.0,Charge 6
2025-11-12T16:37:46Z,84.0,Charge 6
2025-11-12T16:37:47Z,85.0,Charge 6
2025-11-12T16:37:48Z,86.0,Charge 6
2025-11-12T16:37:51Z,86.0,Charge 6
2025-11-12T16:37:52Z,85.0,Charge 6
2025-11-12T16:37:54Z,84.0,Charge 6
2025-11-12T16:37:56Z,83.0,Charge 6
2025-11-12T16:37:58Z,82.0,Charge 6
2025-11-12T16:38:01Z,82.0,Charge 6
2025-11-12T16:38:04Z,81.0,Charge 6
2025-11-12T16:38:06Z,81.0,Charge 6
2025-11-12T16:38:08Z,80.0,Charge 6
2025-11-12T16:38:10Z,78.0,Charge 6
2025-11-12T16:38:11Z,75.0,Charge 6
2025-11-12T16:38:13Z,71.0,Charge 6
2025-11-12T16:38:15Z,70.0,Charge 6
2025-11-12T16:38:17Z,69.0,Charge 6
2025-11-12T16:38:19Z,68.0,Charge 6
2025-11-12T16:38:22Z,68.0,Charge 6
2025-11-12T16:38:23Z,67.0,Charge 6
2025-11-12T16:38:25Z,68.0,Charge 6
2025-11-12T16:38:28Z,68.0,Charge 6
2025-11-12T16:38:31Z,70.0,Charge 6
2025-11-12T16:38:33Z,71.0,Charge 6
2025-11-12T16:38:35Z,69.0,Charge 6
2025-11-12T16:38:36Z,68.0,Charge 6
2025-11-12T16:38:38Z,66.0,Charge 6
2025-11-12T16:38:40Z,65.0,Charge 6
2025-11-12T16:38:43Z,65.0,Charge 6
2025-11-12T16:38:44Z,64.0,Charge 6
2025-11-12T16:38:46Z,63.0,Charge 6
2025-11-12T16:38:49Z,63.0,Charge 6
2025-11-12T16:38:52Z,63.0,Charge 6
2025-11-12T16:38:55Z,63.0,Charge 6
2025-11-12T16:38:56Z,62.0,Charge 6
2025-11-12T16:38:59Z,62.0,Charge 6
2025-11-12T16:39:02Z,62.0,Charge 6
2025-11-12T16:39:05Z,62.0,Charge 6
2025-11-12T16:39:08Z,62.0,Charge 6
2025-11-12T16:39:09Z,63.0,Charge 6
2025-11-12T16:39:11Z,64.0,Charge 6
2025-11-12T16:39:14Z,64.0,Charge 6
2025-11-12T16:39:17Z,64.0,Charge 6
2025-11-12T16:39:20Z,64.0,Charge 6
2025-11-12T16:39:23Z,64.0,Charge 6
2025-11-12T16:39:24Z,63.0,Charge 6
2025-11-12T16:39:27Z,63.0,Charge 6
2025-11-12T16:39:28Z,63.0,Charge 6
2025-11-12T16:39:31Z,63.0,Charge 6
2025-11-12T16:39:34Z,63.0,Charge 6
2025-11-12T16:39:37Z,63.0,Charge 6
2025-11-12T16:39:40Z,63.0,Charge 6
2025-11-12T16:39:42Z,64.0,Charge 6
2025-11-12T16:39:45Z,64.0,Charge 6
2025-11-12T16:39:46Z,63.0,Charge 6
2025-11-12T16:39:47Z,62.0,Charge 6
2025-11-12T16:39:50Z,62.0,Charge 6
2025-11-12T16:39:53Z,62.0,Charge 6
2025-11-12T16:39:56Z,62.0,Charge 6
2025-11-12T16:39:59Z,62.0,Charge 6
2025-11-12T16:40:02Z,62.0,Charge 6
2025-11-12T16:40:05Z,62.0,Charge 6
2025-11-12T16:40:08Z,62.0,Charge 6
2025-11-12T16:40:11Z,62.0,Charge 6
2025-11-12T16:40:12Z,62.0,Charge 6
2025-11-12T16:40:14Z,63.0,Charge 6
2025-11-12T16:40:17Z,63.0,Charge 6
2025-11-12T16:40:18Z,64.0,Charge 6
2025-11-12T16:40:20Z,65.0,Charge 6
2025-11-12T16:40:23Z,65.0,Charge 6
2025-11-12T16:40:24Z,65.0,Charge 6
2025-11-12T16:40:27Z,65.0,Charge 6
2025-11-12T16:40:28Z,65.0,Charge 6
2025-11-12T16:40:31Z,65.0,Charge 6
2025-11-12T16:40:32Z,64.0,Charge 6
2025-11-12T16:40:35Z,64.0,Charge 6
2025-11-12T16:40:38Z,64.0,Charge 6
2025-11-12T16:40:41Z,64.0,Charge 6
2025-11-12T16:40:44Z,64.0,Charge 6
2025-11-12T16:40:47Z,64.0,Charge 6
2025-11-12T16:40:50Z,64.0,Charge 6
2025-11-12T16:40:53Z,64.0,Charge 6
2025-11-12T16:40:56Z,64.0,Charge 6
2025-11-12T16:40:57Z,64.0,Charge 6
2025-11-12T16:41:00Z,65.0,Charge 6
2025-11-12T16:41:02Z,66.0,Charge 6
2025-11-12T16:41:04Z,67.0,Charge 6
2025-11-12T16:41:06Z,68.0,Charge 6
2025-11-12T16:41:08Z,69.0,Charge 6
2025-11-12T16:41:11Z,69.0,Charge 6
2025-11-12T16:41:14Z,69.0,Charge 6
2025-11-12T16:41:16Z,68.0,Charge 6
2025-11-12T16:41:19Z,68.0,Charge 6
2025-11-12T16:41:20Z,69.0,Charge 6
2025-11-12T16:41:22Z,70.0,Charge 6
2025-11-12T16:41:23Z,71.0,Charge 6
2025-11-12T16:41:25Z,72.0,Charge 6
2025-11-12T16:41:27Z,69.0,Charge 6
2025-11-12T16:41:30Z,69.0,Charge 6
2025-11-12T16:41:33Z,68.0,Charge 6
2025-11-12T16:41:35Z,69.0,Charge 6
2025-11-12T16:41:37Z,70.0,Charge 6
2025-11-12T16:41:40Z,70.0,Charge 6
2025-11-12T16:41:43Z,69.0,Charge 6
2025-11-12T16:41:45Z,68.0,Charge 6
2025-11-12T16:41:48Z,69.0,Charge 6
2025-11-12T16:41:51Z,69.0,Charge 6
2025-11-12T16:41:52Z,71.0,Charge 6
2025-11-12T16:41:55Z,71.0,Charge 6
2025-11-12T16:41:58Z,71.0,Charge 6
2025-11-12T16:42:01Z,71.0,Charge 6
2025-11-12T16:42:04Z,70.0,Charge 6
2025-11-12T16:42:07Z,70.0,Charge 6
2025-11-12T16:42:10Z,71.0,Charge 6
2025-11-12T16:42:13Z,72.0,Charge 6
2025-11-12T16:42:15Z,71.0,Charge 6
2025-11-12T16:42:17Z,70.0,Charge 6
2025-11-12T16:42:19Z,69.0,Charge 6
2025-11-12T16:42:21Z,68.0,Charge 6
2025-11-12T16:42:23Z,67.0,Charge 6
2025-11-12T16:42:26Z,67.0,Charge 6
2025-11-12T16:42:27Z,68.0,Charge 6
2025-11-12T16:42:30Z,68.0,Charge 6
2025-11-12T16:42:31Z,67.0,Charge 6
2025-11-12T16:42:33Z,66.0,Charge 6
2025-11-12T16:42:36Z,66.0,Charge 6
2025-11-12T16:42:38Z,67.0,Charge 6
2025-11-12T16:42:41Z,67.0,Charge 6
2025-11-12T16:42:42Z,66.0,Charge 6
2025-11-12T16:42:44Z,67.0,Charge 6
2025-11-12T16:42:46Z,69.0,Charge 6
2025-11-12T16:42:49Z,69.0,Charge 6
2025-11-12T16:42:50Z,68.0,Charge 6
2025-11-12T16:42:52Z,67.0,Charge 6
2025-11-12T16:42:55Z,67.0,Charge 6
2025-11-12T16:42:56Z,68.0,Charge 6
2025-11-12T16:42:59Z,70.0,Charge 6
2025-11-12T16:43:01Z,71.0,Charge 6
2025-11-12T16:43:03Z,68.0,Charge 6
2025-11-12T16:43:05Z,66.0,Charge 6
2025-11-12T16:43:08Z,66.0,Charge 6
2025-11-12T16:43:09Z,65.0,Charge 6
2025-11-12T16:43:11Z,65.0,Charge 6
2025-11-12T16:43:13Z,66.0,Charge 6
2025-11-12T16:43:15Z,68.0,Charge 6
2025-11-12T16:43:17Z,70.0,Charge 6
2025-11-12T16:43:19Z,69.0,Charge 6
2025-11-12T16:43:22Z,69.0,Charge 6
2025-11-12T16:43:23Z,70.0,Charge 6
2025-11-12T16:43:26Z,71.0,Charge 6
2025-11-12T16:43:28Z,71.0,Charge 6
2025-11-12T16:43:31Z,71.0,Charge 6
2025-11-12T16:43:32Z,70.0,Charge 6
2025-11-12T16:43:34Z,71.0,Charge 6
2025-11-12T16:43:36Z,73.0,Charge 6
2025-11-12T16:43:38Z,75.0,Charge 6
2025-11-12T16:43:40Z,81.0,Charge 6
2025-11-12T16:43:42Z,89.0,Charge 6
2025-11-12T16:43:44Z,94.0,Charge 6
2025-11-12T16:43:46Z,93.0,Charge 6
2025-11-12T16:43:47Z,85.0,Charge 6
2025-11-12T16:43:49Z,74.0,Charge 6
2025-11-12T16:43:51Z,72.0,Charge 6
2025-11-12T16:43:53Z,70.0,Charge 6
2025-11-12T16:43:55Z,69.0,Charge 6
2025-11-12T16:43:58Z,69.0,Charge 6
2025-11-12T16:43:59Z,70.0,Charge 6
2025-11-12T16:44:01Z,71.0,Charge 6
2025-11-12T16:44:03Z,72.0,Charge 6
2025-11-12T16:44:05Z,74.0,Charge 6
2025-11-12T16:44:07Z,73.0,Charge 6
2025-11-12T16:44:09Z,71.0,Charge 6
2025-11-12T16:44:11Z,72.0,Charge 6
2025-11-12T16:44:14Z,71.0,Charge 6
2025-11-12T16:44:16Z,70.0,Charge 6
2025-11-12T16:44:18Z,69.0,Charge 6
2025-11-12T16:44:21Z,69.0,Charge 6
2025-11-12T16:44:22Z,70.0,Charge 6
2025-11-12T16:44:25Z,70.0,Charge 6
2025-11-12T16:44:28Z,72.0,Charge 6
2025-11-12T16:44:30Z,82.0,Charge 6
2025-11-12T16:44:32Z,83.0,Charge 6
2025-11-12T16:44:34Z,86.0,Charge 6
2025-11-12T16:44:37Z,87.0,Charge 6
2025-11-12T16:44:39Z,86.0,Charge 6
2025-11-12T16:44:41Z,89.0,Charge 6
2025-11-12T16:44:43Z,88.0,Charge 6
2025-11-12T16:44:45Z,87.0,Charge 6
2025-11-12T16:44:47Z,86.0,Charge 6
2025-11-12T16:44:49Z,82.0,Charge 6
2025-11-12T16:44:51Z,81.0,Charge 6
2025-11-12T16:44:53Z,82.0,Charge 6
2025-11-12T16:44:55Z,85.0,Charge 6
2025-11-12T16:44:57Z,86.0,Charge 6
2025-11-12T16:44:59Z,87.0,Charge 6
2025-11-12T16:45:02Z,87.0,Charge 6
2025-11-12T16:45:05Z,87.0,Charge 6
2025-11-12T16:45:06Z,86.0,Charge 6
2025-11-12T16:45:08Z,87.0,Charge 6
2025-11-12T16:45:10Z,85.0,Charge 6
2025-11-12T16:45:12Z,83.0,Charge 6
2025-11-12T16:45:14Z,85.0,Charge 6
2025-11-12T16:45:17Z,85.0,Charge 6
2025-11-12T16:45:18Z,83.0,Charge 6
2025-11-12T16:45:20Z,82.0,Charge 6
2025-11-12T16:45:22Z,81.0,Charge 6
2025-11-12T16:45:25Z,80.0,Charge 6
2025-11-12T16:45:27Z,79.0,Charge 6
2025-11-12T16:45:29Z,80.0,Charge 6
2025-11-12T16:45:32Z,80.0,Charge 6
2025-11-12T16:45:33Z,79.0,Charge 6
2025-11-12T16:45:36Z,79.0,Charge 6
2025-11-12T16:45:37Z,78.0,Charge 6
2025-11-12T16:45:39Z,80.0,Charge 6
2025-11-12T16:45:42Z,80.0,Charge 6
2025-11-12T16:45:45Z,76.0,Charge 6
2025-11-12T16:45:48Z,77.0,Charge 6
2025-11-12T16:45:51Z,77.0,Charge 6
2025-11-12T16:45:54Z,77.0,Charge 6
2025-11-12T16:45:56Z,78.0,Charge 6
2025-11-12T16:45:59Z,78.0,Charge 6
2025-11-12T16:46:00Z,85.0,Charge 6
2025-11-12T16:46:03Z,85.0,Charge 6
2025-11-12T16:46:04Z,90.0,Charge 6
2025-11-12T16:46:06Z,95.0,Charge 6
2025-11-12T16:46:08Z,92.0,Charge 6
2025-11-12T16:46:10Z,84.0,Charge 6
2025-11-12T16:46:11Z,79.0,Charge 6
2025-11-12T16:46:13Z,82.0,Charge 6
2025-11-12T16:46:15Z,77.0,Charge 6
2025-11-12T16:46:17Z,81.0,Charge 6
2025-11-12T16:46:19Z,82.0,Charge 6
2025-11-12T16:46:21Z,81.0,Charge 6
2025-11-12T16:46:24Z,81.0,Charge 6
2025-11-12T16:46:25Z,79.0,Charge 6
2025-11-12T16:46:27Z,77.0,Charge 6
2025-11-12T16:46:29Z,79.0,Charge 6
2025-11-12T16:46:32Z,79.0,Charge 6
2025-11-12T16:46:33Z,80.0,Charge 6
2025-11-12T16:46:35Z,79.0,Charge 6
2025-11-12T16:46:36Z,77.0,Charge 6
2025-11-12T16:46:38Z,78.0,Charge 6
2025-11-12T16:46:40Z,77.0,Charge 6
2025-11-12T16:46:42Z,75.0,Charge 6
2025-11-12T16:46:44Z,74.0,Charge 6
2025-11-12T16:46:46Z,73.0,Charge 6
2025-11-12T16:46:48Z,74.0,Charge 6
2025-11-12T16:46:51Z,74.0,Charge 6
2025-11-12T16:46:54Z,74.0,Charge 6
2025-11-12T16:46:57Z,74.0,Charge 6
2025-11-12T16:46:58Z,75.0,Charge 6
2025-11-12T16:46:59Z,76.0,Charge 6
2025-11-12T16:47:01Z,78.0,Charge 6
2025-11-12T16:47:03Z,79.0,Charge 6
2025-11-12T16:47:05Z,80.0,Charge 6
2025-11-12T16:47:07Z,81.0,Charge 6
2025-11-12T16:47:09Z,82.0,Charge 6
2025-11-12T16:47:11Z,83.0,Charge 6
2025-11-12T16:47:13Z,84.0,Charge 6
2025-11-12T16:47:15Z,85.0,Charge 6
2025-11-12T16:47:17Z,86.0,Charge 6
2025-11-12T16:47:19Z,84.0,Charge 6
2025-11-12T16:47:21Z,81.0,Charge 6
2025-11-12T16:47:24Z,81.0,Charge 6
2025-11-12T16:47:26Z,82.0,Charge 6
2025-11-12T16:47:28Z,84.0,Charge 6
2025-11-12T16:47:31Z,84.0,Charge 6
2025-11-12T16:47:32Z,81.0,Charge 6
2025-11-12T16:47:34Z,80.0,Charge 6
2025-11-12T16:47:36Z,81.0,Charge 6
2025-11-12T16:47:38Z,82.0,Charge 6
2025-11-12T16:47:41Z,82.0,Charge 6
2025-11-12T16:47:44Z,81.0,Charge 6
2025-11-12T16:47:46Z,82.0,Charge 6
2025-11-12T16:47:47Z,88.0,Charge 6
2025-11-12T16:47:49Z,86.0,Charge 6
2025-11-12T16:47:51Z,85.0,Charge 6
2025-11-12T16:47:53Z,87.0,Charge 6
2025-11-12T16:47:55Z,87.0,Charge 6
2025-11-12T16:47:58Z,87.0,Charge 6
2025-11-12T16:47:59Z,88.0,Charge 6
2025-11-12T16:48:01Z,86.0,Charge 6
2025-11-12T16:48:03Z,84.0,Charge 6
2025-11-12T16:48:05Z,82.0,Charge 6
2025-11-12T16:48:07Z,78.0,Charge 6
2025-11-12T16:48:09Z,76.0,Charge 6
2025-11-12T16:48:12Z,74.0,Charge 6
2025-11-12T16:48:14Z,72.0,Charge 6
2025-11-12T16:48:16Z,72.0,Charge 6
2025-11-12T16:48:18Z,73.0,Charge 6
2025-11-12T16:48:20Z,74.0,Charge 6
2025-11-12T16:48:22Z,77.0,Charge 6
2025-11-12T16:48:24Z,78.0,Charge 6
2025-11-12T16:48:26Z,75.0,Charge 6
2025-11-12T16:48:29Z,75.0,Charge 6
2025-11-12T16:48:30Z,78.0,Charge 6
2025-11-12T16:48:33Z,78.0,Charge 6
2025-11-12T16:48:34Z,79.0,Charge 6
2025-11-12T16:48:37Z,79.0,Charge 6
2025-11-12T16:48:39Z,80.0,Charge 6
2025-11-12T16:48:42Z,80.0,Charge 6
2025-11-12T16:48:43Z,78.0,Charge 6
2025-11-12T16:48:46Z,78.0,Charge 6
2025-11-12T16:48:49Z,79.0,Charge 6
2025-11-12T16:48:51Z,84.0,Charge 6
2025-11-12T16:48:53Z,91.0,Charge 6
2025-11-12T16:48:55Z,92.0,Charge 6
2025-11-12T16:48:57Z,88.0,Charge 6
2025-11-12T16:48:59Z,84.0,Charge 6
2025-11-12T16:49:00Z,82.0,Charge 6
2025-11-12T16:49:03Z,82.0,Charge 6
2025-11-12T16:49:04Z,81.0,Charge 6
2025-11-12T16:49:07Z,81.0,Charge 6
2025-11-12T16:49:08Z,80.0,Charge 6
2025-11-12T16:49:10Z,77.0,Charge 6
2025-11-12T16:49:12Z,77.0,Charge 6
2025-11-12T16:49:14Z,79.0,Charge 6
2025-11-12T16:49:17Z,79.0,Charge 6
2025-11-12T16:49:18Z,80.0,Charge 6
2025-11-12T16:49:20Z,78.0,Charge 6
2025-11-12T16:49:22Z,77.0,Charge 6
2025-11-12T16:49:23Z,76.0,Charge 6
2025-11-12T16:49:25Z,74.0,Charge 6
2025-11-12T16:49:27Z,76.0,Charge 6
2025-11-12T16:49:29Z,79.0,Charge 6
2025-11-12T16:49:31Z,78.0,Charge 6
2025-11-12T16:49:34Z,78.0,Charge 6
2025-11-12T16:49:37Z,77.0,Charge 6
2025-11-12T16:49:39Z,77.0,Charge 6
2025-11-12T16:49:41Z,76.0,Charge 6
2025-11-12T16:49:43Z,76.0,Charge 6
2025-11-12T16:49:45Z,76.0,Charge 6
2025-11-12T16:49:48Z,74.0,Charge 6
2025-11-12T16:49:50Z,75.0,Charge 6
2025-11-12T16:49:52Z,76.0,Charge 6
2025-11-12T16:49:54Z,78.0,Charge 6
2025-11-12T16:49:56Z,76.0,Charge 6
2025-11-12T16:49:58Z,75.0,Charge 6
2025-11-12T16:50:00Z,74.0,Charge 6
2025-11-12T16:50:02Z,73.0,Charge 6
2025-11-12T16:50:05Z,73.0,Charge 6
2025-11-12T16:50:06Z,75.0,Charge 6
2025-11-12T16:50:08Z,75.0,Charge 6
2025-11-12T16:50:10Z,73.0,Charge 6
2025-11-12T16:50:13Z,74.0,Charge 6
2025-11-12T16:50:15Z,73.0,Charge 6
2025-11-12T16:50:17Z,74.0,Charge 6
2025-11-12T16:50:19Z,75.0,Charge 6
2025-11-12T16:50:21Z,76.0,Charge 6
2025-11-12T16:50:24Z,76.0,Charge 6
2025-11-12T16:50:25Z,75.0,Charge 6
2025-11-12T16:50:27Z,73.0,Charge 6
2025-11-12T16:50:30Z,73.0,Charge 6
2025-11-12T16:50:33Z,73.0,Charge 6
2025-11-12T16:50:36Z,74.0,Charge 6
2025-11-12T16:50:39Z,74.0,Charge 6
2025-11-12T16:50:42Z,75.0,Charge 6
2025-11-12T16:50:45Z,75.0,Charge 6
2025-11-12T16:50:46Z,77.0,Charge 6
2025-11-12T16:50:48Z,79.0,Charge 6
2025-11-12T16:50:51Z,79.0,Charge 6
2025-11-12T16:50:54Z,79.0,Charge 6
2025-11-12T16:50:57Z,79.0,Charge 6
2025-11-12T16:50:59Z,80.0,Charge 6
2025-11-12T16:51:02Z,80.0,Charge 6
2025-11-12T16:51:03Z,81.0,Charge 6
2025-11-12T16:51:06Z,81.0,Charge 6
2025-11-12T16:51:07Z,80.0,Charge 6
2025-11-12T16:51:10Z,80.0,Charge 6
2025-11-12T16:51:11Z,80.0,Charge 6
2025-11-12T16:51:14Z,80.0,Charge 6
2025-11-12T16:51:17Z,80.0,Charge 6
2025-11-12T16:51:19Z,79.0,Charge 6
2025-11-12T16:51:22Z,79.0,Charge 6
2025-11-12T16:51:25Z,79.0,Charge 6
2025-11-12T16:51:26Z,79.0,Charge 6
2025-11-12T16:51:28Z,80.0,Charge 6
2025-11-12T16:51:30Z,79.0,Charge 6
2025-11-12T16:51:32Z,77.0,Charge 6
2025-11-12T16:51:35Z,77.0,Charge 6
2025-11-12T16:51:38Z,78.0,Charge 6
2025-11-12T16:51:41Z,78.0,Charge 6
2025-11-12T16:51:44Z,78.0,Charge 6
2025-11-12T16:51:46Z,79.0,Charge 6
2025-11-12T16:51:47Z,80.0,Charge 6
2025-11-12T16:51:50Z,80.0,Charge 6
2025-11-12T16:51:53Z,80.0,Charge 6
2025-11-12T16:51:55Z,79.0,Charge 6
2025-11-12T16:51:58Z,79.0,Charge 6
2025-11-12T16:52:01Z,79.0,Charge 6
2025-11-12T16:52:03Z,78.0,Charge 6
2025-11-12T16:52:06Z,78.0,Charge 6
2025-11-12T16:52:07Z,79.0,Charge 6
2025-11-12T16:52:09Z,78.0,Charge 6
2025-11-12T16:52:12Z,78.0,Charge 6
2025-11-12T16:52:14Z,80.0,Charge 6
2025-11-12T16:52:16Z,82.0,Charge 6
2025-11-12T16:52:19Z,82.0,Charge 6
2025-11-12T16:52:20Z,81.0,Charge 6
2025-11-12T16:52:22Z,80.0,Charge 6
2025-11-12T16:52:25Z,80.0,Charge 6
2025-11-12T16:52:26Z,78.0,Charge 6
2025-11-12T16:52:27Z,76.0,Charge 6
2025-11-12T16:52:29Z,74.0,Charge 6
2025-11-12T16:52:31Z,73.0,Charge 6
2025-11-12T16:52:33Z,72.0,Charge 6
2025-11-12T16:52:35Z,74.0,Charge 6
2025-11-12T16:52:38Z,74.0,Charge 6
2025-11-12T16:52:39Z,73.0,Charge 6
2025-11-12T16:52:41Z,72.0,Charge 6
2025-11-12T16:52:43Z,73.0,Charge 6
2025-11-12T16:52:45Z,75.0,Charge 6
2025-11-12T16:52:48Z,75.0,Charge 6
2025-11-12T16:52:49Z,73.0,Charge 6
2025-11-12T16:52:50Z,72.0,Charge 6
2025-11-12T16:52:53Z,72.0,Charge 6
2025-11-12T16:52:54Z,71.0,Charge 6
2025-11-12T16:52:56Z,72.0,Charge 6
2025-11-12T16:52:58Z,75.0,Charge 6
2025-11-12T16:53:01Z,75.0,Charge 6
2025-11-12T16:53:02Z,76.0,Charge 6
2025-11-12T16:53:04Z,75.0,Charge 6
2025-11-12T16:53:06Z,74.0,Charge 6
2025-11-12T16:53:08Z,74.0,Charge 6
2025-11-12T16:53:10Z,75.0,Charge 6
2025-11-12T16:53:12Z,76.0,Charge 6
2025-11-12T16:53:14Z,77.0,Charge 6
2025-11-12T16:53:17Z,78.0,Charge 6
2025-11-12T16:53:20Z,78.0,Charge 6
2025-11-12T16:53:21Z,79.0,Charge 6
2025-11-12T16:53:24Z,79.0,Charge 6
2025-11-12T16:53:27Z,80.0,Charge 6
2025-11-12T16:53:29Z,81.0,Charge 6
2025-11-12T16:53:32Z,81.0,Charge 6
2025-11-12T16:53:33Z,82.0,Charge 6
2025-11-12T16:53:36Z,82.0,Charge 6
2025-11-12T16:53:37Z,83.0,Charge 6
2025-11-12T16:53:38Z,82.0,Charge 6
2025-11-12T16:53:41Z,82.0,Charge 6
2025-11-12T16:53:42Z,80.0,Charge 6
2025-11-12T16:53:44Z,81.0,Charge 6
2025-11-12T16:53:46Z,80.0,Charge 6
2025-11-12T16:53:49Z,80.0,Charge 6
2025-11-12T16:53:50Z,80.0,Charge 6
2025-11-12T16:53:53Z,80.0,Charge 6
2025-11-12T16:53:56Z,78.0,Charge 6
2025-11-12T16:53:58Z,76.0,Charge 6
2025-11-12T16:54:01Z,76.0,Charge 6
2025-11-12T16:54:02Z,79.0,Charge 6
2025-11-12T16:54:03Z,80.0,Charge 6
2025-11-12T16:54:05Z,83.0,Charge 6
2025-11-12T16:54:07Z,83.0,Charge 6
2025-11-12T16:54:09Z,82.0,Charge 6
2025-11-12T16:54:12Z,82.0,Charge 6
2025-11-12T16:54:15Z,82.0,Charge 6
2025-11-12T16:54:17Z,82.0,Charge 6
2025-11-12T16:54:19Z,83.0,Charge 6
2025-11-12T16:54:21Z,82.0,Charge 6
2025-11-12T16:54:24Z,82.0,Charge 6
2025-11-12T16:54:26Z,85.0,Charge 6
2025-11-12T16:54:29Z,85.0,Charge 6
2025-11-12T16:54:32Z,91.0,Charge 6
2025-11-12T16:54:34Z,93.0,Charge 6
2025-11-12T16:54:36Z,96.0,Charge 6
2025-11-12T16:54:38Z,97.0,Charge 6
2025-11-12T16:54:40Z,94.0,Charge 6
2025-11-12T16:54:42Z,87.0,Charge 6
2025-11-12T16:54:44Z,84.0,Charge 6
2025-11-12T16:54:46Z,81.0,Charge 6
2025-11-12T16:54:48Z,78.0,Charge 6
2025-11-12T16:54:51Z,77.0,Charge 6
2025-11-12T16:54:53Z,78.0,Charge 6
2025-11-12T16:54:55Z,81.0,Charge 6
2025-11-12T16:54:58Z,81.0,Charge 6
2025-11-12T16:54:59Z,82.0,Charge 6
2025-11-12T16:55:01Z,84.0,Charge 6
2025-11-12T16:55:03Z,85.0,Charge 6
2025-11-12T16:55:05Z,84.0,Charge 6
2025-11-12T16:55:07Z,86.0,Charge 6
2025-11-12T16:55:09Z,87.0,Charge 6
2025-11-12T16:55:11Z,88.0,Charge 6
2025-11-12T16:55:14Z,87.0,Charge 6
2025-11-12T16:55:16Z,85.0,Charge 6
2025-11-12T16:55:18Z,81.0,Charge 6
2025-11-12T16:55:20Z,78.0,Charge 6
2025-11-12T16:55:22Z,76.0,Charge 6
2025-11-12T16:55:25Z,76.0,Charge 6
2025-11-12T16:55:26Z,74.0,Charge 6
2025-11-12T16:55:28Z,75.0,Charge 6
2025-11-12T16:55:30Z,76.0,Charge 6
2025-11-12T16:55:32Z,74.0,Charge 6
2025-11-12T16:55:34Z,75.0,Charge 6
2025-11-12T16:55:36Z,76.0,Charge 6
2025-11-12T16:55:38Z,77.0,Charge 6
2025-11-12T16:55:39Z,76.0,Charge 6
2025-11-12T16:55:41Z,77.0,Charge 6
2025-11-12T16:55:43Z,76.0,Charge 6
2025-11-12T16:55:45Z,74.0,Charge 6
2025-11-12T16:55:47Z,73.0,Charge 6
2025-11-12T16:55:49Z,72.0,Charge 6
2025-11-12T16:55:51Z,71.0,Charge 6
2025-11-12T16:55:54Z,71.0,Charge 6
2025-11-12T16:55:55Z,70.0,Charge 6
2025-11-12T16:55:57Z,69.0,Charge 6
2025-11-12T16:55:59Z,68.0,Charge 6
2025-11-12T16:56:01Z,68.0,Charge 6
2025-11-12T16:56:04Z,68.0,Charge 6
2025-11-12T16:56:06Z,68.0,Charge 6
2025-11-12T16:56:09Z,68.0,Charge 6
2025-11-12T16:56:10Z,70.0,Charge 6
2025-11-12T16:56:12Z,71.0,Charge 6
2025-11-12T16:56:14Z,72.0,Charge 6
2025-11-12T16:56:16Z,72.0,Charge 6
2025-11-12T16:56:18Z,71.0,Charge 6
2025-11-12T16:56:20Z,70.0,Charge 6
2025-11-12T16:56:22Z,69.0,Charge 6
2025-11-12T16:56:24Z,68.0,Charge 6
2025-11-12T16:56:27Z,69.0,Charge 6
2025-11-12T16:56:29Z,70.0,Charge 6
2025-11-12T16:56:31Z,71.0,Charge 6
2025-11-12T16:56:33Z,73.0,Charge 6
2025-11-12T16:56:35Z,74.0,Charge 6
2025-11-12T16:56:37Z,76.0,Charge 6
2025-11-12T16:56:39Z,78.0,Charge 6
2025-11-12T16:56:41Z,81.0,Charge 6
2025-11-12T16:56:43Z,82.0,Charge 6
2025-11-12T16:56:45Z,83.0,Charge 6
2025-11-12T16:56:47Z,82.0,Charge 6
2025-11-12T16:56:49Z,81.0,Charge 6
2025-11-12T16:56:50Z,79.0,Charge 6
2025-11-12T16:56:52Z,78.0,Charge 6
2025-11-12T16:56:54Z,76.0,Charge 6
2025-11-12T16:56:56Z,75.0,Charge 6
2025-11-12T16:56:58Z,74.0,Charge 6
2025-11-12T16:57:01Z,74.0,Charge 6
2025-11-12T16:57:04Z,74.0,Charge 6
2025-11-12T16:57:07Z,74.0,Charge 6
2025-11-12T16:57:08Z,75.0,Charge 6
2025-11-12T16:57:10Z,77.0,Charge 6
2025-11-12T16:57:12Z,76.0,Charge 6
2025-11-12T16:57:15Z,76.0,Charge 6
2025-11-12T16:57:18Z,76.0,Charge 6
2025-11-12T16:57:21Z,76.0,Charge 6
2025-11-12T16:57:23Z,74.0,Charge 6
2025-11-12T16:57:25Z,73.0,Charge 6
2025-11-12T16:57:28Z,73.0,Charge 6
2025-11-12T16:57:29Z,72.0,Charge 6
2025-11-12T16:57:32Z,72.0,Charge 6
2025-11-12T16:57:33Z,74.0,Charge 6
2025-11-12T16:57:35Z,77.0,Charge 6
2025-11-12T16:57:37Z,79.0,Charge 6
2025-11-12T16:57:40Z,82.0,Charge 6
2025-11-12T16:57:42Z,84.0,Charge 6
2025-11-12T16:57:45Z,84.0,Charge 6
2025-11-12T16:57:46Z,85.0,Charge 6
2025-11-12T16:57:48Z,87.0,Charge 6
2025-11-12T16:57:51Z,87.0,Charge 6
2025-11-12T16:57:52Z,89.0,Charge 6
2025-11-12T16:57:54Z,96.0,Charge 6
2025-11-12T16:57:57Z,96.0,Charge 6
2025-11-12T16:57:58Z,94.0,Charge 6
2025-11-12T16:58:00Z,93.0,Charge 6
2025-11-12T16:58:03Z,90.0,Charge 6
2025-11-12T16:58:05Z,89.0,Charge 6
2025-11-12T16:58:07Z,88.0,Charge 6
2025-11-12T16:58:10Z,88.0,Charge 6
2025-11-12T16:58:13Z,89.0,Charge 6
2025-11-12T16:58:15Z,90.0,Charge 6
2025-11-12T16:58:17Z,92.0,Charge 6
2025-11-12T16:58:19Z,94.0,Charge 6
2025-11-12T16:58:21Z,95.0,Charge 6
2025-11-12T16:58:23Z,94.0,Charge 6
2025-11-12T16:58:26Z,92.0,Charge 6
2025-11-12T16:58:28Z,90.0,Charge 6
2025-11-12T16:58:30Z,89.0,Charge 6
2025-11-12T16:58:32Z,86.0,Charge 6
2025-11-12T16:58:34Z,83.0,Charge 6
2025-11-12T16:58:36Z,81.0,Charge 6
2025-11-12T16:58:38Z,79.0,Charge 6
2025-11-12T16:58:41Z,79.0,Charge 6
2025-11-12T16:58:42Z,80.0,Charge 6
2025-11-12T16:58:44Z,78.0,Charge 6
2025-11-12T16:58:47Z,78.0,Charge 6
2025-11-12T16:58:48Z,77.0,Charge 6
2025-11-12T16:58:50Z,75.0,Charge 6
2025-11-12T16:58:51Z,75.0,Charge 6
2025-11-12T16:58:53Z,77.0,Charge 6
2025-11-12T16:58:55Z,81.0,Charge 6
2025-11-12T16:58:57Z,85.0,Charge 6
2025-11-12T16:58:59Z,88.0,Charge 6
2025-11-12T16:59:01Z,90.0,Charge 6
2025-11-12T16:59:03Z,88.0,Charge 6
2025-11-12T16:59:05Z,86.0,Charge 6
2025-11-12T16:59:07Z,83.0,Charge 6
2025-11-12T16:59:09Z,80.0,Charge 6
2025-11-12T16:59:11Z,78.0,Charge 6
2025-11-12T16:59:13Z,77.0,Charge 6
2025-11-12T16:59:14Z,76.0,Charge 6
2025-11-12T16:59:16Z,74.0,Charge 6
2025-11-12T16:59:19Z,74.0,Charge 6
2025-11-12T16:59:20Z,72.0,Charge 6
2025-11-12T16:59:23Z,72.0,Charge 6
2025-11-12T16:59:24Z,71.0,Charge 6
2025-11-12T16:59:27Z,71.0,Charge 6
2025-11-12T16:59:28Z,72.0,Charge 6
2025-11-12T16:59:30Z,72.0,Charge 6
2025-11-12T16:59:32Z,71.0,Charge 6
2025-11-12T16:59:34Z,70.0,Charge 6
2025-11-12T16:59:36Z,69.0,Charge 6
2025-11-12T16:59:38Z,68.0,Charge 6
2025-11-12T16:59:41Z,68.0,Charge 6
2025-11-12T16:59:44Z,68.0,Charge 6
2025-11-12T16:59:45Z,68.0,Charge 6
2025-11-12T16:59:47Z,69.0,Charge 6
2025-11-12T16:59:49Z,70.0,Charge 6
2025-11-12T16:59:51Z,72.0,Charge 6
2025-11-12T16:59:53Z,74.0,Charge 6
2025-11-12T16:59:55Z,75.0,Charge 6
2025-11-12T16:59:57Z,76.0,Charge 6
2025-11-12T16:59:59Z,76.0,Charge 6
2025-11-12T17:00:02Z,76.0,Charge 6
2025-11-12T17:00:04Z,75.0,Charge 6
2025-11-12T17:00:06Z,74.0,Charge 6
2025-11-12T17:00:08Z,74.0,Charge 6
2025-11-12T17:00:10Z,75.0,Charge 6
2025-11-12T17:00:12Z,78.0,Charge 6
2025-11-12T17:00:14Z,77.0,Charge 6
2025-11-12T17:00:16Z,75.0,Charge 6
2025-11-12T17:00:18Z,74.0,Charge 6
2025-11-12T17:00:20Z,73.0,Charge 6
2025-11-12T17:00:23Z,73.0,Charge 6
2025-11-12T17:00:24Z,72.0,Charge 6
2025-11-12T17:00:27Z,70.0,Charge 6
2025-11-12T17:00:30Z,70.0,Charge 6
2025-11-12T17:00:33Z,70.0,Charge 6
2025-11-12T17:00:35Z,70.0,Charge 6
2025-11-12T17:00:37Z,72.0,Charge 6
2025-11-12T17:00:39Z,74.0,Charge 6
2025-11-12T17:00:41Z,75.0,Charge 6
2025-11-12T17:00:43Z,77.0,Charge 6
2025-11-12T17:00:45Z,79.0,Charge 6
2025-11-12T17:00:47Z,82.0,Charge 6
2025-11-12T17:00:49Z,84.0,Charge 6
2025-11-12T17:00:50Z,84.0,Charge 6
2025-11-12T17:00:52Z,85.0,Charge 6
2025-11-12T17:00:55Z,85.0,Charge 6
2025-11-12T17:00:56Z,83.0,Charge 6
2025-11-12T17:00:58Z,84.0,Charge 6
2025-11-12T17:01:01Z,84.0,Charge 6
2025-11-12T17:01:02Z,83.0,Charge 6
2025-11-12T17:01:05Z,83.0,Charge 6
2025-11-12T17:01:06Z,84.0,Charge 6
2025-11-12T17:01:08Z,85.0,Charge 6
2025-11-12T17:01:10Z,91.0,Charge 6
2025-11-12T17:01:12Z,96.0,Charge 6
2025-11-12T17:01:14Z,93.0,Charge 6
2025-11-12T17:01:15Z,90.0,Charge 6
2025-11-12T17:01:17Z,89.0,Charge 6
2025-11-12T17:01:19Z,90.0,Charge 6
2025-11-12T17:01:21Z,87.0,Charge 6
2025-11-12T17:01:23Z,84.0,Charge 6
2025-11-12T17:01:25Z,82.0,Charge 6
2025-11-12T17:01:27Z,80.0,Charge 6
2025-11-12T17:01:29Z,78.0,Charge 6
2025-11-12T17:01:32Z,78.0,Charge 6
2025-11-12T17:01:33Z,77.0,Charge 6
2025-11-12T17:01:35Z,77.0,Charge 6
2025-11-12T17:01:38Z,78.0,Charge 6
2025-11-12T17:01:40Z,79.0,Charge 6
2025-11-12T17:01:42Z,80.0,Charge 6
2025-11-12T17:01:44Z,82.0,Charge 6
2025-11-12T17:01:46Z,83.0,Charge 6
2025-11-12T17:01:49Z,83.0,Charge 6
2025-11-12T17:01:50Z,84.0,Charge 6
2025-11-12T17:01:53Z,84.0,Charge 6
2025-11-12T17:01:54Z,83.0,Charge 6
2025-11-12T17:01:56Z,80.0,Charge 6
2025-11-12T17:01:58Z,78.0,Charge 6
2025-11-12T17:02:00Z,75.0,Charge 6
2025-11-12T17:02:02Z,74.0,Charge 6
2025-11-12T17:02:05Z,73.0,Charge 6
2025-11-12T17:02:07Z,74.0,Charge 6
2025-11-12T17:02:09Z,73.0,Charge 6
2025-11-12T17:02:11Z,72.0,Charge 6
2025-11-12T17:02:13Z,71.0,Charge 6
2025-11-12T17:02:15Z,70.0,Charge 6
2025-11-12T17:02:18Z,70.0,Charge 6
2025-11-12T17:02:19Z,71.0,Charge 6
2025-11-12T17:02:21Z,73.0,Charge 6
2025-11-12T17:02:23Z,72.0,Charge 6
2025-11-12T17:02:25Z,71.0,Charge 6
2025-11-12T17:02:28Z,70.0,Charge 6
2025-11-12T17:02:30Z,71.0,Charge 6
2025-11-12T17:02:32Z,73.0,Charge 6
2025-11-12T17:02:34Z,75.0,Charge 6
2025-11-12T17:02:37Z,75.0,Charge 6
2025-11-12T17:02:38Z,76.0,Charge 6
2025-11-12T17:02:41Z,76.0,Charge 6
2025-11-12T17:02:44Z,76.0,Charge 6
2025-11-12T17:02:46Z,75.0,Charge 6
2025-11-12T17:02:48Z,74.0,Charge 6
2025-11-12T17:02:51Z,74.0,Charge 6
2025-11-12T17:02:54Z,74.0,Charge 6
2025-11-12T17:02:57Z,74.0,Charge 6
2025-11-12T17:02:59Z,74.0,Charge 6
2025-11-12T17:03:02Z,74.0,Charge 6
2025-11-12T17:03:03Z,76.0,Charge 6
2025-11-12T17:03:05Z,78.0,Charge 6
2025-11-12T17:03:07Z,77.0,Charge 6
2025-11-12T17:03:09Z,76.0,Charge 6
2025-11-12T17:03:11Z,75.0,Charge 6
2025-11-12T17:03:13Z,74.0,Charge 6
2025-11-12T17:03:14Z,74.0,Charge 6
2025-11-12T17:03:16Z,73.0,Charge 6
2025-11-12T17:03:18Z,74.0,Charge 6
2025-11-12T17:03:20Z,73.0,Charge 6
2025-11-12T17:03:22Z,74.0,Charge 6
2025-11-12T17:03:24Z,73.0,Charge 6
2025-11-12T17:03:26Z,73.0,Charge 6
2025-11-12T17:03:28Z,74.0,Charge 6
2025-11-12T17:03:30Z,74.0,Charge 6
2025-11-12T17:03:33Z,74.0,Charge 6
2025-11-12T17:03:34Z,74.0,Charge 6
2025-11-12T17:03:36Z,76.0,Charge 6
2025-11-12T17:03:39Z,76.0,Charge 6
2025-11-12T17:03:41Z,75.0,Charge 6
2025-11-12T17:03:43Z,74.0,Charge 6
2025-11-12T17:03:45Z,75.0,Charge 6
2025-11-12T17:03:47Z,74.0,Charge 6
2025-11-12T17:03:50Z,74.0,Charge 6
2025-11-12T17:03:51Z,76.0,Charge 6
2025-11-12T17:03:54Z,76.0,Charge 6
2025-11-12T17:03:55Z,76.0,Charge 6
2025-11-12T17:03:57Z,75.0,Charge 6
2025-11-12T17:03:59Z,74.0,Charge 6
2025-11-12T17:04:01Z,74.0,Charge 6
2025-11-12T17:04:04Z,74.0,Charge 6
2025-11-12T17:04:06Z,73.0,Charge 6
2025-11-12T17:04:09Z,73.0,Charge 6
2025-11-12T17:04:10Z,72.0,Charge 6
2025-11-12T17:04:13Z,72.0,Charge 6
2025-11-12T17:04:14Z,73.0,Charge 6
2025-11-12T17:04:16Z,74.0,Charge 6
2025-11-12T17:04:19Z,74.0,Charge 6
2025-11-12T17:04:22Z,74.0,Charge 6
2025-11-12T17:04:24Z,72.0,Charge 6
2025-11-12T17:04:27Z,73.0,Charge 6
2025-11-12T17:04:29Z,73.0,Charge 6
2025-11-12T17:04:32Z,73.0,Charge 6
2025-11-12T17:04:35Z,72.0,Charge 6
2025-11-12T17:04:38Z,72.0,Charge 6
2025-11-12T17:04:39Z,73.0,Charge 6
2025-11-12T17:04:41Z,74.0,Charge 6
2025-11-12T17:04:43Z,73.0,Charge 6
2025-11-12T17:04:46Z,73.0,Charge 6
2025-11-12T17:04:47Z,72.0,Charge 6
2025-11-12T17:04:50Z,72.0,Charge 6
2025-11-12T17:04:52Z,72.0,Charge 6
2025-11-12T17:04:54Z,72.0,Charge 6
2025-11-12T17:04:56Z,73.0,Charge 6
2025-11-12T17:04:58Z,72.0,Charge 6
2025-11-12T17:05:01Z,72.0,Charge 6
2025-11-12T17:05:04Z,72.0,Charge 6
2025-11-12T17:05:07Z,72.0,Charge 6
2025-11-12T17:05:10Z,71.0,Charge 6
2025-11-12T17:05:12Z,70.0,Charge 6
2025-11-12T17:05:14Z,71.0,Charge 6
2025-11-12T17:05:15Z,72.0,Charge 6
2025-11-12T17:05:17Z,72.0,Charge 6
2025-11-12T17:05:20Z,72.0,Charge 6
2025-11-12T17:05:23Z,72.0,Charge 6
2025-11-12T17:05:25Z,72.0,Charge 6
2025-11-12T17:05:27Z,72.0,Charge 6
2025-11-12T17:05:30Z,72.0,Charge 6
2025-11-12T17:05:31Z,72.0,Charge 6
2025-11-12T17:05:34Z,72.0,Charge 6
2025-11-12T17:05:35Z,72.0,Charge 6
2025-11-12T17:05:38Z,72.0,Charge 6
2025-11-12T17:05:41Z,72.0,Charge 6
2025-11-12T17:05:42Z,72.0,Charge 6
2025-11-12T17:05:45Z,72.0,Charge 6
2025-11-12T17:05:46Z,73.0,Charge 6
2025-11-12T17:05:48Z,74.0,Charge 6
2025-11-12T17:05:51Z,74.0,Charge 6
2025-11-12T17:05:54Z,74.0,Charge 6
2025-11-12T17:05:57Z,74.0,Charge 6
2025-11-12T17:05:58Z,74.0,Charge 6
2025-11-12T17:06:01Z,74.0,Charge 6
2025-11-12T17:06:02Z,76.0,Charge 6
2025-11-12T17:06:03Z,77.0,Charge 6
2025-11-12T17:06:06Z,77.0,Charge 6
2025-11-12T17:06:07Z,75.0,Charge 6
2025-11-12T17:06:09Z,74.0,Charge 6
2025-11-12T17:06:11Z,73.0,Charge 6
2025-11-12T17:06:13Z,72.0,Charge 6
2025-11-12T17:06:15Z,73.0,Charge 6
2025-11-12T17:06:17Z,72.0,Charge 6
2025-11-12T17:06:20Z,72.0,Charge 6
2025-11-12T17:06:23Z,74.0,Charge 6
2025-11-12T17:06:26Z,73.0,Charge 6
2025-11-12T17:06:29Z,73.0,Charge 6
2025-11-12T17:06:30Z,73.0,Charge 6
2025-11-12T17:06:32Z,74.0,Charge 6
2025-11-12T17:06:34Z,75.0,Charge 6
2025-11-12T17:06:36Z,76.0,Charge 6
2025-11-12T17:06:39Z,76.0,Charge 6
2025-11-12T17:06:40Z,75.0,Charge 6
2025-11-12T17:06:42Z,74.0,Charge 6
2025-11-12T17:06:45Z,74.0,Charge 6
2025-11-12T17:06:48Z,74.0,Charge 6
2025-11-12T17:06:51Z,74.0,Charge 6
2025-11-12T17:06:54Z,74.0,Charge 6
2025-11-12T17:06:55Z,75.0,Charge 6
2025-11-12T17:06:57Z,76.0,Charge 6
2025-11-12T17:07:00Z,76.0,Charge 6
2025-11-12T17:07:03Z,76.0,Charge 6
2025-11-12T17:07:06Z,76.0,Charge 6
2025-11-12T17:07:09Z,76.0,Charge 6
2025-11-12T17:07:11Z,75.0,Charge 6
2025-11-12T17:07:13Z,76.0,Charge 6
2025-11-12T17:07:14Z,77.0,Charge 6
2025-11-12T17:07:17Z,77.0,Charge 6
2025-11-12T17:07:18Z,80.0,Charge 6
2025-11-12T17:07:20Z,81.0,Charge 6
2025-11-12T17:07:22Z,79.0,Charge 6
2025-11-12T17:07:24Z,79.0,Charge 6
2025-11-12T17:07:27Z,79.0,Charge 6
2025-11-12T17:07:30Z,77.0,Charge 6
2025-11-12T17:07:32Z,75.0,Charge 6
2025-11-12T17:07:34Z,74.0,Charge 6
2025-11-12T17:07:36Z,72.0,Charge 6
2025-11-12T17:07:39Z,72.0,Charge 6
2025-11-12T17:07:40Z,71.0,Charge 6
2025-11-12T17:07:42Z,70.0,Charge 6
2025-11-12T17:07:44Z,69.0,Charge 6
2025-11-12T17:07:46Z,70.0,Charge 6
2025-11-12T17:07:49Z,70.0,Charge 6
2025-11-12T17:07:52Z,70.0,Charge 6
2025-11-12T17:07:55Z,70.0,Charge 6
2025-11-12T17:07:57Z,69.0,Charge 6
2025-11-12T17:07:59Z,70.0,Charge 6
2025-11-12T17:08:02Z,70.0,Charge 6
2025-11-12T17:08:03Z,71.0,Charge 6
2025-11-12T17:08:05Z,72.0,Charge 6
2025-11-12T17:08:07Z,73.0,Charge 6
2025-11-12T17:08:09Z,74.0,Charge 6
2025-11-12T17:08:12Z,74.0,Charge 6
2025-11-12T17:08:15Z,74.0,Charge 6
2025-11-12T17:08:18Z,75.0,Charge 6
2025-11-12T17:08:20Z,75.0,Charge 6
2025-11-12T17:08:22Z,74.0,Charge 6
2025-11-12T17:08:24Z,75.0,Charge 6
2025-11-12T17:08:27Z,75.0,Charge 6
2025-11-12T17:08:30Z,75.0,Charge 6
2025-11-12T17:08:33Z,75.0,Charge 6
2025-11-12T17:08:34Z,75.0,Charge 6
2025-11-12T17:08:36Z,74.0,Charge 6
2025-11-12T17:08:39Z,74.0,Charge 6
2025-11-12T17:08:40Z,73.0,Charge 6
2025-11-12T17:08:42Z,72.0,Charge 6
2025-11-12T17:08:45Z,72.0,Charge 6
2025-11-12T17:08:48Z,72.0,Charge 6
2025-11-12T17:08:51Z,72.0,Charge 6
2025-11-12T17:08:54Z,72.0,Charge 6
2025-11-12T17:08:57Z,72.0,Charge 6
2025-11-12T17:09:00Z,72.0,Charge 6
2025-11-12T17:09:01Z,71.0,Charge 6
2025-11-12T17:09:03Z,70.0,Charge 6
2025-11-12T17:09:06Z,69.0,Charge 6
2025-11-12T17:09:08Z,69.0,Charge 6
2025-11-12T17:09:11Z,69.0,Charge 6
2025-11-12T17:09:12Z,68.0,Charge 6
2025-11-12T17:09:14Z,68.0,Charge 6
2025-11-12T17:09:17Z,68.0,Charge 6
2025-11-12T17:09:18Z,68.0,Charge 6
2025-11-12T17:09:21Z,68.0,Charge 6
2025-11-12T17:09:22Z,69.0,Charge 6
2025-11-12T17:09:25Z,69.0,Charge 6
2025-11-12T17:09:26Z,68.0,Charge 6
2025-11-12T17:09:29Z,68.0,Charge 6
2025-11-12T17:09:30Z,70.0,Charge 6
2025-11-12T17:09:31Z,71.0,Charge 6
2025-11-12T17:09:33Z,71.0,Charge 6
2025-11-12T17:09:35Z,70.0,Charge 6
2025-11-12T17:09:38Z,70.0,Charge 6
2025-11-12T17:09:41Z,70.0,Charge 6
2025-11-12T17:09:43Z,71.0,Charge 6
2025-11-12T17:09:45Z,72.0,Charge 6
2025-11-12T17:09:47Z,73.0,Charge 6
2025-11-12T17:09:50Z,73.0,Charge 6
2025-11-12T17:09:53Z,72.0,Charge 6
2025-11-12T17:09:56Z,71.0,Charge 6
2025-11-12T17:09:58Z,70.0,Charge 6
2025-11-12T17:10:00Z,71.0,Charge 6
2025-11-12T17:10:02Z,72.0,Charge 6
2025-11-12T17:10:05Z,72.0,Charge 6
2025-11-12T17:10:06Z,73.0,Charge 6
2025-11-12T17:10:09Z,73.0,Charge 6
2025-11-12T17:10:12Z,72.0,Charge 6
2025-11-12T17:10:14Z,73.0,Charge 6
2025-11-12T17:10:16Z,74.0,Charge 6
2025-11-12T17:10:18Z,74.0,Charge 6
2025-11-12T17:10:19Z,77.0,Charge 6
2025-11-12T17:10:21Z,78.0,Charge 6
2025-11-12T17:10:23Z,84.0,Charge 6
2025-11-12T17:10:25Z,87.0,Charge 6
2025-11-12T17:10:27Z,90.0,Charge 6
2025-11-12T17:10:29Z,92.0,Charge 6
2025-11-12T17:10:32Z,92.0,Charge 6
2025-11-12T17:10:33Z,90.0,Charge 6
2025-11-12T17:10:35Z,84.0,Charge 6
2025-11-12T17:10:37Z,81.0,Charge 6
2025-11-12T17:10:39Z,78.0,Charge 6
2025-11-12T17:10:41Z,77.0,Charge 6
2025-11-12T17:10:44Z,76.0,Charge 6
2025-11-12T17:10:46Z,76.0,Charge 6
2025-11-12T17:10:48Z,77.0,Charge 6
2025-11-12T17:10:51Z,77.0,Charge 6
2025-11-12T17:10:52Z,78.0,Charge 6
2025-11-12T17:10:55Z,78.0,Charge 6
2025-11-12T17:10:56Z,79.0,Charge 6
2025-11-12T17:10:58Z,80.0,Charge 6
2025-11-12T17:11:00Z,77.0,Charge 6
2025-11-12T17:11:02Z,75.0,Charge 6
2025-11-12T17:11:04Z,74.0,Charge 6
2025-11-12T17:11:06Z,73.0,Charge 6
2025-11-12T17:11:07Z,72.0,Charge 6
2025-11-12T17:11:09Z,71.0,Charge 6
2025-11-12T17:11:11Z,70.0,Charge 6
2025-11-12T17:11:14Z,70.0,Charge 6
2025-11-12T17:11:17Z,71.0,Charge 6
2025-11-12T17:11:19Z,70.0,Charge 6
2025-11-12T17:11:21Z,69.0,Charge 6
2025-11-12T17:11:23Z,68.0,Charge 6
2025-11-12T17:11:26Z,68.0,Charge 6
2025-11-12T17:11:27Z,68.0,Charge 6
2025-11-12T17:11:29Z,69.0,Charge 6
2025-11-12T17:11:30Z,69.0,Charge 6
2025-11-12T17:11:33Z,69.0,Charge 6
2025-11-12T17:11:34Z,71.0,Charge 6
2025-11-12T17:11:36Z,72.0,Charge 6
2025-11-12T17:11:38Z,70.0,Charge 6
2025-11-12T17:11:40Z,69.0,Charge 6
2025-11-12T17:11:42Z,72.0,Charge 6
2025-11-12T17:11:44Z,76.0,Charge 6
2025-11-12T17:11:46Z,78.0,Charge 6
2025-11-12T17:11:49Z,78.0,Charge 6
2025-11-12T17:11:50Z,76.0,Charge 6
2025-11-12T17:11:52Z,75.0,Charge 6
2025-11-12T17:11:54Z,77.0,Charge 6
2025-11-12T17:11:57Z,77.0,Charge 6
2025-11-12T17:11:59Z,78.0,Charge 6
2025-11-12T17:12:01Z,77.0,Charge 6
2025-11-12T17:12:03Z,76.0,Charge 6
2025-11-12T17:12:05Z,77.0,Charge 6
2025-11-12T17:12:08Z,77.0,Charge 6
2025-11-12T17:12:09Z,76.0,Charge 6
2025-11-12T17:12:11Z,75.0,Charge 6
2025-11-12T17:12:14Z,75.0,Charge 6
2025-11-12T17:12:15Z,73.0,Charge 6
2025-11-12T17:12:17Z,74.0,Charge 6
2025-11-12T17:12:20Z,75.0,Charge 6
2025-11-12T17:12:22Z,74.0,Charge 6
2025-11-12T17:12:24Z,75.0,Charge 6
2025-11-12T17:12:26Z,74.0,Charge 6
2025-11-12T17:12:28Z,75.0,Charge 6
2025-11-12T17:12:31Z,75.0,Charge 6
2025-11-12T17:12:32Z,74.0,Charge 6
2025-11-12T17:12:34Z,76.0,Charge 6
2025-11-12T17:12:36Z,75.0,Charge 6
2025-11-12T17:12:39Z,75.0,Charge 6
2025-11-12T17:12:42Z,76.0,Charge 6
2025-11-12T17:12:45Z,76.0,Charge 6
2025-11-12T17:12:47Z,77.0,Charge 6
2025-11-12T17:12:50Z,77.0,Charge 6
2025-11-12T17:12:51Z,76.0,Charge 6
2025-11-12T17:12:54Z,76.0,Charge 6
2025-11-12T17:12:57Z,76.0,Charge 6
2025-11-12T17:12:59Z,77.0,Charge 6
2025-11-12T17:13:02Z,77.0,Charge 6
2025-11-12T17:13:05Z,78.0,Charge 6
2025-11-12T17:13:08Z,78.0,Charge 6
2025-11-12T17:13:10Z,79.0,Charge 6
2025-11-12T17:13:13Z,79.0,Charge 6
2025-11-12T17:13:14Z,78.0,Charge 6
2025-11-12T17:13:16Z,80.0,Charge 6
2025-11-12T17:13:18Z,79.0,Charge 6
2025-11-12T17:13:20Z,78.0,Charge 6
2025-11-12T17:13:22Z,79.0,Charge 6
2025-11-12T17:13:24Z,80.0,Charge 6
2025-11-12T17:13:26Z,80.0,Charge 6
2025-11-12T17:13:28Z,78.0,Charge 6
2025-11-12T17:13:31Z,78.0,Charge 6
2025-11-12T17:13:33Z,77.0,Charge 6
2025-11-12T17:13:35Z,76.0,Charge 6
2025-11-12T17:13:37Z,77.0,Charge 6
2025-11-12T17:13:40Z,77.0,Charge 6
2025-11-12T17:13:43Z,77.0,Charge 6
2025-11-12T17:13:45Z,78.0,Charge 6
2025-11-12T17:13:47Z,79.0,Charge 6
2025-11-12T17:13:50Z,79.0,Charge 6
2025-11-12T17:13:51Z,78.0,Charge 6
2025-11-12T17:13:54Z,77.0,Charge 6
2025-11-12T17:13:57Z,77.0,Charge 6
2025-11-12T17:14:00Z,75.0,Charge 6
2025-11-12T17:14:03Z,75.0,Charge 6
2025-11-12T17:14:06Z,74.0,Charge 6
2025-11-12T17:14:09Z,74.0,Charge 6
2025-11-12T17:14:10Z,75.0,Charge 6
2025-11-12T17:14:12Z,76.0,Charge 6
2025-11-12T17:14:15Z,76.0,Charge 6
2025-11-12T17:14:18Z,77.0,Charge 6
2025-11-12T17:14:21Z,78.0,Charge 6
2025-11-12T17:14:24Z,78.0,Charge 6
2025-11-12T17:14:25Z,79.0,Charge 6
2025-11-12T17:14:27Z,81.0,Charge 6
2025-11-12T17:14:29Z,80.0,Charge 6
2025-11-12T17:14:31Z,78.0,Charge 6
2025-11-12T17:14:33Z,77.0,Charge 6
2025-11-12T17:14:35Z,78.0,Charge 6
2025-11-12T17:14:38Z,78.0,Charge 6
2025-11-12T17:14:41Z,78.0,Charge 6
2025-11-12T17:14:42Z,77.0,Charge 6
2025-11-12T17:14:44Z,76.0,Charge 6
2025-11-12T17:14:47Z,76.0,Charge 6
2025-11-12T17:14:48Z,75.0,Charge 6
2025-11-12T17:14:50Z,76.0,Charge 6
2025-11-12T17:14:53Z,76.0,Charge 6
2025-11-12T17:14:56Z,77.0,Charge 6
2025-11-12T17:14:59Z,77.0,Charge 6
2025-11-12T17:15:02Z,77.0,Charge 6
2025-11-12T17:15:04Z,76.0,Charge 6
2025-11-12T17:15:07Z,76.0,Charge 6
2025-11-12T17:15:09Z,78.0,Charge 6
2025-11-12T17:15:11Z,77.0,Charge 6
2025-11-12T17:15:14Z,77.0,Charge 6
2025-11-12T17:15:17Z,75.0,Charge 6
2025-11-12T17:15:20Z,75.0,Charge 6
2025-11-12T17:15:23Z,74.0,Charge 6
2025-11-12T17:15:26Z,74.0,Charge 6
2025-11-12T17:15:29Z,74.0,Charge 6
2025-11-12T17:15:30Z,75.0,Charge 6
2025-11-12T17:15:32Z,74.0,Charge 6
2025-11-12T17:15:34Z,74.0,Charge 6
2025-11-12T17:15:36Z,74.0,Charge 6
2025-11-12T17:15:38Z,74.0,Charge 6
2025-11-12T17:15:41Z,74.0,Charge 6
2025-11-12T17:15:42Z,73.0,Charge 6
2025-11-12T17:15:45Z,73.0,Charge 6
2025-11-12T17:15:48Z,73.0,Charge 6
2025-11-12T17:15:50Z,73.0,Charge 6
2025-11-12T17:15:53Z,73.0,Charge 6
2025-11-12T17:15:54Z,74.0,Charge 6
2025-11-12T17:15:57Z,73.0,Charge 6
2025-11-12T17:16:00Z,73.0,Charge 6
2025-11-12T17:16:03Z,72.0,Charge 6
2025-11-12T17:16:06Z,72.0,Charge 6
2025-11-12T17:16:07Z,73.0,Charge 6
2025-11-12T17:16:10Z,73.0,Charge 6
2025-11-12T17:16:11Z,74.0,Charge 6
2025-11-12T17:16:14Z,74.0,Charge 6
2025-11-12T17:16:15Z,73.0,Charge 6
2025-11-12T17:16:17Z,74.0,Charge 6
2025-11-12T17:16:20Z,74.0,Charge 6
2025-11-12T17:16:22Z,75.0,Charge 6
2025-11-12T17:16:24Z,74.0,Charge 6
2025-11-12T17:16:26Z,74.0,Charge 6
2025-11-12T17:16:29Z,74.0,Charge 6
2025-11-12T17:16:32Z,74.0,Charge 6
2025-11-12T17:16:35Z,74.0,Charge 6
2025-11-12T17:16:38Z,74.0,Charge 6
2025-11-12T17:16:40Z,74.0,Charge 6
2025-11-12T17:16:43Z,74.0,Charge 6
2025-11-12T17:16:46Z,74.0,Charge 6
2025-11-12T17:16:49Z,74.0,Charge 6
2025-11-12T17:16:51Z,74.0,Charge 6
2025-11-12T17:16:54Z,74.0,Charge 6
2025-11-12T17:16:57Z,75.0,Charge 6
2025-11-12T17:16:59Z,76.0,Charge 6
2025-11-12T17:17:02Z,76.0,Charge 6
2025-11-12T17:17:03Z,77.0,Charge 6
2025-11-12T17:17:05Z,76.0,Charge 6
2025-11-12T17:17:06Z,75.0,Charge 6
2025-11-12T17:17:08Z,74.0,Charge 6
2025-11-12T17:17:11Z,74.0,Charge 6
2025-11-12T17:17:14Z,73.0,Charge 6
2025-11-12T17:17:17Z,73.0,Charge 6
2025-11-12T17:17:18Z,72.0,Charge 6
2025-11-12T17:17:21Z,72.0,Charge 6
2025-11-12T17:17:24Z,72.0,Charge 6
2025-11-12T17:17:26Z,73.0,Charge 6
2025-11-12T17:17:29Z,73.0,Charge 6
2025-11-12T17:17:31Z,74.0,Charge 6
2025-11-12T17:17:34Z,74.0,Charge 6
2025-11-12T17:17:37Z,75.0,Charge 6
2025-11-12T17:17:39Z,77.0,Charge 6
2025-11-12T17:17:41Z,78.0,Charge 6
2025-11-12T17:17:43Z,78.0,Charge 6
2025-11-12T17:17:45Z,77.0,Charge 6
2025-11-12T17:17:47Z,76.0,Charge 6
2025-11-12T17:17:49Z,75.0,Charge 6
2025-11-12T17:17:51Z,74.0,Charge 6
2025-11-12T17:17:53Z,74.0,Charge 6
2025-11-12T17:17:54Z,73.0,Charge 6
2025-11-12T17:17:57Z,73.0,Charge 6
2025-11-12T17:17:58Z,72.0,Charge 6
2025-11-12T17:18:01Z,72.0,Charge 6
2025-11-12T17:18:04Z,72.0,Charge 6
2025-11-12T17:18:07Z,72.0,Charge 6
2025-11-12T17:18:10Z,72.0,Charge 6
2025-11-12T17:18:13Z,72.0,Charge 6
2025-11-12T17:18:16Z,72.0,Charge 6
2025-11-12T17:18:19Z,72.0,Charge 6
2025-11-12T17:18:22Z,72.0,Charge 6
2025-11-12T17:18:25Z,72.0,Charge 6
2025-11-12T17:18:28Z,72.0,Charge 6
2025-11-12T17:18:31Z,72.0,Charge 6
2025-11-12T17:18:33Z,73.0,Charge 6
2025-11-12T17:18:35Z,72.0,Charge 6
2025-11-12T17:18:38Z,72.0,Charge 6
2025-11-12T17:18:41Z,72.0,Charge 6
2025-11-12T17:18:44Z,73.0,Charge 6
2025-11-12T17:18:47Z,73.0,Charge 6
2025-11-12T17:18:50Z,74.0,Charge 6
2025-11-12T17:18:52Z,73.0,Charge 6
2025-11-12T17:18:54Z,73.0,Charge 6
2025-11-12T17:18:56Z,74.0,Charge 6
2025-11-12T17:18:59Z,74.0,Charge 6
2025-11-12T17:19:00Z,75.0,Charge 6
2025-11-12T17:19:02Z,77.0,Charge 6
2025-11-12T17:19:04Z,78.0,Charge 6
2025-11-12T17:19:06Z,80.0,Charge 6
2025-11-12T17:19:07Z,82.0,Charge 6
2025-11-12T17:19:09Z,83.0,Charge 6
2025-11-12T17:19:11Z,85.0,Charge 6
2025-11-12T17:19:13Z,84.0,Charge 6
2025-11-12T17:19:15Z,82.0,Charge 6
2025-11-12T17:19:17Z,80.0,Charge 6
2025-11-12T17:19:19Z,79.0,Charge 6
2025-11-12T17:19:21Z,77.0,Charge 6
2025-11-12T17:19:23Z,76.0,Charge 6
2025-11-12T17:19:25Z,75.0,Charge 6
2025-11-12T17:19:27Z,74.0,Charge 6
2025-11-12T17:19:30Z,72.0,Charge 6
2025-11-12T17:19:33Z,72.0,Charge 6
2025-11-12T17:19:34Z,71.0,Charge 6
2025-11-12T17:19:37Z,71.0,Charge 6
2025-11-12T17:19:40Z,71.0,Charge 6
2025-11-12T17:19:42Z,70.0,Charge 6
2025-11-12T17:19:45Z,70.0,Charge 6
2025-11-12T17:19:46Z,71.0,Charge 6
2025-11-12T17:19:48Z,72.0,Charge 6
2025-11-12T17:19:50Z,72.0,Charge 6
2025-11-12T17:19:52Z,73.0,Charge 6
2025-11-12T17:19:54Z,74.0,Charge 6
2025-11-12T17:19:57Z,74.0,Charge 6
2025-11-12T17:19:59Z,77.0,Charge 6
2025-11-12T17:20:01Z,80.0,Charge 6
2025-11-12T17:20:04Z,80.0,Charge 6
2025-11-12T17:20:05Z,79.0,Charge 6
2025-11-12T17:20:07Z,78.0,Charge 6
2025-11-12T17:20:10Z,78.0,Charge 6
2025-11-12T17:20:11Z,76.0,Charge 6
2025-11-12T17:20:13Z,75.0,Charge 6
2025-11-12T17:20:15Z,74.0,Charge 6
2025-11-12T17:20:18Z,74.0,Charge 6
2025-11-12T17:20:20Z,73.0,Charge 6
2025-11-12T17:20:22Z,72.0,Charge 6
2025-11-12T17:20:24Z,71.0,Charge 6
2025-11-12T17:20:26Z,70.0,Charge 6
2025-11-12T17:20:29Z,70.0,Charge 6
2025-11-12T17:20:32Z,71.0,Charge 6
2025-11-12T17:20:34Z,72.0,Charge 6
2025-11-12T17:20:36Z,73.0,Charge 6
2025-11-12T17:20:39Z,73.0,Charge 6
2025-11-12T17:20:42Z,72.0,Charge 6
2025-11-12T17:20:43Z,72.0,Charge 6
2025-11-12T17:20:45Z,72.0,Charge 6
2025-11-12T17:20:48Z,72.0,Charge 6
2025-11-12T17:20:49Z,72.0,Charge 6
2025-11-12T17:20:52Z,72.0,Charge 6
2025-11-12T17:20:53Z,71.0,Charge 6
2025-11-12T17:20:55Z,70.0,Charge 6
2025-11-12T17:20:58Z,70.0,Charge 6
2025-11-12T17:21:01Z,69.0,Charge 6
2025-11-12T17:21:04Z,69.0,Charge 6
2025-11-12T17:21:05Z,70.0,Charge 6
2025-11-12T17:21:08Z,70.0,Charge 6
2025-11-12T17:21:11Z,70.0,Charge 6
2025-11-12T17:21:14Z,70.0,Charge 6
2025-11-12T17:21:17Z,70.0,Charge 6
2025-11-12T17:21:18Z,72.0,Charge 6
2025-11-12T17:21:20Z,72.0,Charge 6
2025-11-12T17:21:23Z,72.0,Charge 6
2025-11-12T17:21:26Z,72.0,Charge 6
2025-11-12T17:21:28Z,74.0,Charge 6
2025-11-12T17:21:30Z,76.0,Charge 6
2025-11-12T17:21:33Z,75.0,Charge 6
2025-11-12T17:21:35Z,74.0,Charge 6
2025-11-12T17:21:38Z,74.0,Charge 6
2025-11-12T17:21:39Z,75.0,Charge 6
2025-11-12T17:21:41Z,76.0,Charge 6
2025-11-12T17:21:44Z,76.0,Charge 6
2025-11-12T17:21:47Z,76.0,Charge 6
2025-11-12T17:21:49Z,77.0,Charge 6
2025-11-12T17:21:51Z,76.0,Charge 6
2025-11-12T17:21:53Z,76.0,Charge 6
2025-11-12T17:21:54Z,75.0,Charge 6
2025-11-12T17:21:56Z,74.0,Charge 6
2025-11-12T17:21:59Z,74.0,Charge 6
2025-11-12T17:22:00Z,73.0,Charge 6
2025-11-12T17:22:02Z,72.0,Charge 6
2025-11-12T17:22:04Z,72.0,Charge 6
2025-11-12T17:22:07Z,72.0,Charge 6
2025-11-12T17:22:08Z,73.0,Charge 6
2025-11-12T17:22:10Z,74.0,Charge 6
2025-11-12T17:22:12Z,73.0,Charge 6
2025-11-12T17:22:15Z,73.0,Charge 6
2025-11-12T17:22:18Z,73.0,Charge 6
2025-11-12T17:22:19Z,72.0,Charge 6
2025-11-12T17:22:22Z,72.0,Charge 6
2025-11-12T17:22:25Z,72.0,Charge 6
2025-11-12T17:22:28Z,72.0,Charge 6
2025-11-12T17:22:31Z,72.0,Charge 6
2025-11-12T17:22:34Z,72.0,Charge 6
2025-11-12T17:22:37Z,73.0,Charge 6
2025-11-12T17:22:38Z,72.0,Charge 6
2025-11-12T17:22:40Z,71.0,Charge 6
2025-11-12T17:22:42Z,70.0,Charge 6
2025-11-12T17:22:44Z,71.0,Charge 6
2025-11-12T17:22:46Z,75.0,Charge 6
2025-11-12T17:22:48Z,77.0,Charge 6
2025-11-12T17:22:51Z,77.0,Charge 6
2025-11-12T17:22:52Z,78.0,Charge 6
2025-11-12T17:22:53Z,76.0,Charge 6
2025-11-12T17:22:55Z,75.0,Charge 6
2025-11-12T17:22:57Z,76.0,Charge 6
2025-11-12T17:22:59Z,74.0,Charge 6
2025-11-12T17:23:01Z,73.0,Charge 6
2025-11-12T17:23:04Z,73.0,Charge 6
2025-11-12T17:23:07Z,74.0,Charge 6
2025-11-12T17:23:09Z,76.0,Charge 6
2025-11-12T17:23:11Z,77.0,Charge 6
2025-11-12T17:23:13Z,80.0,Charge 6
2025-11-12T17:23:15Z,81.0,Charge 6
2025-11-12T17:23:18Z,80.0,Charge 6
2025-11-12T17:23:20Z,78.0,Charge 6
2025-11-12T17:23:23Z,78.0,Charge 6
2025-11-12T17:23:24Z,77.0,Charge 6
2025-11-12T17:23:26Z,75.0,Charge 6
2025-11-12T17:23:28Z,74.0,Charge 6
2025-11-12T17:23:30Z,73.0,Charge 6
2025-11-12T17:23:33Z,73.0,Charge 6
2025-11-12T17:23:34Z,74.0,Charge 6
2025-11-12T17:23:37Z,74.0,Charge 6
2025-11-12T17:23:40Z,72.0,Charge 6
2025-11-12T17:23:43Z,72.0,Charge 6
2025-11-12T17:23:46Z,72.0,Charge 6
2025-11-12T17:23:49Z,72.0,Charge 6
2025-11-12T17:23:52Z,72.0,Charge 6
2025-11-12T17:23:53Z,72.0,Charge 6
2025-11-12T17:23:56Z,72.0,Charge 6
2025-11-12T17:23:59Z,72.0,Charge 6
2025-11-12T17:24:01Z,71.0,Charge 6
2025-11-12T17:24:03Z,70.0,Charge 6
2025-11-12T17:24:05Z,71.0,Charge 6
2025-11-12T17:24:08Z,73.0,Charge 6
2025-11-12T17:24:10Z,75.0,Charge 6
2025-11-12T17:24:13Z,75.0,Charge 6
2025-11-12T17:24:16Z,75.0,Charge 6
2025-11-12T17:24:19Z,75.0,Charge 6
2025-11-12T17:24:22Z,74.0,Charge 6
2025-11-12T17:24:24Z,75.0,Charge 6
2025-11-12T17:24:26Z,76.0,Charge 6
2025-11-12T17:24:28Z,79.0,Charge 6
2025-11-12T17:24:29Z,83.0,Charge 6
2025-11-12T17:24:31Z,85.0,Charge 6
2025-11-12T17:24:33Z,84.0,Charge 6
2025-11-12T17:24:35Z,80.0,Charge 6
2025-11-12T17:24:37Z,78.0,Charge 6
2025-11-12T17:24:39Z,74.0,Charge 6
2025-11-12T17:24:41Z,73.0,Charge 6
2025-11-12T17:24:44Z,73.0,Charge 6
2025-11-12T17:24:45Z,73.0,Charge 6
2025-11-12T17:24:48Z,73.0,Charge 6
2025-11-12T17:24:51Z,73.0,Charge 6
2025-11-12T17:24:54Z,73.0,Charge 6
2025-11-12T17:24:56Z,72.0,Charge 6
2025-11-12T17:24:58Z,71.0,Charge 6
2025-11-12T17:25:00Z,71.0,Charge 6
2025-11-12T17:25:02Z,72.0,Charge 6
2025-11-12T17:25:04Z,73.0,Charge 6
2025-11-12T17:25:06Z,74.0,Charge 6
2025-11-12T17:25:08Z,77.0,Charge 6
2025-11-12T17:25:10Z,78.0,Charge 6
2025-11-12T17:25:12Z,76.0,Charge 6
2025-11-12T17:25:14Z,74.0,Charge 6
2025-11-12T17:25:16Z,73.0,Charge 6
2025-11-12T17:25:17Z,72.0,Charge 6
2025-11-12T17:25:19Z,71.0,Charge 6
2025-11-12T17:25:21Z,72.0,Charge 6
2025-11-12T17:25:24Z,72.0,Charge 6
2025-11-12T17:25:27Z,71.0,Charge 6
2025-11-12T17:25:29Z,70.0,Charge 6
2025-11-12T17:25:32Z,70.0,Charge 6
2025-11-12T17:25:33Z,71.0,Charge 6
2025-11-12T17:25:36Z,71.0,Charge 6
2025-11-12T17:25:39Z,72.0,Charge 6
2025-11-12T17:25:42Z,72.0,Charge 6
2025-11-12T17:25:44Z,73.0,Charge 6
2025-11-12T17:25:47Z,73.0,Charge 6
2025-11-12T17:25:48Z,72.0,Charge 6
2025-11-12T17:25:50Z,73.0,Charge 6
2025-11-12T17:25:52Z,73.0,Charge 6
2025-11-12T17:25:54Z,74.0,Charge 6
2025-11-12T17:25:56Z,76.0,Charge 6
2025-11-12T17:25:58Z,75.0,Charge 6
2025-11-12T17:26:00Z,74.0,Charge 6
2025-11-12T17:26:02Z,72.0,Charge 6
2025-11-12T17:26:04Z,72.0,Charge 6
2025-11-12T17:26:07Z,71.0,Charge 6
2025-11-12T17:26:09Z,70.0,Charge 6
2025-11-12T17:26:12Z,70.0,Charge 6
2025-11-12T17:26:15Z,70.0,Charge 6
2025-11-12T17:26:18Z,70.0,Charge 6
2025-11-12T17:26:21Z,69.0,Charge 6
2025-11-12T17:26:24Z,69.0,Charge 6
2025-11-12T17:26:25Z,68.0,Charge 6
2025-11-12T17:26:28Z,68.0,Charge 6
2025-11-12T17:26:31Z,68.0,Charge 6
2025-11-12T17:26:34Z,69.0,Charge 6
2025-11-12T17:26:36Z,70.0,Charge 6
2025-11-12T17:26:39Z,70.0,Charge 6
2025-11-12T17:26:42Z,69.0,Charge 6
2025-11-12T17:26:44Z,70.0,Charge 6
2025-11-12T17:26:47Z,70.0,Charge 6
2025-11-12T17:26:48Z,70.0,Charge 6
2025-11-12T17:26:51Z,70.0,Charge 6
2025-11-12T17:26:54Z,70.0,Charge 6
2025-11-12T17:26:55Z,69.0,Charge 6
2025-11-12T17:26:58Z,69.0,Charge 6
2025-11-12T17:26:59Z,69.0,Charge 6
2025-11-12T17:27:01Z,68.0,Charge 6
2025-11-12T17:27:04Z,68.0,Charge 6
2025-11-12T17:27:07Z,68.0,Charge 6
2025-11-12T17:27:09Z,69.0,Charge 6
2025-11-12T17:27:12Z,69.0,Charge 6
2025-11-12T17:27:15Z,69.0,Charge 6
2025-11-12T17:27:18Z,70.0,Charge 6
2025-11-12T17:27:21Z,70.0,Charge 6
2025-11-12T17:27:22Z,71.0,Charge 6
2025-11-12T17:27:25Z,71.0,Charge 6
2025-11-12T17:27:26Z,70.0,Charge 6
2025-11-12T17:27:29Z,70.0,Charge 6
2025-11-12T17:27:32Z,71.0,Charge 6
2025-11-12T17:27:34Z,72.0,Charge 6
2025-11-12T17:27:37Z,72.0,Charge 6
2025-11-12T17:27:40Z,72.0,Charge 6
2025-11-12T17:27:41Z,71.0,Charge 6
2025-11-12T17:27:44Z,71.0,Charge 6
2025-11-12T17:27:47Z,72.0,Charge 6
2025-11-12T17:27:50Z,72.0,Charge 6
2025-11-12T17:27:53Z,71.0,Charge 6
2025-11-12T17:27:55Z,72.0,Charge 6
2025-11-12T17:27:58Z,72.0,Charge 6
2025-11-12T17:27:59Z,71.0,Charge 6
2025-11-12T17:28:01Z,70.0,Charge 6
2025-11-12T17:28:04Z,70.0,Charge 6
2025-11-12T17:28:05Z,70.0,Charge 6
2025-11-12T17:28:06Z,69.0,Charge 6
2025-11-12T17:28:09Z,69.0,Charge 6
2025-11-12T17:28:10Z,70.0,Charge 6
2025-11-12T17:28:13Z,70.0,Charge 6
2025-11-12T17:28:16Z,68.0,Charge 6
2025-11-12T17:28:18Z,69.0,Charge 6
2025-11-12T17:28:20Z,70.0,Charge 6
2025-11-12T17:28:22Z,71.0,Charge 6
2025-11-12T17:28:24Z,73.0,Charge 6
2025-11-12T17:28:27Z,73.0,Charge 6
2025-11-12T17:28:28Z,74.0,Charge 6
2025-11-12T17:28:29Z,75.0,Charge 6
2025-11-12T17:28:31Z,77.0,Charge 6
2025-11-12T17:28:33Z,75.0,Charge 6
2025-11-12T17:28:35Z,74.0,Charge 6
2025-11-12T17:28:38Z,74.0,Charge 6
2025-11-12T17:28:41Z,75.0,Charge 6
2025-11-12T17:28:44Z,75.0,Charge 6
2025-11-12T17:28:47Z,75.0,Charge 6
2025-11-12T17:28:49Z,74.0,Charge 6
2025-11-12T17:28:51Z,73.0,Charge 6
2025-11-12T17:28:53Z,72.0,Charge 6
2025-11-12T17:28:54Z,71.0,Charge 6
2025-11-12T17:28:56Z,70.0,Charge 6
2025-11-12T17:28:58Z,70.0,Charge 6
2025-11-12T17:29:01Z,70.0,Charge 6
2025-11-12T17:29:02Z,70.0,Charge 6
2025-11-12T17:29:05Z,70.0,Charge 6
2025-11-12T17:29:08Z,72.0,Charge 6
2025-11-12T17:29:10Z,72.0,Charge 6
2025-11-12T17:29:12Z,74.0,Charge 6
2025-11-12T17:29:14Z,80.0,Charge 6
2025-11-12T17:29:16Z,81.0,Charge 6
2025-11-12T17:29:17Z,78.0,Charge 6
2025-11-12T17:29:19Z,79.0,Charge 6
2025-11-12T17:29:21Z,81.0,Charge 6
2025-11-12T17:29:23Z,83.0,Charge 6
2025-11-12T17:29:25Z,82.0,Charge 6
2025-11-12T17:29:27Z,78.0,Charge 6
2025-11-12T17:29:29Z,76.0,Charge 6
2025-11-12T17:29:31Z,75.0,Charge 6
2025-11-12T17:29:33Z,76.0,Charge 6
2025-11-12T17:29:35Z,78.0,Charge 6
2025-11-12T17:29:38Z,78.0,Charge 6
2025-11-12T17:29:39Z,77.0,Charge 6
2025-11-12T17:29:41Z,76.0,Charge 6
2025-11-12T17:29:42Z,78.0,Charge 6
2025-11-12T17:29:45Z,78.0,Charge 6
2025-11-12T17:29:48Z,77.0,Charge 6
2025-11-12T17:29:50Z,76.0,Charge 6
2025-11-12T17:29:52Z,77.0,Charge 6
2025-11-12T17:29:54Z,78.0,Charge 6
2025-11-12T17:29:57Z,78.0,Charge 6
2025-11-12T17:29:58Z,78.0,Charge 6
2025-11-12T17:30:01Z,78.0,Charge 6
2025-11-12T17:30:02Z,79.0,Charge 6
2025-11-12T17:30:04Z,80.0,Charge 6
2025-11-12T17:30:05Z,82.0,Charge 6
2025-11-12T17:30:07Z,85.0,Charge 6
2025-11-12T17:30:09Z,86.0,Charge 6
2025-11-12T17:30:11Z,83.0,Charge 6
2025-11-12T17:30:13Z,80.0,Charge 6
2025-11-12T17:30:15Z,76.0,Charge 6
2025-11-12T17:30:17Z,75.0,Charge 6
2025-11-12T17:30:19Z,76.0,Charge 6
2025-11-12T17:30:21Z,77.0,Charge 6
2025-11-12T17:30:23Z,78.0,Charge 6
2025-11-12T17:30:25Z,80.0,Charge 6
2025-11-12T17:30:27Z,79.0,Charge 6
2025-11-12T17:30:30Z,80.0,Charge 6
2025-11-12T17:30:33Z,80.0,Charge 6
2025-11-12T17:30:36Z,80.0,Charge 6
2025-11-12T17:30:38Z,78.0,Charge 6
2025-11-12T17:30:40Z,79.0,Charge 6
2025-11-12T17:30:43Z,79.0,Charge 6
2025-11-12T17:30:44Z,78.0,Charge 6
2025-11-12T17:30:46Z,79.0,Charge 6
2025-11-12T17:30:49Z,79.0,Charge 6
2025-11-12T17:30:50Z,78.0,Charge 6
2025-11-12T17:30:53Z,78.0,Charge 6
2025-11-12T17:30:55Z,77.0,Charge 6
2025-11-12T17:30:57Z,76.0,Charge 6
2025-11-12T17:30:59Z,75.0,Charge 6
2025-11-12T17:31:01Z,73.0,Charge 6
2025-11-12T17:31:04Z,73.0,Charge 6
2025-11-12T17:31:05Z,74.0,Charge 6
2025-11-12T17:31:08Z,74.0,Charge 6
2025-11-12T17:31:09Z,76.0,Charge 6
2025-11-12T17:31:12Z,76.0,Charge 6
2025-11-12T17:31:13Z,75.0,Charge 6
2025-11-12T17:31:16Z,75.0,Charge 6
2025-11-12T17:31:18Z,74.0,Charge 6
2025-11-12T17:31:20Z,73.0,Charge 6
2025-11-12T17:31:22Z,72.0,Charge 6
2025-11-12T17:31:25Z,72.0,Charge 6
2025-11-12T17:31:28Z,72.0,Charge 6
2025-11-12T17:31:30Z,71.0,Charge 6
2025-11-12T17:31:32Z,72.0,Charge 6
2025-11-12T17:31:35Z,72.0,Charge 6
2025-11-12T17:31:38Z,71.0,Charge 6
2025-11-12T17:31:40Z,72.0,Charge 6
2025-11-12T17:31:43Z,72.0,Charge 6
2025-11-12T17:31:45Z,73.0,Charge 6
2025-11-12T17:31:47Z,76.0,Charge 6
2025-11-12T17:31:49Z,78.0,Charge 6
2025-11-12T17:31:51Z,79.0,Charge 6
2025-11-12T17:31:53Z,78.0,Charge 6
2025-11-12T17:31:55Z,79.0,Charge 6
2025-11-12T17:31:58Z,79.0,Charge 6
2025-11-12T17:32:01Z,77.0,Charge 6
2025-11-12T17:32:03Z,76.0,Charge 6
2025-11-12T17:32:06Z,76.0,Charge 6
2025-11-12T17:32:08Z,74.0,Charge 6
2025-11-12T17:32:10Z,73.0,Charge 6
2025-11-12T17:32:13Z,73.0,Charge 6
2025-11-12T17:32:14Z,76.0,Charge 6
2025-11-12T17:32:16Z,77.0,Charge 6
2025-11-12T17:32:18Z,79.0,Charge 6
2025-11-12T17:32:21Z,79.0,Charge 6
2025-11-12T17:32:24Z,80.0,Charge 6
2025-11-12T17:32:26Z,81.0,Charge 6
2025-11-12T17:32:29Z,80.0,Charge 6
2025-11-12T17:32:31Z,77.0,Charge 6
2025-11-12T17:32:33Z,76.0,Charge 6
2025-11-12T17:32:35Z,75.0,Charge 6
2025-11-12T17:32:38Z,75.0,Charge 6
2025-11-12T17:32:41Z,75.0,Charge 6
2025-11-12T17:32:43Z,74.0,Charge 6
2025-11-12T17:32:46Z,74.0,Charge 6
2025-11-12T17:32:47Z,75.0,Charge 6
2025-11-12T17:32:49Z,74.0,Charge 6
2025-11-12T17:32:51Z,73.0,Charge 6
2025-11-12T17:32:54Z,73.0,Charge 6
2025-11-12T17:32:56Z,72.0,Charge 6
2025-11-12T17:32:58Z,72.0,Charge 6
2025-11-12T17:33:00Z,71.0,Charge 6
2025-11-12T17:33:02Z,70.0,Charge 6
2025-11-12T17:33:05Z,70.0,Charge 6
2025-11-12T17:33:06Z,71.0,Charge 6
2025-11-12T17:33:08Z,71.0,Charge 6
2025-11-12T17:33:11Z,71.0,Charge 6
2025-11-12T17:33:14Z,70.0,Charge 6
2025-11-12T17:33:16Z,71.0,Charge 6
2025-11-12T17:33:19Z,72.0,Charge 6
2025-11-12T17:33:21Z,73.0,Charge 6
2025-11-12T17:33:24Z,73.0,Charge 6
2025-11-12T17:33:25Z,72.0,Charge 6
2025-11-12T17:33:28Z,72.0,Charge 6
2025-11-12T17:33:29Z,73.0,Charge 6
2025-11-12T17:33:32Z,73.0,Charge 6
2025-11-12T17:33:35Z,73.0,Charge 6
2025-11-12T17:33:38Z,73.0,Charge 6
2025-11-12T17:33:41Z,73.0,Charge 6
2025-11-12T17:33:42Z,74.0,Charge 6
2025-11-12T17:33:45Z,74.0,Charge 6
2025-11-12T17:33:48Z,74.0,Charge 6
2025-11-12T17:33:51Z,74.0,Charge 6
2025-11-12T17:33:54Z,73.0,Charge 6
2025-11-12T17:33:56Z,72.0,Charge 6
2025-11-12T17:33:59Z,72.0,Charge 6
2025-11-12T17:34:02Z,72.0,Charge 6
2025-11-12T17:34:04Z,72.0,Charge 6
2025-11-12T17:34:07Z,72.0,Charge 6
2025-11-12T17:34:10Z,72.0,Charge 6
2025-11-12T17:34:11Z,74.0,Charge 6
2025-11-12T17:34:14Z,74.0,Charge 6
2025-11-12T17:34:15Z,75.0,Charge 6
2025-11-12T17:34:17Z,75.0,Charge 6
2025-11-12T17:34:19Z,74.0,Charge 6
2025-11-12T17:34:22Z,74.0,Charge 6
2025-11-12T17:34:23Z,73.0,Charge 6
2025-11-12T17:34:26Z,73.0,Charge 6
2025-11-12T17:34:29Z,73.0,Charge 6
2025-11-12T17:34:30Z,72.0,Charge 6
2025-11-12T17:34:33Z,72.0,Charge 6
2025-11-12T17:34:34Z,72.0,Charge 6
2025-11-12T17:34:37Z,72.0,Charge 6
2025-11-12T17:34:40Z,72.0,Charge 6
2025-11-12T17:34:42Z,72.0,Charge 6
2025-11-12T17:34:45Z,72.0,Charge 6
2025-11-12T17:34:46Z,73.0,Charge 6
2025-11-12T17:34:48Z,74.0,Charge 6
2025-11-12T17:34:51Z,74.0,Charge 6
2025-11-12T17:34:54Z,74.0,Charge 6
2025-11-12T17:34:57Z,74.0,Charge 6
2025-11-12T17:35:00Z,74.0,Charge 6
2025-11-12T17:35:01Z,73.0,Charge 6
2025-11-12T17:35:03Z,72.0,Charge 6
2025-11-12T17:35:05Z,72.0,Charge 6
2025-11-12T17:35:07Z,72.0,Charge 6
2025-11-12T17:35:10Z,72.0,Charge 6
2025-11-12T17:35:13Z,72.0,Charge 6
2025-11-12T17:35:15Z,71.0,Charge 6
2025-11-12T17:35:18Z,71.0,Charge 6
2025-11-12T17:35:21Z,71.0,Charge 6
2025-11-12T17:35:22Z,72.0,Charge 6
2025-11-12T17:35:25Z,72.0,Charge 6
2025-11-12T17:35:28Z,73.0,Charge 6
2025-11-12T17:35:31Z,73.0,Charge 6
2025-11-12T17:35:32Z,74.0,Charge 6
2025-11-12T17:35:35Z,74.0,Charge 6
2025-11-12T17:35:38Z,76.0,Charge 6
2025-11-12T17:35:41Z,77.0,Charge 6
2025-11-12T17:35:43Z,78.0,Charge 6
2025-11-12T17:35:46Z,78.0,Charge 6
2025-11-12T17:35:47Z,77.0,Charge 6
2025-11-12T17:35:49Z,76.0,Charge 6
2025-11-12T17:35:52Z,76.0,Charge 6
2025-11-12T17:35:53Z,75.0,Charge 6
2025-11-12T17:35:55Z,74.0,Charge 6
2025-11-12T17:35:57Z,74.0,Charge 6
2025-11-12T17:36:00Z,74.0,Charge 6
2025-11-12T17:36:03Z,73.0,Charge 6
2025-11-12T17:36:05Z,72.0,Charge 6
2025-11-12T17:36:08Z,72.0,Charge 6
2025-11-12T17:36:10Z,72.0,Charge 6
2025-11-12T17:36:13Z,72.0,Charge 6
2025-11-12T17:36:16Z,72.0,Charge 6
2025-11-12T17:36:18Z,73.0,Charge 6
2025-11-12T17:36:20Z,74.0,Charge 6
2025-11-12T17:36:23Z,74.0,Charge 6
2025-11-12T17:36:26Z,74.0,Charge 6
2025-11-12T17:36:29Z,74.0,Charge 6
2025-11-12T17:36:32Z,74.0,Charge 6
2025-11-12T17:36:33Z,75.0,Charge 6
2025-11-12T17:36:36Z,75.0,Charge 6
2025-11-12T17:36:37Z,75.0,Charge 6
2025-11-12T17:36:39Z,76.0,Charge 6
2025-11-12T17:36:42Z,76.0,Charge 6
2025-11-12T17:36:43Z,78.0,Charge 6
2025-11-12T17:36:45Z,79.0,Charge 6
2025-11-12T17:36:48Z,79.0,Charge 6
2025-11-12T17:36:51Z,79.0,Charge 6
2025-11-12T17:36:53Z,78.0,Charge 6
2025-11-12T17:36:54Z,76.0,Charge 6
2025-11-12T17:36:56Z,76.0,Charge 6
2025-11-12T17:36:58Z,75.0,Charge 6
2025-11-12T17:37:00Z,74.0,Charge 6
2025-11-12T17:37:02Z,76.0,Charge 6
2025-11-12T17:37:05Z,76.0,Charge 6
2025-11-12T17:37:06Z,74.0,Charge 6
2025-11-12T17:37:08Z,72.0,Charge 6
2025-11-12T17:37:10Z,72.0,Charge 6
2025-11-12T17:37:12Z,73.0,Charge 6
2025-11-12T17:37:14Z,72.0,Charge 6
2025-11-12T17:37:16Z,72.0,Charge 6
2025-11-12T17:37:19Z,72.0,Charge 6
2025-11-12T17:37:22Z,72.0,Charge 6
2025-11-12T17:37:25Z,72.0,Charge 6
2025-11-12T17:37:27Z,73.0,Charge 6
2025-11-12T17:37:29Z,74.0,Charge 6
2025-11-12T17:37:32Z,74.0,Charge 6
2025-11-12T17:37:35Z,74.0,Charge 6
2025-11-12T17:37:38Z,74.0,Charge 6
2025-11-12T17:37:41Z,75.0,Charge 6
2025-11-12T17:37:44Z,75.0,Charge 6
2025-11-12T17:37:46Z,74.0,Charge 6
2025-11-12T17:37:49Z,74.0,Charge 6
2025-11-12T17:37:52Z,74.0,Charge 6
2025-11-12T17:37:55Z,74.0,Charge 6
2025-11-12T17:37:56Z,73.0,Charge 6
2025-11-12T17:37:58Z,72.0,Charge 6
2025-11-12T17:38:01Z,72.0,Charge 6
2025-11-12T17:38:02Z,73.0,Charge 6
2025-11-12T17:38:04Z,74.0,Charge 6
2025-11-12T17:38:07Z,73.0,Charge 6
2025-11-12T17:38:09Z,74.0,Charge 6
2025-11-12T17:38:11Z,76.0,Charge 6
2025-11-12T17:38:13Z,78.0,Charge 6
2025-11-12T17:38:15Z,78.0,Charge 6
2025-11-12T17:38:17Z,77.0,Charge 6
2025-11-12T17:38:19Z,76.0,Charge 6
2025-11-12T17:38:21Z,74.0,Charge 6
2025-11-12T17:38:23Z,72.0,Charge 6
2025-11-12T17:38:25Z,72.0,Charge 6
2025-11-12T17:38:27Z,71.0,Charge 6
2025-11-12T17:38:30Z,71.0,Charge 6
2025-11-12T17:38:32Z,74.0,Charge 6
2025-11-12T17:38:34Z,75.0,Charge 6
2025-11-12T17:38:36Z,74.0,Charge 6
2025-11-12T17:38:38Z,75.0,Charge 6
2025-11-12T17:38:40Z,76.0,Charge 6
2025-11-12T17:38:42Z,77.0,Charge 6
2025-11-12T17:38:44Z,75.0,Charge 6
2025-11-12T17:38:46Z,72.0,Charge 6
2025-11-12T17:38:48Z,71.0,Charge 6
2025-11-12T17:38:50Z,70.0,Charge 6
2025-11-12T17:38:53Z,71.0,Charge 6
2025-11-12T17:38:56Z,71.0,Charge 6
2025-11-12T17:38:57Z,73.0,Charge 6
2025-11-12T17:38:59Z,74.0,Charge 6
2025-11-12T17:39:01Z,72.0,Charge 6
2025-11-12T17:39:04Z,72.0,Charge 6
2025-11-12T17:39:05Z,73.0,Charge 6
2025-11-12T17:39:08Z,73.0,Charge 6
2025-11-12T17:39:09Z,74.0,Charge 6
2025-11-12T17:39:11Z,73.0,Charge 6
2025-11-12T17:39:13Z,72.0,Charge 6
2025-11-12T17:39:15Z,73.0,Charge 6
2025-11-12T17:39:18Z,73.0,Charge 6
2025-11-12T17:39:21Z,73.0,Charge 6
2025-11-12T17:39:22Z,74.0,Charge 6
2025-11-12T17:39:25Z,74.0,Charge 6
2025-11-12T17:39:26Z,77.0,Charge 6
2025-11-12T17:39:29Z,77.0,Charge 6
2025-11-12T17:39:30Z,75.0,Charge 6
2025-11-12T17:39:33Z,75.0,Charge 6
2025-11-12T17:39:34Z,76.0,Charge 6
2025-11-12T17:39:36Z,75.0,Charge 6
2025-11-12T17:39:38Z,77.0,Charge 6
2025-11-12T17:39:40Z,76.0,Charge 6
2025-11-12T17:39:43Z,76.0,Charge 6
2025-11-12T17:39:46Z,76.0,Charge 6
2025-11-12T17:39:47Z,77.0,Charge 6
2025-11-12T17:39:49Z,78.0,Charge 6
2025-11-12T17:39:52Z,78.0,Charge 6
2025-11-12T17:39:53Z,77.0,Charge 6
2025-11-12T17:39:56Z,77.0,Charge 6
2025-11-12T17:39:59Z,76.0,Charge 6
2025-11-12T17:40:02Z,76.0,Charge 6
2025-11-12T17:40:03Z,80.0,Charge 6
2025-11-12T17:40:04Z,79.0,Charge 6
2025-11-12T17:40:06Z,77.0,Charge 6
2025-11-12T17:40:08Z,78.0,Charge 6
2025-11-12T17:40:11Z,78.0,Charge 6
2025-11-12T17:40:12Z,77.0,Charge 6
2025-11-12T17:40:14Z,75.0,Charge 6
2025-11-12T17:40:16Z,76.0,Charge 6
2025-11-12T17:40:18Z,78.0,Charge 6
2025-11-12T17:40:21Z,78.0,Charge 6
2025-11-12T17:40:22Z,79.0,Charge 6
2025-11-12T17:40:24Z,78.0,Charge 6
2025-11-12T17:40:27Z,78.0,Charge 6
2025-11-12T17:40:28Z,77.0,Charge 6
2025-11-12T17:40:29Z,80.0,Charge 6
2025-11-12T17:40:31Z,81.0,Charge 6
2025-11-12T17:40:33Z,80.0,Charge 6
2025-11-12T17:40:35Z,81.0,Charge 6
2025-11-12T17:40:37Z,82.0,Charge 6
2025-11-12T17:40:39Z,83.0,Charge 6
2025-11-12T17:40:41Z,85.0,Charge 6
2025-11-12T17:40:43Z,86.0,Charge 6
2025-11-12T17:40:46Z,86.0,Charge 6
2025-11-12T17:40:47Z,84.0,Charge 6
2025-11-12T17:40:49Z,83.0,Charge 6
2025-11-12T17:40:51Z,83.0,Charge 6
2025-11-12T17:40:52Z,83.0,Charge 6
2025-11-12T17:40:54Z,82.0,Charge 6
2025-11-12T17:40:56Z,81.0,Charge 6
2025-11-12T17:40:58Z,79.0,Charge 6
2025-11-12T17:41:00Z,79.0,Charge 6
2025-11-12T17:41:02Z,78.0,Charge 6
2025-11-12T17:41:04Z,77.0,Charge 6
2025-11-12T17:41:06Z,76.0,Charge 6
2025-11-12T17:41:08Z,74.0,Charge 6
2025-11-12T17:41:10Z,74.0,Charge 6
2025-11-12T17:41:12Z,73.0,Charge 6
2025-11-12T17:41:15Z,73.0,Charge 6
2025-11-12T17:41:16Z,73.0,Charge 6
2025-11-12T17:41:17Z,72.0,Charge 6
2025-11-12T17:41:20Z,72.0,Charge 6
2025-11-12T17:41:21Z,71.0,Charge 6
2025-11-12T17:41:23Z,70.0,Charge 6
2025-11-12T17:41:26Z,70.0,Charge 6
2025-11-12T17:41:29Z,69.0,Charge 6
2025-11-12T17:41:32Z,69.0,Charge 6
2025-11-12T17:41:33Z,70.0,Charge 6
2025-11-12T17:41:36Z,70.0,Charge 6
2025-11-12T17:41:37Z,70.0,Charge 6
2025-11-12T17:41:40Z,70.0,Charge 6
2025-11-12T17:41:43Z,70.0,Charge 6
2025-11-12T17:41:44Z,71.0,Charge 6
2025-11-12T17:41:46Z,72.0,Charge 6
2025-11-12T17:41:48Z,73.0,Charge 6
2025-11-12T17:41:50Z,75.0,Charge 6
2025-11-12T17:41:53Z,75.0,Charge 6
2025-11-12T17:41:54Z,77.0,Charge 6
2025-11-12T17:41:56Z,78.0,Charge 6
2025-11-12T17:41:58Z,77.0,Charge 6
2025-11-12T17:42:01Z,77.0,Charge 6
2025-11-12T17:42:04Z,76.0,Charge 6
2025-11-12T17:42:05Z,77.0,Charge 6
2025-11-12T17:42:08Z,77.0,Charge 6
2025-11-12T17:42:09Z,76.0,Charge 6
2025-11-12T17:42:12Z,76.0,Charge 6
2025-11-12T17:42:13Z,75.0,Charge 6
2025-11-12T17:42:15Z,74.0,Charge 6
2025-11-12T17:42:17Z,75.0,Charge 6
2025-11-12T17:42:20Z,75.0,Charge 6
2025-11-12T17:42:21Z,76.0,Charge 6
2025-11-12T17:42:24Z,76.0,Charge 6
2025-11-12T17:42:25Z,77.0,Charge 6
2025-11-12T17:42:28Z,77.0,Charge 6
2025-11-12T17:42:31Z,77.0,Charge 6
2025-11-12T17:42:32Z,75.0,Charge 6
2025-11-12T17:42:34Z,74.0,Charge 6
2025-11-12T17:42:37Z,74.0,Charge 6
2025-11-12T17:42:38Z,72.0,Charge 6
2025-11-12T17:42:41Z,72.0,Charge 6
2025-11-12T17:42:44Z,71.0,Charge 6
2025-11-12T17:42:47Z,71.0,Charge 6
2025-11-12T17:42:48Z,72.0,Charge 6
2025-11-12T17:42:50Z,71.0,Charge 6
2025-11-12T17:42:53Z,70.0,Charge 6
2025-11-12T17:42:55Z,70.0,Charge 6
2025-11-12T17:42:58Z,70.0,Charge 6
2025-11-12T17:42:59Z,71.0,Charge 6
2025-11-12T17:43:01Z,70.0,Charge 6
2025-11-12T17:43:04Z,70.0,Charge 6
2025-11-12T17:43:05Z,71.0,Charge 6
2025-11-12T17:43:07Z,70.0,Charge 6
2025-11-12T17:43:09Z,72.0,Charge 6
2025-11-12T17:43:11Z,73.0,Charge 6
2025-11-12T17:43:14Z,73.0,Charge 6
2025-11-12T17:43:15Z,71.0,Charge 6
2025-11-12T17:43:16Z,70.0,Charge 6
2025-11-12T17:43:18Z,70.0,Charge 6
2025-11-12T17:43:21Z,70.0,Charge 6
2025-11-12T17:43:24Z,72.0,Charge 6
2025-11-12T17:43:26Z,74.0,Charge 6
2025-11-12T17:43:29Z,74.0,Charge 6
2025-11-12T17:43:30Z,77.0,Charge 6
2025-11-12T17:43:32Z,78.0,Charge 6
2025-11-12T17:43:34Z,79.0,Charge 6
2025-11-12T17:43:37Z,79.0,Charge 6
2025-11-12T17:43:38Z,80.0,Charge 6
2025-11-12T17:43:40Z,86.0,Charge 6
2025-11-12T17:43:41Z,99.0,Charge 6
2025-11-12T17:43:43Z,104.0,Charge 6
2025-11-12T17:43:45Z,105.0,Charge 6
2025-11-12T17:43:47Z,109.0,Charge 6
2025-11-12T17:43:49Z,107.0,Charge 6
2025-11-12T17:43:51Z,104.0,Charge 6
2025-11-12T17:43:53Z,88.0,Charge 6
2025-11-12T17:43:55Z,85.0,Charge 6
2025-11-12T17:43:57Z,80.0,Charge 6
2025-11-12T17:44:00Z,80.0,Charge 6
2025-11-12T17:44:01Z,84.0,Charge 6
2025-11-12T17:44:03Z,80.0,Charge 6
2025-11-12T17:44:04Z,75.0,Charge 6
2025-11-12T17:44:06Z,73.0,Charge 6
2025-11-12T17:44:08Z,72.0,Charge 6
2025-11-12T17:44:10Z,73.0,Charge 6
2025-11-12T17:44:13Z,73.0,Charge 6
2025-11-12T17:44:14Z,71.0,Charge 6
2025-11-12T17:44:16Z,70.0,Charge 6
2025-11-12T17:44:19Z,70.0,Charge 6
2025-11-12T17:44:22Z,70.0,Charge 6
2025-11-12T17:44:25Z,70.0,Charge 6
2025-11-12T17:44:26Z,69.0,Charge 6
2025-11-12T17:44:28Z,68.0,Charge 6
2025-11-12T17:44:31Z,70.0,Charge 6
2025-11-12T17:44:33Z,70.0,Charge 6
2025-11-12T17:44:36Z,70.0,Charge 6
2025-11-12T17:44:39Z,71.0,Charge 6
2025-11-12T17:44:41Z,72.0,Charge 6
2025-11-12T17:44:43Z,72.0,Charge 6
2025-11-12T17:44:45Z,70.0,Charge 6
2025-11-12T17:44:47Z,69.0,Charge 6
2025-11-12T17:44:49Z,69.0,Charge 6
2025-11-12T17:44:51Z,68.0,Charge 6
2025-11-12T17:44:54Z,68.0,Charge 6
2025-11-12T17:44:56Z,67.0,Charge 6
2025-11-12T17:44:59Z,67.0,Charge 6
2025-11-12T17:45:00Z,67.0,Charge 6
2025-11-12T17:45:03Z,67.0,Charge 6
2025-11-12T17:45:06Z,67.0,Charge 6
2025-11-12T17:45:08Z,66.0,Charge 6
2025-11-12T17:45:11Z,66.0,Charge 6
2025-11-12T17:45:14Z,67.0,Charge 6
2025-11-12T17:45:16Z,68.0,Charge 6
2025-11-12T17:45:17Z,70.0,Charge 6
2025-11-12T17:45:19Z,71.0,Charge 6
2025-11-12T17:45:22Z,71.0,Charge 6
2025-11-12T17:45:25Z,70.0,Charge 6
2025-11-12T17:45:28Z,70.0,Charge 6
2025-11-12T17:45:29Z,71.0,Charge 6
2025-11-12T17:45:31Z,70.0,Charge 6
2025-11-12T17:45:33Z,69.0,Charge 6
2025-11-12T17:45:35Z,66.0,Charge 6
2025-11-12T17:45:37Z,64.0,Charge 6
2025-11-12T17:45:40Z,63.0,Charge 6
2025-11-12T17:45:42Z,65.0,Charge 6
2025-11-12T17:45:44Z,66.0,Charge 6
2025-11-12T17:45:46Z,65.0,Charge 6
2025-11-12T17:45:49Z,65.0,Charge 6
2025-11-12T17:45:52Z,65.0,Charge 6
2025-11-12T17:45:54Z,67.0,Charge 6
2025-11-12T17:45:56Z,68.0,Charge 6
2025-11-12T17:45:59Z,68.0,Charge 6
2025-11-12T17:46:02Z,67.0,Charge 6
2025-11-12T17:46:05Z,67.0,Charge 6
2025-11-12T17:46:07Z,69.0,Charge 6
2025-11-12T17:46:09Z,70.0,Charge 6
2025-11-12T17:46:11Z,69.0,Charge 6
2025-11-12T17:46:13Z,68.0,Charge 6
2025-11-12T17:46:16Z,68.0,Charge 6
2025-11-12T17:46:17Z,67.0,Charge 6
2025-11-12T17:46:20Z,67.0,Charge 6
2025-11-12T17:46:21Z,68.0,Charge 6
2025-11-12T17:46:23Z,69.0,Charge 6
2025-11-12T17:46:25Z,71.0,Charge 6
2025-11-12T17:46:27Z,70.0,Charge 6
2025-11-12T17:46:30Z,72.0,Charge 6
2025-11-12T17:46:33Z,72.0,Charge 6
2025-11-12T17:46:36Z,71.0,Charge 6
2025-11-12T17:46:38Z,68.0,Charge 6
2025-11-12T17:46:40Z,69.0,Charge 6
2025-11-12T17:46:43Z,69.0,Charge 6
2025-11-12T17:46:46Z,68.0,Charge 6
2025-11-12T17:46:48Z,67.0,Charge 6
2025-11-12T17:46:50Z,68.0,Charge 6
2025-11-12T17:46:52Z,68.0,Charge 6
2025-11-12T17:46:55Z,69.0,Charge 6
2025-11-12T17:46:58Z,69.0,Charge 6
2025-11-12T17:47:01Z,69.0,Charge 6
2025-11-12T17:47:03Z,69.0,Charge 6
2025-11-12T17:47:06Z,69.0,Charge 6
2025-11-12T17:47:07Z,70.0,Charge 6
2025-11-12T17:47:10Z,70.0,Charge 6
2025-11-12T17:47:13Z,69.0,Charge 6
2025-11-12T17:47:16Z,70.0,Charge 6
2025-11-12T17:47:18Z,71.0,Charge 6
2025-11-12T17:47:20Z,74.0,Charge 6
2025-11-12T17:47:22Z,79.0,Charge 6
2025-11-12T17:47:24Z,81.0,Charge 6
2025-11-12T17:47:27Z,81.0,Charge 6
2025-11-12T17:47:28Z,78.0,Charge 6
2025-11-12T17:47:30Z,76.0,Charge 6
2025-11-12T17:47:32Z,76.0,Charge 6
2025-11-12T17:47:34Z,73.0,Charge 6
2025-11-12T17:47:37Z,73.0,Charge 6
2025-11-12T17:47:38Z,72.0,Charge 6
2025-11-12T17:47:40Z,70.0,Charge 6
2025-11-12T17:47:43Z,70.0,Charge 6
2025-11-12T17:47:46Z,70.0,Charge 6
2025-11-12T17:47:49Z,70.0,Charge 6
2025-11-12T17:47:51Z,70.0,Charge 6
2025-11-12T17:47:54Z,70.0,Charge 6
2025-11-12T17:47:57Z,72.0,Charge 6
2025-11-12T17:47:59Z,73.0,Charge 6
2025-11-12T17:48:01Z,74.0,Charge 6
2025-11-12T17:48:03Z,73.0,Charge 6
2025-11-12T17:48:04Z,74.0,Charge 6
2025-11-12T17:48:06Z,76.0,Charge 6
2025-11-12T17:48:08Z,77.0,Charge 6
2025-11-12T17:48:10Z,78.0,Charge 6
2025-11-12T17:48:13Z,78.0,Charge 6
2025-11-12T17:48:14Z,78.0,Charge 6
2025-11-12T17:48:17Z,78.0,Charge 6
2025-11-12T17:48:18Z,76.0,Charge 6
2025-11-12T17:48:20Z,74.0,Charge 6
2025-11-12T17:48:22Z,73.0,Charge 6
2025-11-12T17:48:24Z,74.0,Charge 6
2025-11-12T17:48:26Z,77.0,Charge 6
2025-11-12T17:48:28Z,78.0,Charge 6
2025-11-12T17:48:29Z,79.0,Charge 6
2025-11-12T17:48:31Z,80.0,Charge 6
2025-11-12T17:48:33Z,77.0,Charge 6
2025-11-12T17:48:35Z,76.0,Charge 6
2025-11-12T17:48:37Z,77.0,Charge 6
2025-11-12T17:48:39Z,76.0,Charge 6
2025-11-12T17:48:41Z,74.0,Charge 6
2025-11-12T17:48:43Z,75.0,Charge 6
2025-11-12T17:48:45Z,76.0,Charge 6
2025-11-12T17:48:48Z,76.0,Charge 6
2025-11-12T17:48:51Z,75.0,Charge 6
2025-11-12T17:48:52Z,74.0,Charge 6
2025-11-12T17:48:54Z,72.0,Charge 6
2025-11-12T17:48:57Z,72.0,Charge 6
2025-11-12T17:48:58Z,70.0,Charge 6
2025-11-12T17:49:00Z,69.0,Charge 6
2025-11-12T17:49:03Z,69.0,Charge 6
2025-11-12T17:49:06Z,70.0,Charge 6
2025-11-12T17:49:09Z,70.0,Charge 6
2025-11-12T17:49:10Z,69.0,Charge 6
2025-11-12T17:49:13Z,69.0,Charge 6
2025-11-12T17:49:14Z,69.0,Charge 6
2025-11-12T17:49:16Z,70.0,Charge 6
2025-11-12T17:49:17Z,72.0,Charge 6
2025-11-12T17:49:20Z,72.0,Charge 6
2025-11-12T17:49:21Z,71.0,Charge 6
2025-11-12T17:49:23Z,72.0,Charge 6
2025-11-12T17:49:26Z,72.0,Charge 6
2025-11-12T17:49:27Z,72.0,Charge 6
2025-11-12T17:49:30Z,72.0,Charge 6
2025-11-12T17:49:33Z,72.0,Charge 6
2025-11-12T17:49:36Z,72.0,Charge 6
2025-11-12T17:49:37Z,73.0,Charge 6
2025-11-12T17:49:39Z,74.0,Charge 6
2025-11-12T17:49:40Z,73.0,Charge 6
2025-11-12T17:49:42Z,72.0,Charge 6
2025-11-12T17:49:44Z,73.0,Charge 6
2025-11-12T17:49:46Z,74.0,Charge 6
2025-11-12T17:49:49Z,74.0,Charge 6
2025-11-12T17:49:52Z,74.0,Charge 6
2025-11-12T17:49:55Z,74.0,Charge 6
2025-11-12T17:49:58Z,74.0,Charge 6
2025-11-12T17:50:01Z,74.0,Charge 6
2025-11-12T17:50:04Z,74.0,Charge 6
2025-11-12T17:50:07Z,75.0,Charge 6
2025-11-12T17:50:10Z,75.0,Charge 6
2025-11-12T17:50:11Z,76.0,Charge 6
2025-11-12T17:50:13Z,74.0,Charge 6
2025-11-12T17:50:16Z,74.0,Charge 6
2025-11-12T17:50:19Z,74.0,Charge 6
2025-11-12T17:50:21Z,75.0,Charge 6
2025-11-12T17:50:24Z,75.0,Charge 6
2025-11-12T17:50:25Z,74.0,Charge 6
2025-11-12T17:50:27Z,72.0,Charge 6
2025-11-12T17:50:30Z,72.0,Charge 6
2025-11-12T17:50:32Z,73.0,Charge 6
2025-11-12T17:50:35Z,73.0,Charge 6
2025-11-12T17:50:36Z,74.0,Charge 6
2025-11-12T17:50:38Z,79.0,Charge 6
2025-11-12T17:50:40Z,81.0,Charge 6
2025-11-12T17:50:42Z,86.0,Charge 6
2025-11-12T17:50:44Z,89.0,Charge 6
2025-11-12T17:50:46Z,91.0,Charge 6
2025-11-12T17:50:48Z,90.0,Charge 6
2025-11-12T17:50:50Z,88.0,Charge 6
2025-11-12T17:50:52Z,84.0,Charge 6
2025-11-12T17:50:53Z,79.0,Charge 6
2025-11-12T17:50:55Z,77.0,Charge 6
2025-11-12T17:50:57Z,75.0,Charge 6
2025-11-12T17:50:59Z,74.0,Charge 6
2025-11-12T17:51:01Z,73.0,Charge 6
2025-11-12T17:51:03Z,72.0,Charge 6
2025-11-12T17:51:06Z,72.0,Charge 6
2025-11-12T17:51:07Z,72.0,Charge 6
2025-11-12T17:51:09Z,72.0,Charge 6
2025-11-12T17:51:11Z,74.0,Charge 6
2025-11-12T17:51:13Z,76.0,Charge 6
2025-11-12T17:51:15Z,75.0,Charge 6
2025-11-12T17:51:16Z,74.0,Charge 6
2025-11-12T17:51:19Z,74.0,Charge 6
2025-11-12T17:51:20Z,75.0,Charge 6
2025-11-12T17:51:22Z,76.0,Charge 6
2025-11-12T17:51:25Z,76.0,Charge 6
2025-11-12T17:51:26Z,74.0,Charge 6
2025-11-12T17:51:28Z,73.0,Charge 6
2025-11-12T17:51:31Z,73.0,Charge 6
2025-11-12T17:51:32Z,74.0,Charge 6
2025-11-12T17:51:35Z,74.0,Charge 6
2025-11-12T17:51:38Z,73.0,Charge 6
2025-11-12T17:51:40Z,72.0,Charge 6
2025-11-12T17:51:43Z,70.0,Charge 6
2025-11-12T17:51:46Z,70.0,Charge 6
2025-11-12T17:51:47Z,69.0,Charge 6
2025-11-12T17:51:50Z,69.0,Charge 6
2025-11-12T17:51:51Z,71.0,Charge 6
2025-11-12T17:51:53Z,73.0,Charge 6
2025-11-12T17:51:55Z,72.0,Charge 6
2025-11-12T17:51:58Z,72.0,Charge 6
2025-11-12T17:51:59Z,71.0,Charge 6
2025-11-12T17:52:02Z,71.0,Charge 6
2025-11-12T17:52:03Z,72.0,Charge 6
2025-11-12T17:52:06Z,72.0,Charge 6
2025-11-12T17:52:09Z,72.0,Charge 6
2025-11-12T17:52:12Z,72.0,Charge 6
2025-11-12T17:52:14Z,72.0,Charge 6
2025-11-12T17:52:16Z,71.0,Charge 6
2025-11-12T17:52:19Z,71.0,Charge 6
2025-11-12T17:52:20Z,70.0,Charge 6
2025-11-12T17:52:23Z,70.0,Charge 6
2025-11-12T17:52:24Z,70.0,Charge 6
2025-11-12T17:52:26Z,70.0,Charge 6
2025-11-12T17:52:28Z,71.0,Charge 6
2025-11-12T17:52:29Z,72.0,Charge 6
2025-11-12T17:52:32Z,72.0,Charge 6
2025-11-12T17:52:35Z,72.0,Charge 6
2025-11-12T17:52:38Z,72.0,Charge 6
2025-11-12T17:52:39Z,72.0,Charge 6
2025-11-12T17:52:41Z,72.0,Charge 6
2025-11-12T17:52:44Z,72.0,Charge 6
2025-11-12T17:52:45Z,73.0,Charge 6
2025-11-12T17:52:48Z,73.0,Charge 6
2025-11-12T17:52:49Z,74.0,Charge 6
2025-11-12T17:52:50Z,74.0,Charge 6
2025-11-12T17:52:52Z,74.0,Charge 6
2025-11-12T17:52:55Z,74.0,Charge 6
2025-11-12T17:52:56Z,73.0,Charge 6
2025-11-12T17:52:58Z,74.0,Charge 6
2025-11-12T17:53:00Z,76.0,Charge 6
2025-11-12T17:53:02Z,75.0,Charge 6
2025-11-12T17:53:04Z,76.0,Charge 6
2025-11-12T17:53:05Z,76.0,Charge 6
2025-11-12T17:53:08Z,76.0,Charge 6
2025-11-12T17:53:09Z,75.0,Charge 6
2025-11-12T17:53:11Z,74.0,Charge 6
2025-11-12T17:53:13Z,73.0,Charge 6
2025-11-12T17:53:15Z,74.0,Charge 6
2025-11-12T17:53:17Z,73.0,Charge 6
2025-11-12T17:53:19Z,72.0,Charge 6
2025-11-12T17:53:22Z,72.0,Charge 6
2025-11-12T17:53:25Z,71.0,Charge 6
2025-11-12T17:53:28Z,71.0,Charge 6
2025-11-12T17:53:30Z,72.0,Charge 6
2025-11-12T17:53:33Z,72.0,Charge 6
2025-11-12T17:53:34Z,72.0,Charge 6
2025-11-12T17:53:37Z,72.0,Charge 6
2025-11-12T17:53:38Z,74.0,Charge 6
2025-11-12T17:53:41Z,74.0,Charge 6
2025-11-12T17:53:42Z,75.0,Charge 6
2025-11-12T17:53:44Z,74.0,Charge 6
2025-11-12T17:53:46Z,74.0,Charge 6
2025-11-12T17:53:49Z,74.0,Charge 6
2025-11-12T17:53:52Z,74.0,Charge 6
2025-11-12T17:53:53Z,72.0,Charge 6
2025-11-12T17:53:55Z,70.0,Charge 6
2025-11-12T17:53:57Z,69.0,Charge 6
2025-11-12T17:54:00Z,69.0,Charge 6
2025-11-12T17:54:03Z,68.0,Charge 6
2025-11-12T17:54:06Z,68.0,Charge 6
2025-11-12T17:54:09Z,68.0,Charge 6
2025-11-12T17:54:11Z,69.0,Charge 6
2025-11-12T17:54:13Z,68.0,Charge 6
2025-11-12T17:54:16Z,68.0,Charge 6
2025-11-12T17:54:18Z,68.0,Charge 6
2025-11-12T17:54:21Z,68.0,Charge 6
2025-11-12T17:54:22Z,68.0,Charge 6
2025-11-12T17:54:24Z,66.0,Charge 6
2025-11-12T17:54:26Z,66.0,Charge 6
2025-11-12T17:54:28Z,67.0,Charge 6
2025-11-12T17:54:31Z,67.0,Charge 6
2025-11-12T17:54:32Z,68.0,Charge 6
2025-11-12T17:54:34Z,68.0,Charge 6
2025-11-12T17:54:37Z,68.0,Charge 6
2025-11-12T17:54:40Z,68.0,Charge 6
2025-11-12T17:54:41Z,70.0,Charge 6
2025-11-12T17:54:43Z,71.0,Charge 6
2025-11-12T17:54:46Z,71.0,Charge 6
2025-11-12T17:54:47Z,72.0,Charge 6
2025-11-12T17:54:50Z,72.0,Charge 6
2025-11-12T17:54:53Z,72.0,Charge 6
2025-11-12T17:54:55Z,71.0,Charge 6
2025-11-12T17:54:58Z,71.0,Charge 6
2025-11-12T17:54:59Z,70.0,Charge 6
2025-11-12T17:55:02Z,70.0,Charge 6
2025-11-12T17:55:04Z,71.0,Charge 6
2025-11-12T17:55:06Z,73.0,Charge 6
2025-11-12T17:55:08Z,71.0,Charge 6
2025-11-12T17:55:10Z,70.0,Charge 6
2025-11-12T17:55:12Z,69.0,Charge 6
2025-11-12T17:55:14Z,68.0,Charge 6
2025-11-12T17:55:16Z,70.0,Charge 6
2025-11-12T17:55:19Z,70.0,Charge 6
2025-11-12T17:55:22Z,69.0,Charge 6
2025-11-12T17:55:24Z,69.0,Charge 6
2025-11-12T17:55:26Z,70.0,Charge 6
2025-11-12T17:55:28Z,71.0,Charge 6
2025-11-12T17:55:29Z,72.0,Charge 6
2025-11-12T17:55:32Z,72.0,Charge 6
2025-11-12T17:55:33Z,71.0,Charge 6
2025-11-12T17:55:35Z,70.0,Charge 6
2025-11-12T17:55:38Z,70.0,Charge 6
2025-11-12T17:55:41Z,71.0,Charge 6
2025-11-12T17:55:43Z,72.0,Charge 6
2025-11-12T17:55:46Z,72.0,Charge 6
2025-11-12T17:55:47Z,71.0,Charge 6
2025-11-12T17:55:49Z,70.0,Charge 6
2025-11-12T17:55:51Z,69.0,Charge 6
2025-11-12T17:55:54Z,69.0,Charge 6
2025-11-12T17:55:56Z,76.0,Charge 6
2025-11-12T17:55:58Z,89.0,Charge 6
2025-11-12T17:56:01Z,89.0,Charge 6
2025-11-12T17:56:02Z,92.0,Charge 6
2025-11-12T17:56:04Z,93.0,Charge 6
2025-11-12T17:56:06Z,95.0,Charge 6
2025-11-12T17:56:09Z,95.0,Charge 6
2025-11-12T17:56:10Z,94.0,Charge 6
2025-11-12T17:56:12Z,97.0,Charge 6
2025-11-12T17:56:14Z,93.0,Charge 6
2025-11-12T17:56:16Z,91.0,Charge 6
2025-11-12T17:56:17Z,92.0,Charge 6
2025-11-12T17:56:19Z,93.0,Charge 6
2025-11-12T17:56:22Z,93.0,Charge 6
2025-11-12T17:56:25Z,94.0,Charge 6
2025-11-12T17:56:27Z,95.0,Charge 6
2025-11-12T17:56:29Z,95.0,Charge 6
2025-11-12T17:56:32Z,95.0,Charge 6
2025-11-12T17:56:33Z,97.0,Charge 6
2025-11-12T17:56:36Z,97.0,Charge 6
2025-11-12T17:56:37Z,96.0,Charge 6
2025-11-12T17:56:39Z,99.0,Charge 6
2025-11-12T17:56:40Z,104.0,Charge 6
2025-11-12T17:56:42Z,106.0,Charge 6
2025-11-12T17:56:45Z,106.0,Charge 6
2025-11-12T17:56:48Z,105.0,Charge 6
2025-11-12T17:56:50Z,103.0,Charge 6
2025-11-12T17:56:52Z,98.0,Charge 6
2025-11-12T17:56:54Z,97.0,Charge 6
2025-11-12T17:56:56Z,96.0,Charge 6
2025-11-12T17:56:58Z,94.0,Charge 6
2025-11-12T17:57:00Z,93.0,Charge 6
2025-11-12T17:57:02Z,92.0,Charge 6
2025-11-12T17:57:04Z,90.0,Charge 6
2025-11-12T17:57:07Z,93.0,Charge 6
2025-11-12T17:57:09Z,94.0,Charge 6
2025-11-12T17:57:12Z,94.0,Charge 6
2025-11-12T17:57:13Z,92.0,Charge 6
2025-11-12T17:57:15Z,92.0,Charge 6
2025-11-12T17:57:17Z,90.0,Charge 6
2025-11-12T17:57:19Z,86.0,Charge 6
2025-11-12T17:57:21Z,84.0,Charge 6
2025-11-12T17:57:23Z,86.0,Charge 6
2025-11-12T17:57:25Z,85.0,Charge 6
2025-11-12T17:57:27Z,86.0,Charge 6
2025-11-12T17:57:28Z,84.0,Charge 6
2025-11-12T17:57:30Z,82.0,Charge 6
2025-11-12T17:57:32Z,80.0,Charge 6
2025-11-12T17:57:34Z,79.0,Charge 6
2025-11-12T17:57:36Z,77.0,Charge 6
2025-11-12T17:57:39Z,77.0,Charge 6
2025-11-12T17:57:42Z,76.0,Charge 6
2025-11-12T17:57:45Z,76.0,Charge 6
2025-11-12T17:57:46Z,75.0,Charge 6
2025-11-12T17:57:48Z,74.0,Charge 6
2025-11-12T17:57:51Z,74.0,Charge 6
2025-11-12T17:57:52Z,73.0,Charge 6
2025-11-12T17:57:55Z,72.0,Charge 6
2025-11-12T17:57:58Z,72.0,Charge 6
2025-11-12T17:57:59Z,72.0,Charge 6
2025-11-12T17:58:01Z,73.0,Charge 6
2025-11-12T17:58:03Z,74.0,Charge 6
2025-11-12T17:58:05Z,76.0,Charge 6
2025-11-12T17:58:08Z,76.0,Charge 6
2025-11-12T17:58:09Z,77.0,Charge 6
2025-11-12T17:58:12Z,77.0,Charge 6
2025-11-12T17:58:15Z,78.0,Charge 6
2025-11-12T17:58:16Z,80.0,Charge 6
2025-11-12T17:58:19Z,80.0,Charge 6
2025-11-12T17:58:20Z,76.0,Charge 6
2025-11-12T17:58:22Z,75.0,Charge 6
2025-11-12T17:58:24Z,71.0,Charge 6
2025-11-12T17:58:26Z,70.0,Charge 6
2025-11-12T17:58:28Z,70.0,Charge 6
2025-11-12T17:58:31Z,70.0,Charge 6
2025-11-12T17:58:32Z,72.0,Charge 6
2025-11-12T17:58:35Z,72.0,Charge 6
2025-11-12T17:58:38Z,71.0,Charge 6
2025-11-12T17:58:40Z,71.0,Charge 6
2025-11-12T17:58:43Z,71.0,Charge 6
2025-11-12T17:58:45Z,71.0,Charge 6
2025-11-12T17:58:48Z,71.0,Charge 6
2025-11-12T17:58:51Z,72.0,Charge 6
2025-11-12T17:58:53Z,71.0,Charge 6
2025-11-12T17:58:55Z,72.0,Charge 6
2025-11-12T17:58:58Z,72.0,Charge 6
2025-11-12T17:58:59Z,72.0,Charge 6
2025-11-12T17:59:02Z,72.0,Charge 6
2025-11-12T17:59:05Z,72.0,Charge 6
2025-11-12T17:59:06Z,72.0,Charge 6
2025-11-12T17:59:09Z,72.0,Charge 6
2025-11-12T17:59:10Z,72.0,Charge 6
2025-11-12T17:59:13Z,72.0,Charge 6
2025-11-12T17:59:16Z,72.0,Charge 6
2025-11-12T17:59:19Z,72.0,Charge 6
2025-11-12T17:59:22Z,72.0,Charge 6
2025-11-12T17:59:25Z,72.0,Charge 6
2025-11-12T17:59:26Z,72.0,Charge 6
2025-11-12T17:59:28Z,73.0,Charge 6
2025-11-12T17:59:31Z,73.0,Charge 6
2025-11-12T17:59:33Z,72.0,Charge 6
2025-11-12T17:59:36Z,72.0,Charge 6
2025-11-12T17:59:37Z,74.0,Charge 6
2025-11-12T17:59:40Z,74.0,Charge 6
2025-11-12T17:59:43Z,74.0,Charge 6
2025-11-12T17:59:45Z,72.0,Charge 6
2025-11-12T17:59:48Z,72.0,Charge 6
2025-11-12T17:59:51Z,72.0,Charge 6
2025-11-12T17:59:54Z,74.0,Charge 6
2025-11-12T17:59:56Z,74.0,Charge 6
2025-11-12T17:59:58Z,76.0,Charge 6
2025-11-12T18:00:00Z,75.0,Charge 6
2025-11-12T18:00:02Z,74.0,Charge 6
2025-11-12T18:00:04Z,72.0,Charge 6
2025-11-12T18:00:06Z,71.0,Charge 6
2025-11-12T18:00:09Z,71.0,Charge 6
2025-11-12T18:00:10Z,72.0,Charge 6
2025-11-12T18:00:12Z,73.0,Charge 6
2025-11-12T18:00:14Z,74.0,Charge 6
2025-11-12T18:00:16Z,73.0,Charge 6
2025-11-12T18:00:17Z,73.0,Charge 6
2025-11-12T18:00:19Z,74.0,Charge 6
2025-11-12T18:00:21Z,73.0,Charge 6
2025-11-12T18:00:23Z,72.0,Charge 6
2025-11-12T18:00:25Z,71.0,Charge 6
2025-11-12T18:00:27Z,69.0,Charge 6
2025-11-12T18:00:30Z,69.0,Charge 6
2025-11-12T18:00:31Z,70.0,Charge 6
2025-11-12T18:00:34Z,70.0,Charge 6
2025-11-12T18:00:35Z,71.0,Charge 6
2025-11-12T18:00:37Z,72.0,Charge 6
2025-11-12T18:00:40Z,74.0,Charge 6
2025-11-12T18:00:43Z,74.0,Charge 6
2025-11-12T18:00:44Z,75.0,Charge 6
2025-11-12T18:00:46Z,74.0,Charge 6
2025-11-12T18:00:48Z,73.0,Charge 6
2025-11-12T18:00:51Z,73.0,Charge 6
2025-11-12T18:00:52Z,74.0,Charge 6
2025-11-12T18:00:55Z,74.0,Charge 6
2025-11-12T18:00:58Z,73.0,Charge 6
2025-11-12T18:01:00Z,72.0,Charge 6
2025-11-12T18:01:02Z,71.0,Charge 6
2025-11-12T18:01:04Z,70.0,Charge 6
2025-11-12T18:01:05Z,71.0,Charge 6
2025-11-12T18:01:07Z,72.0,Charge 6
2025-11-12T18:01:10Z,72.0,Charge 6
2025-11-12T18:01:11Z,71.0,Charge 6
2025-11-12T18:01:13Z,70.0,Charge 6
2025-11-12T18:01:15Z,71.0,Charge 6
2025-11-12T18:01:17Z,70.0,Charge 6
2025-11-12T18:01:20Z,70.0,Charge 6
2025-11-12T18:01:21Z,69.0,Charge 6
2025-11-12T18:01:24Z,69.0,Charge 6
2025-11-12T18:01:25Z,70.0,Charge 6
2025-11-12T18:01:28Z,70.0,Charge 6
2025-11-12T18:01:30Z,69.0,Charge 6
2025-11-12T18:01:33Z,69.0,Charge 6
2025-11-12T18:01:34Z,68.0,Charge 6
2025-11-12T18:01:37Z,68.0,Charge 6
2025-11-12T18:01:38Z,70.0,Charge 6
2025-11-12T18:01:41Z,70.0,Charge 6
2025-11-12T18:01:44Z,71.0,Charge 6
2025-11-12T18:01:47Z,71.0,Charge 6
2025-11-12T18:01:48Z,71.0,Charge 6
2025-11-12T18:01:50Z,71.0,Charge 6
2025-11-12T18:01:53Z,72.0,Charge 6
2025-11-12T18:01:56Z,72.0,Charge 6
2025-11-12T18:01:59Z,72.0,Charge 6
2025-11-12T18:02:01Z,70.0,Charge 6
2025-11-12T18:02:04Z,70.0,Charge 6
2025-11-12T18:02:07Z,70.0,Charge 6
2025-11-12T18:02:09Z,71.0,Charge 6
2025-11-12T18:02:11Z,72.0,Charge 6
2025-11-12T18:02:13Z,72.0,Charge 6
2025-11-12T18:02:16Z,72.0,Charge 6
2025-11-12T18:02:19Z,72.0,Charge 6
2025-11-12T18:02:20Z,76.0,Charge 6
2025-11-12T18:02:22Z,77.0,Charge 6
2025-11-12T18:02:24Z,75.0,Charge 6
2025-11-12T18:02:26Z,74.0,Charge 6
2025-11-12T18:02:28Z,72.0,Charge 6
2025-11-12T18:02:30Z,73.0,Charge 6
2025-11-12T18:02:32Z,74.0,Charge 6
2025-11-12T18:02:34Z,74.0,Charge 6
2025-11-12T18:02:36Z,73.0,Charge 6
2025-11-12T18:02:38Z,72.0,Charge 6
2025-11-12T18:02:40Z,71.0,Charge 6
2025-11-12T18:02:41Z,70.0,Charge 6
2025-11-12T18:02:43Z,69.0,Charge 6
2025-11-12T18:02:46Z,69.0,Charge 6
2025-11-12T18:02:49Z,68.0,Charge 6
2025-11-12T18:02:52Z,68.0,Charge 6
2025-11-12T18:02:55Z,68.0,Charge 6
2025-11-12T18:02:57Z,67.0,Charge 6
2025-11-12T18:02:59Z,67.0,Charge 6
2025-11-12T18:03:01Z,68.0,Charge 6
2025-11-12T18:03:03Z,70.0,Charge 6
2025-11-12T18:03:04Z,72.0,Charge 6
2025-11-12T18:03:06Z,75.0,Charge 6
2025-11-12T18:03:08Z,78.0,Charge 6
2025-11-12T18:03:10Z,92.0,Charge 6
2025-11-12T18:03:12Z,98.0,Charge 6
2025-11-12T18:03:14Z,97.0,Charge 6
2025-11-12T18:03:16Z,98.0,Charge 6
2025-11-12T18:03:18Z,95.0,Charge 6
2025-11-12T18:03:20Z,96.0,Charge 6
2025-11-12T18:03:22Z,89.0,Charge 6
2025-11-12T18:03:24Z,85.0,Charge 6
2025-11-12T18:03:27Z,85.0,Charge 6
2025-11-12T18:03:28Z,86.0,Charge 6
2025-11-12T18:03:29Z,88.0,Charge 6
2025-11-12T18:03:31Z,89.0,Charge 6
2025-11-12T18:03:33Z,88.0,Charge 6
2025-11-12T18:03:35Z,86.0,Charge 6
2025-11-12T18:03:37Z,88.0,Charge 6
2025-11-12T18:03:39Z,85.0,Charge 6
2025-11-12T18:03:41Z,83.0,Charge 6
2025-11-12T18:03:43Z,82.0,Charge 6
2025-11-12T18:03:45Z,79.0,Charge 6
2025-11-12T18:03:47Z,80.0,Charge 6
2025-11-12T18:03:49Z,81.0,Charge 6
2025-11-12T18:03:51Z,78.0,Charge 6
2025-11-12T18:03:52Z,77.0,Charge 6
2025-11-12T18:03:54Z,75.0,Charge 6
2025-11-12T18:03:56Z,73.0,Charge 6
2025-11-12T18:03:58Z,73.0,Charge 6
2025-11-12T18:04:01Z,73.0,Charge 6
2025-11-12T18:04:02Z,72.0,Charge 6
2025-11-12T18:04:04Z,71.0,Charge 6
2025-11-12T18:04:06Z,70.0,Charge 6
2025-11-12T18:04:09Z,70.0,Charge 6
2025-11-12T18:04:10Z,71.0,Charge 6
2025-11-12T18:04:12Z,72.0,Charge 6
2025-11-12T18:04:15Z,72.0,Charge 6
2025-11-12T18:04:16Z,70.0,Charge 6
2025-11-12T18:04:17Z,70.0,Charge 6
2025-11-12T18:04:20Z,70.0,Charge 6
2025-11-12T18:04:21Z,71.0,Charge 6
2025-11-12T18:04:24Z,71.0,Charge 6
2025-11-12T18:04:27Z,71.0,Charge 6
2025-11-12T18:04:29Z,73.0,Charge 6
2025-11-12T18:04:31Z,74.0,Charge 6
2025-11-12T18:04:33Z,75.0,Charge 6
2025-11-12T18:04:35Z,76.0,Charge 6
2025-11-12T18:04:37Z,77.0,Charge 6
2025-11-12T18:04:40Z,76.0,Charge 6
2025-11-12T18:04:42Z,75.0,Charge 6
2025-11-12T18:04:45Z,75.0,Charge 6
2025-11-12T18:04:48Z,72.0,Charge 6
2025-11-12T18:04:51Z,72.0,Charge 6
2025-11-12T18:04:52Z,73.0,Charge 6
2025-11-12T18:04:54Z,74.0,Charge 6
2025-11-12T18:04:56Z,78.0,Charge 6
2025-11-12T18:04:59Z,78.0,Charge 6
2025-11-12T18:05:00Z,72.0,Charge 6
2025-11-12T18:05:02Z,71.0,Charge 6
2025-11-12T18:05:04Z,69.0,Charge 6
2025-11-12T18:05:05Z,68.0,Charge 6
2025-11-12T18:05:07Z,69.0,Charge 6
2025-11-12T18:05:10Z,69.0,Charge 6
2025-11-12T18:05:11Z,67.0,Charge 6
2025-11-12T18:05:14Z,67.0,Charge 6
2025-11-12T18:05:15Z,67.0,Charge 6
2025-11-12T18:05:17Z,66.0,Charge 6
2025-11-12T18:05:19Z,66.0,Charge 6
2025-11-12T18:05:22Z,66.0,Charge 6
2025-11-12T18:05:23Z,68.0,Charge 6
2025-11-12T18:05:25Z,70.0,Charge 6
2025-11-12T18:05:28Z,71.0,Charge 6
2025-11-12T18:05:30Z,70.0,Charge 6
2025-11-12T18:05:32Z,68.0,Charge 6
2025-11-12T18:05:34Z,70.0,Charge 6
2025-11-12T18:05:36Z,72.0,Charge 6
2025-11-12T18:05:39Z,72.0,Charge 6
2025-11-12T18:05:40Z,71.0,Charge 6
2025-11-12T18:05:42Z,70.0,Charge 6
2025-11-12T18:05:44Z,69.0,Charge 6
2025-11-12T18:05:46Z,69.0,Charge 6
2025-11-12T18:05:49Z,69.0,Charge 6
2025-11-12T18:05:50Z,70.0,Charge 6
2025-11-12T18:05:53Z,70.0,Charge 6
2025-11-12T18:05:55Z,71.0,Charge 6
2025-11-12T18:05:57Z,72.0,Charge 6
2025-11-12T18:06:00Z,72.0,Charge 6
2025-11-12T18:06:01Z,73.0,Charge 6
2025-11-12T18:06:03Z,72.0,Charge 6
2025-11-12T18:06:05Z,71.0,Charge 6
2025-11-12T18:06:07Z,70.0,Charge 6
2025-11-12T18:06:10Z,70.0,Charge 6
2025-11-12T18:06:13Z,70.0,Charge 6
2025-11-12T18:06:15Z,72.0,Charge 6
2025-11-12T18:06:16Z,73.0,Charge 6
2025-11-12T18:06:18Z,72.0,Charge 6
2025-11-12T18:06:21Z,72.0,Charge 6
2025-11-12T18:06:22Z,71.0,Charge 6
2025-11-12T18:06:24Z,70.0,Charge 6
2025-11-12T18:06:27Z,70.0,Charge 6
2025-11-12T18:06:28Z,69.0,Charge 6
2025-11-12T18:06:30Z,68.0,Charge 6
2025-11-12T18:06:32Z,68.0,Charge 6
2025-11-12T18:06:34Z,68.0,Charge 6
2025-11-12T18:06:37Z,68.0,Charge 6
2025-11-12T18:06:40Z,68.0,Charge 6
2025-11-12T18:06:43Z,68.0,Charge 6
2025-11-12T18:06:46Z,68.0,Charge 6
2025-11-12T18:06:49Z,68.0,Charge 6
2025-11-12T18:06:52Z,68.0,Charge 6
2025-11-12T18:06:53Z,69.0,Charge 6
2025-11-12T18:06:55Z,70.0,Charge 6
2025-11-12T18:06:57Z,69.0,Charge 6
2025-11-12T18:06:59Z,68.0,Charge 6
2025-11-12T18:07:01Z,69.0,Charge 6
2025-11-12T18:07:03Z,70.0,Charge 6
2025-11-12T18:07:06Z,68.0,Charge 6
2025-11-12T18:07:09Z,68.0,Charge 6
2025-11-12T18:07:10Z,70.0,Charge 6
2025-11-12T18:07:12Z,71.0,Charge 6
2025-11-12T18:07:15Z,71.0,Charge 6
2025-11-12T18:07:16Z,69.0,Charge 6
2025-11-12T18:07:18Z,68.0,Charge 6
2025-11-12T18:07:21Z,68.0,Charge 6
2025-11-12T18:07:24Z,68.0,Charge 6
2025-11-12T18:07:27Z,68.0,Charge 6
2025-11-12T18:07:28Z,69.0,Charge 6
2025-11-12T18:07:29Z,70.0,Charge 6
2025-11-12T18:07:31Z,71.0,Charge 6
2025-11-12T18:07:33Z,70.0,Charge 6
2025-11-12T18:07:35Z,69.0,Charge 6
2025-11-12T18:07:38Z,69.0,Charge 6
2025-11-12T18:07:39Z,70.0,Charge 6
2025-11-12T18:07:41Z,71.0,Charge 6
2025-11-12T18:07:43Z,73.0,Charge 6
2025-11-12T18:07:45Z,74.0,Charge 6
2025-11-12T18:07:48Z,74.0,Charge 6
2025-11-12T18:07:49Z,76.0,Charge 6
2025-11-12T18:07:51Z,77.0,Charge 6
2025-11-12T18:07:54Z,76.0,Charge 6
2025-11-12T18:07:57Z,76.0,Charge 6
2025-11-12T18:07:59Z,75.0,Charge 6
2025-11-12T18:08:01Z,74.0,Charge 6
2025-11-12T18:08:03Z,73.0,Charge 6
2025-11-12T18:08:04Z,72.0,Charge 6
2025-11-12T18:08:06Z,71.0,Charge 6
2025-11-12T18:08:08Z,70.0,Charge 6
2025-11-12T18:08:11Z,70.0,Charge 6
2025-11-12T18:08:14Z,70.0,Charge 6
2025-11-12T18:08:17Z,70.0,Charge 6
2025-11-12T18:08:20Z,69.0,Charge 6
2025-11-12T18:08:22Z,70.0,Charge 6
2025-11-12T18:08:24Z,71.0,Charge 6
2025-11-12T18:08:26Z,73.0,Charge 6
2025-11-12T18:08:29Z,70.0,Charge 6
2025-11-12T18:08:31Z,68.0,Charge 6
2025-11-12T18:08:34Z,68.0,Charge 6
2025-11-12T18:08:35Z,70.0,Charge 6
2025-11-12T18:08:37Z,71.0,Charge 6
2025-11-12T18:08:39Z,73.0,Charge 6
2025-11-12T18:08:41Z,74.0,Charge 6
2025-11-12T18:08:43Z,73.0,Charge 6
2025-11-12T18:08:45Z,71.0,Charge 6
2025-11-12T18:08:47Z,70.0,Charge 6
2025-11-12T18:08:50Z,70.0,Charge 6
2025-11-12T18:08:52Z,71.0,Charge 6
2025-11-12T18:08:54Z,70.0,Charge 6
2025-11-12T18:08:57Z,70.0,Charge 6
2025-11-12T18:08:58Z,70.0,Charge 6
2025-11-12T18:09:00Z,70.0,Charge 6
2025-11-12T18:09:03Z,70.0,Charge 6
2025-11-12T18:09:04Z,70.0,Charge 6
2025-11-12T18:09:06Z,71.0,Charge 6
2025-11-12T18:09:08Z,72.0,Charge 6
2025-11-12T18:09:11Z,72.0,Charge 6
2025-11-12T18:09:12Z,74.0,Charge 6
2025-11-12T18:09:14Z,79.0,Charge 6
2025-11-12T18:09:15Z,82.0,Charge 6
2025-11-12T18:09:17Z,84.0,Charge 6
2025-11-12T18:09:20Z,84.0,Charge 6
2025-11-12T18:09:21Z,82.0,Charge 6
2025-11-12T18:09:24Z,82.0,Charge 6
2025-11-12T18:09:25Z,83.0,Charge 6
2025-11-12T18:09:27Z,82.0,Charge 6
2025-11-12T18:09:29Z,80.0,Charge 6
2025-11-12T18:09:31Z,79.0,Charge 6
2025-11-12T18:09:33Z,78.0,Charge 6
2025-11-12T18:09:36Z,78.0,Charge 6
2025-11-12T18:09:37Z,77.0,Charge 6
2025-11-12T18:09:40Z,76.0,Charge 6
2025-11-12T18:09:42Z,75.0,Charge 6
2025-11-12T18:09:44Z,74.0,Charge 6
2025-11-12T18:09:46Z,72.0,Charge 6
2025-11-12T18:09:48Z,70.0,Charge 6
2025-11-12T18:09:50Z,73.0,Charge 6
2025-11-12T18:09:52Z,74.0,Charge 6
2025-11-12T18:09:54Z,74.0,Charge 6
2025-11-12T18:09:56Z,73.0,Charge 6
2025-11-12T18:09:58Z,72.0,Charge 6
2025-11-12T18:10:00Z,73.0,Charge 6
2025-11-12T18:10:02Z,76.0,Charge 6
2025-11-12T18:10:03Z,77.0,Charge 6
2025-11-12T18:10:05Z,79.0,Charge 6
2025-11-12T18:10:07Z,80.0,Charge 6
2025-11-12T18:10:09Z,82.0,Charge 6
2025-11-12T18:10:11Z,83.0,Charge 6
2025-11-12T18:10:13Z,82.0,Charge 6
2025-11-12T18:10:15Z,81.0,Charge 6
2025-11-12T18:10:17Z,78.0,Charge 6
2025-11-12T18:10:19Z,77.0,Charge 6
2025-11-12T18:10:21Z,76.0,Charge 6
2025-11-12T18:10:23Z,75.0,Charge 6
2025-11-12T18:10:25Z,74.0,Charge 6
2025-11-12T18:10:28Z,74.0,Charge 6
2025-11-12T18:10:30Z,73.0,Charge 6
2025-11-12T18:10:32Z,72.0,Charge 6
2025-11-12T18:10:34Z,73.0,Charge 6
2025-11-12T18:10:36Z,72.0,Charge 6
2025-11-12T18:10:38Z,71.0,Charge 6
2025-11-12T18:10:41Z,71.0,Charge 6
2025-11-12T18:10:42Z,70.0,Charge 6
2025-11-12T18:10:44Z,71.0,Charge 6
2025-11-12T18:10:46Z,72.0,Charge 6
2025-11-12T18:10:48Z,74.0,Charge 6
2025-11-12T18:10:51Z,72.0,Charge 6
2025-11-12T18:10:53Z,73.0,Charge 6
2025-11-12T18:10:55Z,76.0,Charge 6
2025-11-12T18:10:57Z,77.0,Charge 6
2025-11-12T18:10:59Z,77.0,Charge 6
2025-11-12T18:11:01Z,76.0,Charge 6
2025-11-12T18:11:04Z,76.0,Charge 6
2025-11-12T18:11:07Z,76.0,Charge 6
2025-11-12T18:11:09Z,74.0,Charge 6
2025-11-12T18:11:11Z,72.0,Charge 6
2025-11-12T18:11:13Z,72.0,Charge 6
2025-11-12T18:11:15Z,73.0,Charge 6
2025-11-12T18:11:18Z,73.0,Charge 6
2025-11-12T18:11:21Z,73.0,Charge 6
2025-11-12T18:11:22Z,74.0,Charge 6
2025-11-12T18:11:24Z,75.0,Charge 6
2025-11-12T18:11:27Z,75.0,Charge 6
2025-11-12T18:11:28Z,74.0,Charge 6
2025-11-12T18:11:30Z,74.0,Charge 6
2025-11-12T18:11:32Z,75.0,Charge 6
2025-11-12T18:11:34Z,78.0,Charge 6
2025-11-12T18:11:36Z,77.0,Charge 6
2025-11-12T18:11:38Z,74.0,Charge 6
2025-11-12T18:11:39Z,73.0,Charge 6
2025-11-12T18:11:42Z,73.0,Charge 6
2025-11-12T18:11:43Z,72.0,Charge 6
2025-11-12T18:11:45Z,72.0,Charge 6
2025-11-12T18:11:48Z,72.0,Charge 6
2025-11-12T18:11:51Z,72.0,Charge 6
2025-11-12T18:11:53Z,72.0,Charge 6
2025-11-12T18:11:55Z,73.0,Charge 6
2025-11-12T18:11:57Z,76.0,Charge 6
2025-11-12T18:11:59Z,75.0,Charge 6
2025-11-12T18:12:01Z,74.0,Charge 6
2025-11-12T18:12:04Z,76.0,Charge 6
2025-11-12T18:12:06Z,77.0,Charge 6
2025-11-12T18:12:08Z,78.0,Charge 6
2025-11-12T18:12:11Z,78.0,Charge 6
2025-11-12T18:12:12Z,79.0,Charge 6
2025-11-12T18:12:14Z,80.0,Charge 6
2025-11-12T18:12:16Z,78.0,Charge 6
2025-11-12T18:12:18Z,77.0,Charge 6
2025-11-12T18:12:20Z,76.0,Charge 6
2025-11-12T18:12:23Z,76.0,Charge 6
2025-11-12T18:12:24Z,76.0,Charge 6
2025-11-12T18:12:26Z,77.0,Charge 6
2025-11-12T18:12:27Z,76.0,Charge 6
2025-11-12T18:12:29Z,76.0,Charge 6
2025-11-12T18:12:31Z,76.0,Charge 6
2025-11-12T18:12:34Z,76.0,Charge 6
2025-11-12T18:12:37Z,76.0,Charge 6
2025-11-12T18:12:39Z,75.0,Charge 6
2025-11-12T18:12:42Z,75.0,Charge 6
2025-11-12T18:12:43Z,76.0,Charge 6
2025-11-12T18:12:45Z,75.0,Charge 6
2025-11-12T18:12:47Z,74.0,Charge 6
2025-11-12T18:12:50Z,74.0,Charge 6
2025-11-12T18:12:51Z,73.0,Charge 6
2025-11-12T18:12:52Z,72.0,Charge 6
2025-11-12T18:12:54Z,74.0,Charge 6
2025-11-12T18:12:57Z,74.0,Charge 6
2025-11-12T18:13:00Z,74.0,Charge 6
2025-11-12T18:13:02Z,73.0,Charge 6
2025-11-12T18:13:05Z,73.0,Charge 6
2025-11-12T18:13:08Z,72.0,Charge 6
2025-11-12T18:13:11Z,72.0,Charge 6
2025-11-12T18:13:12Z,72.0,Charge 6
2025-11-12T18:13:14Z,70.0,Charge 6
2025-11-12T18:13:15Z,71.0,Charge 6
2025-11-12T18:13:17Z,72.0,Charge 6
2025-11-12T18:13:19Z,73.0,Charge 6
2025-11-12T18:13:21Z,75.0,Charge 6
2025-11-12T18:13:23Z,77.0,Charge 6
2025-11-12T18:13:25Z,81.0,Charge 6
2025-11-12T18:13:27Z,83.0,Charge 6
2025-11-12T18:13:29Z,84.0,Charge 6
2025-11-12T18:13:32Z,84.0,Charge 6
2025-11-12T18:13:33Z,81.0,Charge 6
2025-11-12T18:13:35Z,82.0,Charge 6
2025-11-12T18:13:38Z,82.0,Charge 6
2025-11-12T18:13:39Z,80.0,Charge 6
2025-11-12T18:13:40Z,78.0,Charge 6
2025-11-12T18:13:42Z,77.0,Charge 6
2025-11-12T18:13:45Z,77.0,Charge 6
2025-11-12T18:13:48Z,77.0,Charge 6
2025-11-12T18:13:51Z,77.0,Charge 6
2025-11-12T18:13:52Z,78.0,Charge 6
2025-11-12T18:13:54Z,79.0,Charge 6
2025-11-12T18:13:56Z,81.0,Charge 6
2025-11-12T18:13:59Z,81.0,Charge 6
2025-11-12T18:14:00Z,79.0,Charge 6
2025-11-12T18:14:02Z,76.0,Charge 6
2025-11-12T18:14:03Z,75.0,Charge 6
2025-11-12T18:14:05Z,76.0,Charge 6
2025-11-12T18:14:07Z,75.0,Charge 6
2025-11-12T18:14:09Z,74.0,Charge 6
2025-11-12T18:14:11Z,73.0,Charge 6
2025-11-12T18:14:13Z,72.0,Charge 6
2025-11-12T18:14:16Z,72.0,Charge 6
2025-11-12T18:14:17Z,73.0,Charge 6
2025-11-12T18:14:20Z,73.0,Charge 6
2025-11-12T18:14:21Z,72.0,Charge 6
2025-11-12T18:14:24Z,72.0,Charge 6
2025-11-12T18:14:27Z,74.0,Charge 6
2025-11-12T18:14:28Z,76.0,Charge 6
2025-11-12T18:14:30Z,77.0,Charge 6
2025-11-12T18:14:33Z,77.0,Charge 6
2025-11-12T18:14:34Z,77.0,Charge 6
2025-11-12T18:14:36Z,76.0,Charge 6
2025-11-12T18:14:38Z,77.0,Charge 6
2025-11-12T18:14:40Z,78.0,Charge 6
2025-11-12T18:14:42Z,76.0,Charge 6
2025-11-12T18:14:44Z,74.0,Charge 6
2025-11-12T18:14:46Z,73.0,Charge 6
2025-11-12T18:14:49Z,73.0,Charge 6
2025-11-12T18:14:50Z,74.0,Charge 6
2025-11-12T18:14:53Z,72.0,Charge 6
2025-11-12T18:14:55Z,70.0,Charge 6
2025-11-12T18:14:57Z,69.0,Charge 6
2025-11-12T18:14:59Z,70.0,Charge 6
2025-11-12T18:15:02Z,70.0,Charge 6
2025-11-12T18:15:03Z,69.0,Charge 6
2025-11-12T18:15:05Z,71.0,Charge 6
2025-11-12T18:15:07Z,72.0,Charge 6
2025-11-12T18:15:10Z,72.0,Charge 6
2025-11-12T18:15:13Z,72.0,Charge 6
2025-11-12T18:15:15Z,73.0,Charge 6
2025-11-12T18:15:16Z,72.0,Charge 6
2025-11-12T18:15:19Z,72.0,Charge 6
2025-11-12T18:15:22Z,72.0,Charge 6
2025-11-12T18:15:24Z,73.0,Charge 6
2025-11-12T18:15:26Z,72.0,Charge 6
2025-11-12T18:15:29Z,72.0,Charge 6
2025-11-12T18:15:30Z,71.0,Charge 6
2025-11-12T18:15:32Z,72.0,Charge 6
2025-11-12T18:15:35Z,72.0,Charge 6
2025-11-12T18:15:36Z,71.0,Charge 6
2025-11-12T18:15:38Z,72.0,Charge 6
2025-11-12T18:15:39Z,74.0,Charge 6
2025-11-12T18:15:41Z,76.0,Charge 6
2025-11-12T18:15:43Z,77.0,Charge 6
2025-11-12T18:15:45Z,79.0,Charge 6
2025-11-12T18:15:47Z,80.0,Charge 6
2025-11-12T18:15:49Z,81.0,Charge 6
2025-11-12T18:15:51Z,86.0,Charge 6
2025-11-12T18:15:53Z,85.0,Charge 6
2025-11-12T18:15:55Z,84.0,Charge 6
2025-11-12T18:15:57Z,81.0,Charge 6
2025-11-12T18:15:59Z,79.0,Charge 6
2025-11-12T18:16:01Z,78.0,Charge 6
2025-11-12T18:16:03Z,76.0,Charge 6
2025-11-12T18:16:04Z,75.0,Charge 6
2025-11-12T18:16:06Z,74.0,Charge 6
2025-11-12T18:16:09Z,74.0,Charge 6
2025-11-12T18:16:10Z,72.0,Charge 6
2025-11-12T18:16:12Z,73.0,Charge 6
2025-11-12T18:16:15Z,73.0,Charge 6
2025-11-12T18:16:16Z,72.0,Charge 6
2025-11-12T18:16:18Z,73.0,Charge 6
2025-11-12T18:16:21Z,73.0,Charge 6
2025-11-12T18:16:22Z,72.0,Charge 6
2025-11-12T18:16:24Z,71.0,Charge 6
2025-11-12T18:16:26Z,72.0,Charge 6
2025-11-12T18:16:27Z,73.0,Charge 6
2025-11-12T18:16:29Z,75.0,Charge 6
2025-11-12T18:16:32Z,75.0,Charge 6
2025-11-12T18:16:33Z,73.0,Charge 6
2025-11-12T18:16:35Z,72.0,Charge 6
2025-11-12T18:16:37Z,71.0,Charge 6
2025-11-12T18:16:39Z,70.0,Charge 6
2025-11-12T18:16:41Z,72.0,Charge 6
2025-11-12T18:16:43Z,73.0,Charge 6
2025-11-12T18:16:45Z,74.0,Charge 6
2025-11-12T18:16:47Z,75.0,Charge 6
2025-11-12T18:16:49Z,73.0,Charge 6
2025-11-12T18:16:51Z,73.0,Charge 6
2025-11-12T18:16:52Z,72.0,Charge 6
2025-11-12T18:16:54Z,70.0,Charge 6
2025-11-12T18:16:57Z,70.0,Charge 6
2025-11-12T18:17:00Z,70.0,Charge 6
2025-11-12T18:17:02Z,71.0,Charge 6
2025-11-12T18:17:05Z,71.0,Charge 6
2025-11-12T18:17:06Z,70.0,Charge 6
2025-11-12T18:17:09Z,70.0,Charge 6
2025-11-12T18:17:10Z,72.0,Charge 6
2025-11-12T18:17:13Z,72.0,Charge 6
2025-11-12T18:17:14Z,71.0,Charge 6
2025-11-12T18:17:15Z,72.0,Charge 6
2025-11-12T18:17:17Z,79.0,Charge 6
2025-11-12T18:17:19Z,84.0,Charge 6
2025-11-12T18:17:22Z,84.0,Charge 6
2025-11-12T18:17:25Z,78.0,Charge 6
2025-11-12T18:17:27Z,75.0,Charge 6
2025-11-12T18:17:30Z,75.0,Charge 6
2025-11-12T18:17:31Z,78.0,Charge 6
2025-11-12T18:17:33Z,80.0,Charge 6
2025-11-12T18:17:35Z,81.0,Charge 6
2025-11-12T18:17:38Z,81.0,Charge 6
2025-11-12T18:17:39Z,84.0,Charge 6
2025-11-12T18:17:40Z,86.0,Charge 6
2025-11-12T18:17:42Z,88.0,Charge 6
2025-11-12T18:17:44Z,92.0,Charge 6
2025-11-12T18:17:46Z,93.0,Charge 6
2025-11-12T18:17:49Z,93.0,Charge 6
2025-11-12T18:17:50Z,92.0,Charge 6
2025-11-12T18:17:52Z,90.0,Charge 6
2025-11-12T18:17:54Z,89.0,Charge 6
2025-11-12T18:17:56Z,91.0,Charge 6
2025-11-12T18:17:58Z,92.0,Charge 6
2025-11-12T18:18:00Z,89.0,Charge 6
2025-11-12T18:18:02Z,86.0,Charge 6
2025-11-12T18:18:03Z,88.0,Charge 6
2025-11-12T18:18:05Z,90.0,Charge 6
2025-11-12T18:18:07Z,92.0,Charge 6
2025-11-12T18:18:10Z,92.0,Charge 6
2025-11-12T18:18:11Z,90.0,Charge 6
2025-11-12T18:18:13Z,91.0,Charge 6
2025-11-12T18:18:15Z,90.0,Charge 6
2025-11-12T18:18:17Z,89.0,Charge 6
2025-11-12T18:18:19Z,90.0,Charge 6
2025-11-12T18:18:22Z,90.0,Charge 6
2025-11-12T18:18:23Z,89.0,Charge 6
2025-11-12T18:18:26Z,89.0,Charge 6
2025-11-12T18:18:27Z,90.0,Charge 6
2025-11-12T18:18:30Z,89.0,Charge 6
2025-11-12T18:18:32Z,88.0,Charge 6
2025-11-12T18:18:35Z,88.0,Charge 6
2025-11-12T18:18:38Z,88.0,Charge 6
2025-11-12T18:18:41Z,88.0,Charge 6
2025-11-12T18:18:42Z,89.0,Charge 6
2025-11-12T18:18:44Z,90.0,Charge 6
2025-11-12T18:18:46Z,89.0,Charge 6
2025-11-12T18:18:48Z,90.0,Charge 6
2025-11-12T18:18:51Z,90.0,Charge 6
2025-11-12T18:18:54Z,90.0,Charge 6
2025-11-12T18:18:57Z,89.0,Charge 6
2025-11-12T18:19:00Z,89.0,Charge 6
2025-11-12T18:19:01Z,88.0,Charge 6
2025-11-12T18:19:03Z,86.0,Charge 6
2025-11-12T18:19:05Z,87.0,Charge 6
2025-11-12T18:19:07Z,88.0,Charge 6
2025-11-12T18:19:09Z,89.0,Charge 6
2025-11-12T18:19:11Z,92.0,Charge 6
2025-11-12T18:19:13Z,93.0,Charge 6
2025-11-12T18:19:16Z,92.0,Charge 6
2025-11-12T18:19:18Z,91.0,Charge 6
2025-11-12T18:19:20Z,89.0,Charge 6
2025-11-12T18:19:22Z,88.0,Charge 6
2025-11-12T18:19:24Z,87.0,Charge 6
2025-11-12T18:19:26Z,88.0,Charge 6
2025-11-12T18:19:29Z,88.0,Charge 6
2025-11-12T18:19:30Z,87.0,Charge 6
2025-11-12T18:19:32Z,88.0,Charge 6
2025-11-12T18:19:34Z,87.0,Charge 6
2025-11-12T18:19:36Z,88.0,Charge 6
2025-11-12T18:19:39Z,88.0,Charge 6
2025-11-12T18:19:41Z,87.0,Charge 6
2025-11-12T18:19:44Z,87.0,Charge 6
2025-11-12T18:19:47Z,87.0,Charge 6
2025-11-12T18:19:49Z,89.0,Charge 6
2025-11-12T18:19:51Z,93.0,Charge 6
2025-11-12T18:19:53Z,89.0,Charge 6
2025-11-12T18:19:55Z,86.0,Charge 6
2025-11-12T18:19:57Z,85.0,Charge 6
2025-11-12T18:19:59Z,83.0,Charge 6
2025-11-12T18:20:01Z,86.0,Charge 6
2025-11-12T18:20:03Z,88.0,Charge 6
2025-11-12T18:20:06Z,93.0,Charge 6
2025-11-12T18:20:08Z,99.0,Charge 6
2025-11-12T18:20:10Z,101.0,Charge 6
2025-11-12T18:20:12Z,98.0,Charge 6
2025-11-12T18:20:14Z,94.0,Charge 6
2025-11-12T18:20:17Z,94.0,Charge 6
2025-11-12T18:20:20Z,94.0,Charge 6
2025-11-12T18:20:23Z,94.0,Charge 6
2025-11-12T18:20:26Z,94.0,Charge 6
2025-11-12T18:20:27Z,95.0,Charge 6
2025-11-12T18:20:30Z,95.0,Charge 6
2025-11-12T18:20:31Z,93.0,Charge 6
2025-11-12T18:20:34Z,93.0,Charge 6
2025-11-12T18:20:35Z,91.0,Charge 6
2025-11-12T18:20:37Z,93.0,Charge 6
2025-11-12T18:20:39Z,96.0,Charge 6
2025-11-12T18:20:41Z,95.0,Charge 6
2025-11-12T18:20:43Z,94.0,Charge 6
2025-11-12T18:20:45Z,93.0,Charge 6
2025-11-12T18:20:47Z,91.0,Charge 6
2025-11-12T18:20:49Z,92.0,Charge 6
2025-11-12T18:20:52Z,92.0,Charge 6
2025-11-12T18:20:54Z,88.0,Charge 6
2025-11-12T18:20:56Z,86.0,Charge 6
2025-11-12T18:20:58Z,87.0,Charge 6
2025-11-12T18:21:00Z,88.0,Charge 6
2025-11-12T18:21:02Z,92.0,Charge 6
2025-11-12T18:21:04Z,95.0,Charge 6
2025-11-12T18:21:06Z,93.0,Charge 6
2025-11-12T18:21:08Z,87.0,Charge 6
2025-11-12T18:21:11Z,87.0,Charge 6
2025-11-12T18:21:12Z,83.0,Charge 6
2025-11-12T18:21:14Z,80.0,Charge 6
2025-11-12T18:21:17Z,80.0,Charge 6
2025-11-12T18:21:19Z,81.0,Charge 6
2025-11-12T18:21:21Z,84.0,Charge 6
2025-11-12T18:21:23Z,83.0,Charge 6
2025-11-12T18:21:25Z,84.0,Charge 6
2025-11-12T18:21:27Z,83.0,Charge 6
2025-11-12T18:21:29Z,81.0,Charge 6
2025-11-12T18:21:32Z,81.0,Charge 6
2025-11-12T18:21:33Z,82.0,Charge 6
2025-11-12T18:21:36Z,82.0,Charge 6
2025-11-12T18:21:37Z,83.0,Charge 6
2025-11-12T18:21:39Z,84.0,Charge 6
2025-11-12T18:21:40Z,85.0,Charge 6
2025-11-12T18:21:43Z,85.0,Charge 6
2025-11-12T18:21:44Z,87.0,Charge 6
2025-11-12T18:21:46Z,88.0,Charge 6
2025-11-12T18:21:48Z,86.0,Charge 6
2025-11-12T18:21:50Z,81.0,Charge 6
2025-11-12T18:21:52Z,80.0,Charge 6
2025-11-12T18:21:55Z,80.0,Charge 6
2025-11-12T18:21:56Z,83.0,Charge 6
2025-11-12T18:21:58Z,86.0,Charge 6
2025-11-12T18:22:01Z,86.0,Charge 6
2025-11-12T18:22:02Z,88.0,Charge 6
2025-11-12T18:22:03Z,91.0,Charge 6
2025-11-12T18:22:05Z,93.0,Charge 6
2025-11-12T18:22:07Z,93.0,Charge 6
2025-11-12T18:22:09Z,91.0,Charge 6
2025-11-12T18:22:11Z,89.0,Charge 6
2025-11-12T18:22:13Z,87.0,Charge 6
2025-11-12T18:22:15Z,84.0,Charge 6
2025-11-12T18:22:17Z,82.0,Charge 6
2025-11-12T18:22:19Z,81.0,Charge 6
2025-11-12T18:22:21Z,82.0,Charge 6
2025-11-12T18:22:23Z,84.0,Charge 6
2025-11-12T18:22:25Z,85.0,Charge 6
2025-11-12T18:22:27Z,84.0,Charge 6
2025-11-12T18:22:28Z,82.0,Charge 6
2025-11-12T18:22:30Z,84.0,Charge 6
2025-11-12T18:22:33Z,84.0,Charge 6
2025-11-12T18:22:34Z,83.0,Charge 6
2025-11-12T18:22:36Z,82.0,Charge 6
2025-11-12T18:22:38Z,80.0,Charge 6
2025-11-12T18:22:40Z,80.0,Charge 6
2025-11-12T18:22:42Z,81.0,Charge 6
2025-11-12T18:22:44Z,83.0,Charge 6
2025-11-12T18:22:46Z,85.0,Charge 6
2025-11-12T18:22:48Z,82.0,Charge 6
2025-11-12T18:22:50Z,81.0,Charge 6
2025-11-12T18:22:53Z,82.0,Charge 6
2025-11-12T18:22:55Z,85.0,Charge 6
2025-11-12T18:22:57Z,86.0,Charge 6
2025-11-12T18:22:59Z,85.0,Charge 6
2025-11-12T18:23:01Z,86.0,Charge 6
2025-11-12T18:23:02Z,87.0,Charge 6
2025-11-12T18:23:05Z,87.0,Charge 6
2025-11-12T18:23:07Z,88.0,Charge 6
2025-11-12T18:23:10Z,88.0,Charge 6
2025-11-12T18:23:11Z,87.0,Charge 6
2025-11-12T18:23:13Z,88.0,Charge 6
2025-11-12T18:23:16Z,88.0,Charge 6
2025-11-12T18:23:17Z,89.0,Charge 6
2025-11-12T18:23:20Z,89.0,Charge 6
2025-11-12T18:23:21Z,88.0,Charge 6
2025-11-12T18:23:23Z,89.0,Charge 6
2025-11-12T18:23:25Z,90.0,Charge 6
2025-11-12T18:23:28Z,90.0,Charge 6
2025-11-12T18:23:30Z,88.0,Charge 6
2025-11-12T18:23:32Z,89.0,Charge 6
2025-11-12T18:23:34Z,90.0,Charge 6
2025-11-12T18:23:37Z,90.0,Charge 6
2025-11-12T18:23:38Z,93.0,Charge 6
2025-11-12T18:23:40Z,92.0,Charge 6
2025-11-12T18:23:42Z,93.0,Charge 6
2025-11-12T18:23:44Z,94.0,Charge 6
2025-11-12T18:23:46Z,95.0,Charge 6
2025-11-12T18:23:48Z,95.0,Charge 6
2025-11-12T18:23:50Z,93.0,Charge 6
2025-11-12T18:23:52Z,92.0,Charge 6
2025-11-12T18:23:53Z,91.0,Charge 6
2025-11-12T18:23:56Z,91.0,Charge 6
2025-11-12T18:23:57Z,92.0,Charge 6
2025-11-12T18:24:00Z,92.0,Charge 6
2025-11-12T18:24:03Z,93.0,Charge 6
2025-11-12T18:24:05Z,92.0,Charge 6
2025-11-12T18:24:07Z,91.0,Charge 6
2025-11-12T18:24:09Z,93.0,Charge 6
2025-11-12T18:24:11Z,96.0,Charge 6
2025-11-12T18:24:13Z,98.0,Charge 6
2025-11-12T18:24:16Z,98.0,Charge 6
2025-11-12T18:24:17Z,99.0,Charge 6
2025-11-12T18:24:20Z,99.0,Charge 6
2025-11-12T18:24:22Z,97.0,Charge 6
2025-11-12T18:24:24Z,96.0,Charge 6
2025-11-12T18:24:27Z,96.0,Charge 6
2025-11-12T18:24:28Z,95.0,Charge 6
2025-11-12T18:24:30Z,94.0,Charge 6
2025-11-12T18:24:32Z,92.0,Charge 6
2025-11-12T18:24:34Z,89.0,Charge 6
2025-11-12T18:24:36Z,88.0,Charge 6
2025-11-12T18:24:38Z,89.0,Charge 6
2025-11-12T18:24:40Z,90.0,Charge 6
2025-11-12T18:24:41Z,89.0,Charge 6
2025-11-12T18:24:43Z,90.0,Charge 6
2025-11-12T18:24:45Z,90.0,Charge 6
2025-11-12T18:24:47Z,91.0,Charge 6
2025-11-12T18:24:49Z,90.0,Charge 6
2025-11-12T18:24:52Z,90.0,Charge 6
2025-11-12T18:24:55Z,91.0,Charge 6
2025-11-12T18:24:57Z,93.0,Charge 6
2025-11-12T18:24:59Z,92.0,Charge 6
2025-11-12T18:25:02Z,92.0,Charge 6
2025-11-12T18:25:05Z,96.0,Charge 6
2025-11-12T18:25:06Z,97.0,Charge 6
2025-11-12T18:25:08Z,89.0,Charge 6
2025-11-12T18:25:10Z,86.0,Charge 6
2025-11-12T18:25:12Z,85.0,Charge 6
2025-11-12T18:25:14Z,87.0,Charge 6
2025-11-12T18:25:16Z,88.0,Charge 6
2025-11-12T18:25:19Z,88.0,Charge 6
2025-11-12T18:25:20Z,89.0,Charge 6
2025-11-12T18:25:23Z,89.0,Charge 6
2025-11-12T18:25:24Z,90.0,Charge 6
2025-11-12T18:25:26Z,91.0,Charge 6
2025-11-12T18:25:28Z,92.0,Charge 6
2025-11-12T18:25:31Z,90.0,Charge 6
2025-11-12T18:25:33Z,89.0,Charge 6
2025-11-12T18:25:36Z,89.0,Charge 6
2025-11-12T18:25:37Z,93.0,Charge 6
2025-11-12T18:25:39Z,94.0,Charge 6
2025-11-12T18:25:41Z,92.0,Charge 6
2025-11-12T18:25:43Z,89.0,Charge 6
2025-11-12T18:25:45Z,87.0,Charge 6
2025-11-12T18:25:47Z,84.0,Charge 6
2025-11-12T18:25:49Z,83.0,Charge 6
2025-11-12T18:25:51Z,80.0,Charge 6
2025-11-12T18:25:53Z,78.0,Charge 6
2025-11-12T18:25:54Z,79.0,Charge 6
2025-11-12T18:25:56Z,80.0,Charge 6
2025-11-12T18:25:58Z,82.0,Charge 6
2025-11-12T18:26:00Z,83.0,Charge 6
2025-11-12T18:26:02Z,84.0,Charge 6
2025-11-12T18:26:05Z,84.0,Charge 6
2025-11-12T18:26:08Z,83.0,Charge 6
2025-11-12T18:26:10Z,80.0,Charge 6
2025-11-12T18:26:12Z,79.0,Charge 6
2025-11-12T18:26:14Z,78.0,Charge 6
2025-11-12T18:26:16Z,79.0,Charge 6
2025-11-12T18:26:17Z,82.0,Charge 6
2025-11-12T18:26:20Z,82.0,Charge 6
2025-11-12T18:26:21Z,81.0,Charge 6
2025-11-12T18:26:23Z,82.0,Charge 6
2025-11-12T18:26:25Z,83.0,Charge 6
2025-11-12T18:26:28Z,83.0,Charge 6
2025-11-12T18:26:31Z,82.0,Charge 6
2025-11-12T18:26:33Z,80.0,Charge 6
2025-11-12T18:26:36Z,80.0,Charge 6
2025-11-12T18:26:37Z,80.0,Charge 6
2025-11-12T18:26:39Z,80.0,Charge 6
2025-11-12T18:26:42Z,78.0,Charge 6
2025-11-12T18:26:44Z,77.0,Charge 6
2025-11-12T18:26:47Z,77.0,Charge 6
2025-11-12T18:26:48Z,76.0,Charge 6
2025-11-12T18:26:51Z,76.0,Charge 6
2025-11-12T18:26:54Z,76.0,Charge 6
2025-11-12T18:26:57Z,76.0,Charge 6
2025-11-12T18:26:58Z,77.0,Charge 6
2025-11-12T18:27:00Z,78.0,Charge 6
2025-11-12T18:27:02Z,79.0,Charge 6
2025-11-12T18:27:04Z,78.0,Charge 6
2025-11-12T18:27:07Z,78.0,Charge 6
2025-11-12T18:27:10Z,78.0,Charge 6
2025-11-12T18:27:13Z,78.0,Charge 6
2025-11-12T18:27:15Z,80.0,Charge 6
2025-11-12T18:27:18Z,80.0,Charge 6
2025-11-12T18:27:19Z,79.0,Charge 6
2025-11-12T18:27:22Z,79.0,Charge 6
2025-11-12T18:27:23Z,80.0,Charge 6
2025-11-12T18:27:26Z,80.0,Charge 6
2025-11-12T18:27:29Z,80.0,Charge 6
2025-11-12T18:27:32Z,81.0,Charge 6
2025-11-12T18:27:35Z,81.0,Charge 6
2025-11-12T18:27:38Z,81.0,Charge 6
2025-11-12T18:27:41Z,81.0,Charge 6
2025-11-12T18:27:42Z,82.0,Charge 6
2025-11-12T18:27:44Z,81.0,Charge 6
2025-11-12T18:27:46Z,79.0,Charge 6
2025-11-12T18:27:48Z,80.0,Charge 6
2025-11-12T18:27:51Z,80.0,Charge 6
2025-11-12T18:27:52Z,81.0,Charge 6
2025-11-12T18:27:55Z,81.0,Charge 6
2025-11-12T18:27:58Z,81.0,Charge 6
2025-11-12T18:28:01Z,82.0,Charge 6
2025-11-12T18:28:04Z,82.0,Charge 6
2025-11-12T18:28:07Z,83.0,Charge 6
2025-11-12T18:28:09Z,82.0,Charge 6
2025-11-12T18:28:12Z,82.0,Charge 6
2025-11-12T18:28:15Z,82.0,Charge 6
2025-11-12T18:28:18Z,83.0,Charge 6
2025-11-12T18:28:20Z,84.0,Charge 6
2025-11-12T18:28:22Z,85.0,Charge 6
2025-11-12T18:28:24Z,84.0,Charge 6
2025-11-12T18:28:26Z,85.0,Charge 6
2025-11-12T18:28:28Z,86.0,Charge 6
2025-11-12T18:28:31Z,86.0,Charge 6
2025-11-12T18:28:34Z,85.0,Charge 6
2025-11-12T18:28:36Z,84.0,Charge 6
2025-11-12T18:28:38Z,83.0,Charge 6
2025-11-12T18:28:41Z,83.0,Charge 6
2025-11-12T18:28:43Z,84.0,Charge 6
2025-11-12T18:28:45Z,83.0,Charge 6
2025-11-12T18:28:47Z,82.0,Charge 6
2025-11-12T18:28:49Z,81.0,Charge 6
2025-11-12T18:28:51Z,80.0,Charge 6
2025-11-12T18:28:53Z,81.0,Charge 6
2025-11-12T18:28:55Z,82.0,Charge 6
2025-11-12T18:28:58Z,82.0,Charge 6
2025-11-12T18:29:01Z,82.0,Charge 6
2025-11-12T18:29:03Z,81.0,Charge 6
2025-11-12T18:29:05Z,80.0,Charge 6
2025-11-12T18:29:08Z,80.0,Charge 6
2025-11-12T18:29:11Z,80.0,Charge 6
2025-11-12T18:29:14Z,81.0,Charge 6
2025-11-12T18:29:17Z,81.0,Charge 6
2025-11-12T18:29:18Z,82.0,Charge 6
2025-11-12T18:29:21Z,82.0,Charge 6
2025-11-12T18:29:24Z,82.0,Charge 6
2025-11-12T18:29:26Z,80.0,Charge 6
2025-11-12T18:29:28Z,79.0,Charge 6
2025-11-12T18:29:31Z,82.0,Charge 6
2025-11-12T18:29:34Z,82.0,Charge 6
2025-11-12T18:29:35Z,81.0,Charge 6
2025-11-12T18:29:37Z,80.0,Charge 6
2025-11-12T18:29:40Z,80.0,Charge 6
2025-11-12T18:29:41Z,81.0,Charge 6
2025-11-12T18:29:43Z,82.0,Charge 6
2025-11-12T18:29:46Z,82.0,Charge 6
2025-11-12T18:29:47Z,80.0,Charge 6
2025-11-12T18:29:49Z,81.0,Charge 6
2025-11-12T18:29:51Z,79.0,Charge 6
2025-11-12T18:29:53Z,77.0,Charge 6
2025-11-12T18:29:54Z,75.0,Charge 6
2025-11-12T18:29:56Z,74.0,Charge 6
2025-11-12T18:29:59Z,74.0,Charge 6
2025-11-12T18:30:00Z,72.0,Charge 6
2025-11-12T18:30:02Z,71.0,Charge 6
2025-11-12T18:30:04Z,72.0,Charge 6
2025-11-12T18:30:07Z,72.0,Charge 6
2025-11-12T18:30:10Z,72.0,Charge 6
2025-11-12T18:30:13Z,72.0,Charge 6
2025-11-12T18:30:16Z,72.0,Charge 6
2025-11-12T18:30:17Z,71.0,Charge 6
2025-11-12T18:30:20Z,71.0,Charge 6
2025-11-12T18:30:23Z,71.0,Charge 6
2025-11-12T18:30:26Z,71.0,Charge 6
2025-11-12T18:30:27Z,70.0,Charge 6
2025-11-12T18:30:30Z,70.0,Charge 6
2025-11-12T18:30:33Z,70.0,Charge 6
2025-11-12T18:30:35Z,69.0,Charge 6
2025-11-12T18:30:37Z,68.0,Charge 6
2025-11-12T18:30:40Z,68.0,Charge 6
2025-11-12T18:30:43Z,68.0,Charge 6
2025-11-12T18:30:44Z,68.0,Charge 6
2025-11-12T18:30:47Z,68.0,Charge 6
2025-11-12T18:30:50Z,68.0,Charge 6
2025-11-12T18:30:53Z,68.0,Charge 6
2025-11-12T18:30:54Z,70.0,Charge 6
2025-11-12T18:30:56Z,71.0,Charge 6
2025-11-12T18:30:59Z,71.0,Charge 6
2025-11-12T18:31:00Z,72.0,Charge 6
2025-11-12T18:31:03Z,72.0,Charge 6
2025-11-12T18:31:05Z,72.0,Charge 6
2025-11-12T18:31:08Z,72.0,Charge 6
2025-11-12T18:31:09Z,73.0,Charge 6
2025-11-12T18:31:12Z,73.0,Charge 6
2025-11-12T18:31:15Z,73.0,Charge 6
2025-11-12T18:31:17Z,72.0,Charge 6
2025-11-12T18:31:19Z,71.0,Charge 6
2025-11-12T18:31:22Z,71.0,Charge 6
2025-11-12T18:31:23Z,70.0,Charge 6
2025-11-12T18:31:25Z,69.0,Charge 6
2025-11-12T18:31:27Z,69.0,Charge 6
2025-11-12T18:31:29Z,68.0,Charge 6
2025-11-12T18:31:30Z,68.0,Charge 6
2025-11-12T18:31:33Z,68.0,Charge 6
2025-11-12T18:31:36Z,66.0,Charge 6
2025-11-12T18:31:38Z,68.0,Charge 6
2025-11-12T18:31:40Z,68.0,Charge 6
2025-11-12T18:31:43Z,68.0,Charge 6
2025-11-12T18:31:44Z,69.0,Charge 6
2025-11-12T18:31:46Z,70.0,Charge 6
2025-11-12T18:31:48Z,71.0,Charge 6
2025-11-12T18:31:50Z,73.0,Charge 6
2025-11-12T18:31:52Z,73.0,Charge 6
2025-11-12T18:31:55Z,75.0,Charge 6
2025-11-12T18:31:57Z,77.0,Charge 6
2025-11-12T18:31:59Z,76.0,Charge 6
2025-11-12T18:32:02Z,76.0,Charge 6
2025-11-12T18:32:03Z,74.0,Charge 6
2025-11-12T18:32:05Z,73.0,Charge 6
2025-11-12T18:32:08Z,73.0,Charge 6
2025-11-12T18:32:11Z,73.0,Charge 6
2025-11-12T18:32:13Z,72.0,Charge 6
2025-11-12T18:32:15Z,73.0,Charge 6
2025-11-12T18:32:17Z,76.0,Charge 6
2025-11-12T18:32:18Z,75.0,Charge 6
2025-11-12T18:32:20Z,76.0,Charge 6
2025-11-12T18:32:22Z,77.0,Charge 6
2025-11-12T18:32:25Z,77.0,Charge 6
2025-11-12T18:32:28Z,78.0,Charge 6
2025-11-12T18:32:30Z,80.0,Charge 6
2025-11-12T18:32:33Z,80.0,Charge 6
2025-11-12T18:32:34Z,81.0,Charge 6
2025-11-12T18:32:36Z,82.0,Charge 6
2025-11-12T18:32:38Z,86.0,Charge 6
2025-11-12T18:32:40Z,87.0,Charge 6
2025-11-12T18:32:41Z,89.0,Charge 6
2025-11-12T18:32:43Z,91.0,Charge 6
2025-11-12T18:32:45Z,92.0,Charge 6
2025-11-12T18:32:47Z,94.0,Charge 6
2025-11-12T18:32:49Z,94.0,Charge 6
2025-11-12T18:32:51Z,95.0,Charge 6
2025-11-12T18:32:54Z,95.0,Charge 6
2025-11-12T18:32:55Z,93.0,Charge 6
2025-11-12T18:32:57Z,91.0,Charge 6
2025-11-12T18:32:59Z,91.0,Charge 6
2025-11-12T18:33:01Z,91.0,Charge 6
2025-11-12T18:33:03Z,89.0,Charge 6
2025-11-12T18:33:05Z,86.0,Charge 6
2025-11-12T18:33:06Z,83.0,Charge 6
2025-11-12T18:33:08Z,82.0,Charge 6
2025-11-12T18:33:10Z,81.0,Charge 6
2025-11-12T18:33:12Z,80.0,Charge 6
2025-11-12T18:33:14Z,78.0,Charge 6
2025-11-12T18:33:16Z,77.0,Charge 6
2025-11-12T18:33:18Z,76.0,Charge 6
2025-11-12T18:33:20Z,75.0,Charge 6
2025-11-12T18:33:22Z,74.0,Charge 6
2025-11-12T18:33:24Z,73.0,Charge 6
2025-11-12T18:33:27Z,73.0,Charge 6
2025-11-12T18:33:28Z,72.0,Charge 6
2025-11-12T18:33:29Z,74.0,Charge 6
2025-11-12T18:33:31Z,75.0,Charge 6
2025-11-12T18:33:33Z,74.0,Charge 6
2025-11-12T18:33:35Z,73.0,Charge 6
2025-11-12T18:33:37Z,71.0,Charge 6
2025-11-12T18:33:39Z,72.0,Charge 6
2025-11-12T18:33:41Z,71.0,Charge 6
2025-11-12T18:33:43Z,70.0,Charge 6
2025-11-12T18:33:45Z,68.0,Charge 6
2025-11-12T18:33:47Z,68.0,Charge 6
2025-11-12T18:33:50Z,68.0,Charge 6
2025-11-12T18:33:51Z,68.0,Charge 6
2025-11-12T18:33:53Z,67.0,Charge 6
2025-11-12T18:33:56Z,68.0,Charge 6
2025-11-12T18:33:59Z,68.0,Charge 6
2025-11-12T18:34:00Z,69.0,Charge 6
2025-11-12T18:34:02Z,70.0,Charge 6
2025-11-12T18:34:04Z,72.0,Charge 6
2025-11-12T18:34:06Z,74.0,Charge 6
2025-11-12T18:34:08Z,75.0,Charge 6
2025-11-12T18:34:10Z,76.0,Charge 6
2025-11-12T18:34:12Z,78.0,Charge 6
2025-11-12T18:34:14Z,80.0,Charge 6
2025-11-12T18:34:16Z,81.0,Charge 6
2025-11-12T18:34:17Z,78.0,Charge 6
2025-11-12T18:34:20Z,78.0,Charge 6
2025-11-12T18:34:21Z,80.0,Charge 6
2025-11-12T18:34:23Z,78.0,Charge 6
2025-11-12T18:34:25Z,77.0,Charge 6
2025-11-12T18:34:27Z,77.0,Charge 6
2025-11-12T18:34:29Z,78.0,Charge 6
2025-11-12T18:34:31Z,77.0,Charge 6
2025-11-12T18:34:33Z,76.0,Charge 6
2025-11-12T18:34:35Z,74.0,Charge 6
2025-11-12T18:34:37Z,72.0,Charge 6
2025-11-12T18:34:40Z,72.0,Charge 6
2025-11-12T18:34:42Z,71.0,Charge 6
2025-11-12T18:34:44Z,70.0,Charge 6
2025-11-12T18:34:47Z,70.0,Charge 6
2025-11-12T18:34:48Z,71.0,Charge 6
2025-11-12T18:34:51Z,71.0,Charge 6
2025-11-12T18:34:52Z,70.0,Charge 6
2025-11-12T18:34:54Z,70.0,Charge 6
2025-11-12T18:34:56Z,71.0,Charge 6
2025-11-12T18:34:59Z,71.0,Charge 6
2025-11-12T18:35:00Z,70.0,Charge 6
2025-11-12T18:35:03Z,70.0,Charge 6
2025-11-12T18:35:04Z,68.0,Charge 6
2025-11-12T18:35:07Z,68.0,Charge 6
2025-11-12T18:35:09Z,67.0,Charge 6
2025-11-12T18:35:11Z,68.0,Charge 6
2025-11-12T18:35:14Z,68.0,Charge 6
2025-11-12T18:35:17Z,68.0,Charge 6
2025-11-12T18:35:20Z,68.0,Charge 6
2025-11-12T18:35:21Z,70.0,Charge 6
2025-11-12T18:35:23Z,71.0,Charge 6
2025-11-12T18:35:26Z,71.0,Charge 6
2025-11-12T18:35:27Z,70.0,Charge 6
2025-11-12T18:35:29Z,70.0,Charge 6
2025-11-12T18:35:30Z,71.0,Charge 6
2025-11-12T18:35:32Z,72.0,Charge 6
2025-11-12T18:35:35Z,72.0,Charge 6
2025-11-12T18:35:38Z,71.0,Charge 6
2025-11-12T18:35:40Z,70.0,Charge 6
2025-11-12T18:35:43Z,70.0,Charge 6
2025-11-12T18:35:46Z,70.0,Charge 6
2025-11-12T18:35:49Z,70.0,Charge 6
2025-11-12T18:35:52Z,70.0,Charge 6
2025-11-12T18:35:55Z,70.0,Charge 6
2025-11-12T18:35:57Z,72.0,Charge 6
2025-11-12T18:36:00Z,72.0,Charge 6
2025-11-12T18:36:03Z,71.0,Charge 6
2025-11-12T18:36:05Z,72.0,Charge 6
2025-11-12T18:36:07Z,72.0,Charge 6
2025-11-12T18:36:10Z,72.0,Charge 6
2025-11-12T18:36:13Z,71.0,Charge 6
2025-11-12T18:36:15Z,70.0,Charge 6
2025-11-12T18:36:18Z,70.0,Charge 6
2025-11-12T18:36:21Z,70.0,Charge 6
2025-11-12T18:36:22Z,71.0,Charge 6
2025-11-12T18:36:24Z,73.0,Charge 6
2025-11-12T18:36:26Z,74.0,Charge 6
2025-11-12T18:36:28Z,75.0,Charge 6
2025-11-12T18:36:30Z,76.0,Charge 6
2025-11-12T18:36:32Z,78.0,Charge 6
2025-11-12T18:36:34Z,82.0,Charge 6
2025-11-12T18:36:36Z,82.0,Charge 6
2025-11-12T18:36:38Z,80.0,Charge 6
2025-11-12T18:36:40Z,79.0,Charge 6
2025-11-12T18:36:43Z,78.0,Charge 6
2025-11-12T18:36:45Z,76.0,Charge 6
2025-11-12T18:36:47Z,74.0,Charge 6
2025-11-12T18:36:49Z,73.0,Charge 6
2025-11-12T18:36:51Z,72.0,Charge 6
2025-11-12T18:36:53Z,71.0,Charge 6
2025-11-12T18:36:55Z,70.0,Charge 6
2025-11-12T18:36:57Z,70.0,Charge 6
2025-11-12T18:36:59Z,71.0,Charge 6
2025-11-12T18:37:01Z,72.0,Charge 6
2025-11-12T18:37:04Z,72.0,Charge 6
2025-11-12T18:37:05Z,71.0,Charge 6
2025-11-12T18:37:06Z,70.0,Charge 6
2025-11-12T18:37:09Z,70.0,Charge 6
2025-11-12T18:37:12Z,70.0,Charge 6
2025-11-12T18:37:15Z,70.0,Charge 6
2025-11-12T18:37:16Z,71.0,Charge 6
2025-11-12T18:37:18Z,72.0,Charge 6
2025-11-12T18:37:21Z,72.0,Charge 6
2025-11-12T18:37:24Z,73.0,Charge 6
2025-11-12T18:37:27Z,73.0,Charge 6
2025-11-12T18:37:28Z,74.0,Charge 6
2025-11-12T18:37:29Z,73.0,Charge 6
2025-11-12T18:37:31Z,72.0,Charge 6
2025-11-12T18:37:34Z,72.0,Charge 6
2025-11-12T18:37:35Z,72.0,Charge 6
2025-11-12T18:37:38Z,72.0,Charge 6
2025-11-12T18:37:39Z,74.0,Charge 6
2025-11-12T18:37:41Z,73.0,Charge 6
2025-11-12T18:37:43Z,72.0,Charge 6
2025-11-12T18:37:45Z,73.0,Charge 6
2025-11-12T18:37:47Z,74.0,Charge 6
2025-11-12T18:37:49Z,76.0,Charge 6
2025-11-12T18:37:51Z,78.0,Charge 6
2025-11-12T18:37:53Z,80.0,Charge 6
2025-11-12T18:37:54Z,78.0,Charge 6
2025-11-12T18:37:56Z,76.0,Charge 6
2025-11-12T18:37:58Z,77.0,Charge 6
2025-11-12T18:38:00Z,75.0,Charge 6
2025-11-12T18:38:02Z,74.0,Charge 6
2025-11-12T18:38:05Z,74.0,Charge 6
2025-11-12T18:38:08Z,74.0,Charge 6
2025-11-12T18:38:10Z,75.0,Charge 6
2025-11-12T18:38:12Z,78.0,Charge 6
2025-11-12T18:38:14Z,79.0,Charge 6
2025-11-12T18:38:16Z,80.0,Charge 6
2025-11-12T18:38:19Z,80.0,Charge 6
2025-11-12T18:38:21Z,79.0,Charge 6
2025-11-12T18:38:23Z,78.0,Charge 6
2025-11-12T18:38:25Z,76.0,Charge 6
2025-11-12T18:38:27Z,74.0,Charge 6
2025-11-12T18:38:30Z,74.0,Charge 6
2025-11-12T18:38:31Z,73.0,Charge 6
2025-11-12T18:38:33Z,73.0,Charge 6
2025-11-12T18:38:35Z,74.0,Charge 6
2025-11-12T18:38:37Z,73.0,Charge 6
2025-11-12T18:38:39Z,72.0,Charge 6
2025-11-12T18:38:42Z,72.0,Charge 6
2025-11-12T18:38:45Z,72.0,Charge 6
2025-11-12T18:38:48Z,74.0,Charge 6
2025-11-12T18:38:50Z,76.0,Charge 6
2025-11-12T18:38:53Z,76.0,Charge 6
2025-11-12T18:38:54Z,75.0,Charge 6
2025-11-12T18:38:56Z,76.0,Charge 6
2025-11-12T18:38:58Z,78.0,Charge 6
2025-11-12T18:39:00Z,80.0,Charge 6
2025-11-12T18:39:02Z,80.0,Charge 6
2025-11-12T18:39:04Z,78.0,Charge 6
2025-11-12T18:39:06Z,76.0,Charge 6
2025-11-12T18:39:08Z,75.0,Charge 6
2025-11-12T18:39:09Z,76.0,Charge 6
2025-11-12T18:39:11Z,78.0,Charge 6
2025-11-12T18:39:14Z,78.0,Charge 6
2025-11-12T18:39:15Z,76.0,Charge 6
2025-11-12T18:39:18Z,76.0,Charge 6
2025-11-12T18:39:19Z,75.0,Charge 6
2025-11-12T18:39:21Z,74.0,Charge 6
2025-11-12T18:39:23Z,75.0,Charge 6
2025-11-12T18:39:26Z,75.0,Charge 6
2025-11-12T18:39:27Z,76.0,Charge 6
2025-11-12T18:39:29Z,76.0,Charge 6
2025-11-12T18:39:31Z,77.0,Charge 6
2025-11-12T18:39:33Z,76.0,Charge 6
2025-11-12T18:39:36Z,75.0,Charge 6
2025-11-12T18:39:39Z,75.0,Charge 6
2025-11-12T18:39:40Z,74.0,Charge 6
2025-11-12T18:39:43Z,74.0,Charge 6
2025-11-12T18:39:46Z,74.0,Charge 6
2025-11-12T18:39:48Z,74.0,Charge 6
2025-11-12T18:39:51Z,74.0,Charge 6
2025-11-12T18:39:54Z,74.0,Charge 6
2025-11-12T18:39:57Z,74.0,Charge 6
2025-11-12T18:39:59Z,72.0,Charge 6
2025-11-12T18:40:02Z,72.0,Charge 6
2025-11-12T18:40:05Z,72.0,Charge 6
2025-11-12T18:40:08Z,72.0,Charge 6
2025-11-12T18:40:11Z,73.0,Charge 6
2025-11-12T18:40:14Z,73.0,Charge 6
2025-11-12T18:40:17Z,74.0,Charge 6
2025-11-12T18:40:20Z,74.0,Charge 6
2025-11-12T18:40:21Z,76.0,Charge 6
2025-11-12T18:40:22Z,77.0,Charge 6
2025-11-12T18:40:24Z,77.0,Charge 6
2025-11-12T18:40:26Z,76.0,Charge 6
2025-11-12T18:40:28Z,76.0,Charge 6
2025-11-12T18:40:30Z,78.0,Charge 6
2025-11-12T18:40:32Z,78.0,Charge 6
2025-11-12T18:40:34Z,78.0,Charge 6
2025-11-12T18:40:36Z,80.0,Charge 6
2025-11-12T18:40:38Z,82.0,Charge 6
2025-11-12T18:40:40Z,83.0,Charge 6
2025-11-12T18:40:42Z,85.0,Charge 6
2025-11-12T18:40:44Z,86.0,Charge 6
2025-11-12T18:40:45Z,87.0,Charge 6
2025-11-12T18:40:48Z,87.0,Charge 6
2025-11-12T18:40:49Z,90.0,Charge 6
2025-11-12T18:40:51Z,89.0,Charge 6
2025-11-12T18:40:53Z,88.0,Charge 6
2025-11-12T18:40:55Z,85.0,Charge 6
2025-11-12T18:40:57Z,84.0,Charge 6
2025-11-12T18:40:59Z,81.0,Charge 6
2025-11-12T18:41:01Z,79.0,Charge 6
2025-11-12T18:41:03Z,78.0,Charge 6
2025-11-12T18:41:05Z,77.0,Charge 6
2025-11-12T18:41:07Z,74.0,Charge 6
2025-11-12T18:41:09Z,73.0,Charge 6
2025-11-12T18:41:12Z,72.0,Charge 6
2025-11-12T18:41:15Z,72.0,Charge 6
2025-11-12T18:41:16Z,71.0,Charge 6
2025-11-12T18:41:18Z,72.0,Charge 6
2025-11-12T18:41:20Z,74.0,Charge 6
2025-11-12T18:41:22Z,75.0,Charge 6
2025-11-12T18:41:25Z,75.0,Charge 6
2025-11-12T18:41:26Z,76.0,Charge 6
2025-11-12T18:41:29Z,76.0,Charge 6
2025-11-12T18:41:32Z,75.0,Charge 6
2025-11-12T18:41:33Z,74.0,Charge 6
2025-11-12T18:41:36Z,74.0,Charge 6
2025-11-12T18:41:37Z,73.0,Charge 6
2025-11-12T18:41:39Z,72.0,Charge 6
2025-11-12T18:41:41Z,71.0,Charge 6
2025-11-12T18:41:43Z,70.0,Charge 6
2025-11-12T18:41:45Z,69.0,Charge 6
2025-11-12T18:41:47Z,68.0,Charge 6
2025-11-12T18:41:50Z,68.0,Charge 6
2025-11-12T18:41:53Z,69.0,Charge 6
2025-11-12T18:41:55Z,70.0,Charge 6
2025-11-12T18:41:57Z,72.0,Charge 6
2025-11-12T18:41:58Z,73.0,Charge 6
2025-11-12T18:42:00Z,71.0,Charge 6
2025-11-12T18:42:02Z,70.0,Charge 6
2025-11-12T18:42:05Z,70.0,Charge 6
2025-11-12T18:42:08Z,71.0,Charge 6
2025-11-12T18:42:10Z,72.0,Charge 6
2025-11-12T18:42:12Z,73.0,Charge 6
2025-11-12T18:42:15Z,73.0,Charge 6
2025-11-12T18:42:18Z,73.0,Charge 6
2025-11-12T18:42:20Z,74.0,Charge 6
2025-11-12T18:42:21Z,73.0,Charge 6
2025-11-12T18:42:23Z,72.0,Charge 6
2025-11-12T18:42:25Z,72.0,Charge 6
2025-11-12T18:42:27Z,74.0,Charge 6
2025-11-12T18:42:29Z,76.0,Charge 6
2025-11-12T18:42:31Z,78.0,Charge 6
2025-11-12T18:42:34Z,78.0,Charge 6
2025-11-12T18:42:35Z,79.0,Charge 6
2025-11-12T18:42:37Z,78.0,Charge 6
2025-11-12T18:42:40Z,78.0,Charge 6
2025-11-12T18:42:41Z,76.0,Charge 6
2025-11-12T18:42:43Z,76.0,Charge 6
2025-11-12T18:42:45Z,78.0,Charge 6
2025-11-12T18:42:46Z,79.0,Charge 6
2025-11-12T18:42:48Z,78.0,Charge 6
2025-11-12T18:42:50Z,77.0,Charge 6
2025-11-12T18:42:52Z,75.0,Charge 6
2025-11-12T18:42:54Z,74.0,Charge 6
2025-11-12T18:42:56Z,75.0,Charge 6
2025-11-12T18:42:58Z,74.0,Charge 6
2025-11-12T18:43:01Z,74.0,Charge 6
2025-11-12T18:43:04Z,74.0,Charge 6
2025-11-12T18:43:07Z,74.0,Charge 6
2025-11-12T18:43:08Z,74.0,Charge 6
2025-11-12T18:43:09Z,75.0,Charge 6
2025-11-12T18:43:11Z,76.0,Charge 6
2025-11-12T18:43:13Z,78.0,Charge 6
2025-11-12T18:43:15Z,79.0,Charge 6
2025-11-12T18:43:17Z,80.0,Charge 6
2025-11-12T18:43:19Z,81.0,Charge 6
2025-11-12T18:43:22Z,81.0,Charge 6
2025-11-12T18:43:25Z,80.0,Charge 6
2025-11-12T18:43:27Z,77.0,Charge 6
2025-11-12T18:43:29Z,75.0,Charge 6
2025-11-12T18:43:31Z,73.0,Charge 6
2025-11-12T18:43:33Z,71.0,Charge 6
2025-11-12T18:43:34Z,70.0,Charge 6
2025-11-12T18:43:36Z,71.0,Charge 6
2025-11-12T18:43:38Z,72.0,Charge 6
2025-11-12T18:43:40Z,74.0,Charge 6
2025-11-12T18:43:43Z,74.0,Charge 6
2025-11-12T18:43:46Z,75.0,Charge 6
2025-11-12T18:43:48Z,78.0,Charge 6
2025-11-12T18:43:50Z,77.0,Charge 6
2025-11-12T18:43:52Z,75.0,Charge 6
2025-11-12T18:43:54Z,73.0,Charge 6
2025-11-12T18:43:57Z,72.0,Charge 6
2025-11-12T18:44:00Z,72.0,Charge 6
2025-11-12T18:44:03Z,72.0,Charge 6
2025-11-12T18:44:06Z,72.0,Charge 6
2025-11-12T18:44:09Z,72.0,Charge 6
2025-11-12T18:44:12Z,72.0,Charge 6
2025-11-12T18:44:15Z,72.0,Charge 6
2025-11-12T18:44:18Z,72.0,Charge 6
2025-11-12T18:44:19Z,72.0,Charge 6
2025-11-12T18:44:21Z,72.0,Charge 6
2025-11-12T18:44:22Z,72.0,Charge 6
2025-11-12T18:44:25Z,72.0,Charge 6
2025-11-12T18:44:28Z,72.0,Charge 6
2025-11-12T18:44:30Z,74.0,Charge 6
2025-11-12T18:44:33Z,74.0,Charge 6
2025-11-12T18:44:36Z,74.0,Charge 6
2025-11-12T18:44:39Z,74.0,Charge 6
2025-11-12T18:44:42Z,74.0,Charge 6
2025-11-12T18:44:44Z,75.0,Charge 6
2025-11-12T18:44:45Z,76.0,Charge 6
2025-11-12T18:44:48Z,76.0,Charge 6
2025-11-12T18:44:51Z,76.0,Charge 6
2025-11-12T18:44:53Z,75.0,Charge 6
2025-11-12T18:44:55Z,76.0,Charge 6
2025-11-12T18:44:57Z,77.0,Charge 6
2025-11-12T18:44:59Z,76.0,Charge 6
2025-11-12T18:45:01Z,74.0,Charge 6
2025-11-12T18:45:04Z,74.0,Charge 6
2025-11-12T18:45:07Z,75.0,Charge 6
2025-11-12T18:45:09Z,74.0,Charge 6
2025-11-12T18:45:12Z,74.0,Charge 6
2025-11-12T18:45:15Z,74.0,Charge 6
2025-11-12T18:45:16Z,73.0,Charge 6
2025-11-12T18:45:18Z,72.0,Charge 6
2025-11-12T18:45:21Z,72.0,Charge 6
2025-11-12T18:45:24Z,74.0,Charge 6
2025-11-12T18:45:26Z,73.0,Charge 6
2025-11-12T18:45:28Z,72.0,Charge 6
2025-11-12T18:45:30Z,71.0,Charge 6
2025-11-12T18:45:33Z,72.0,Charge 6
2025-11-12T18:45:36Z,72.0,Charge 6
2025-11-12T18:45:37Z,73.0,Charge 6
2025-11-12T18:45:40Z,73.0,Charge 6
2025-11-12T18:45:41Z,74.0,Charge 6
2025-11-12T18:45:43Z,75.0,Charge 6
2025-11-12T18:45:45Z,76.0,Charge 6
2025-11-12T18:45:47Z,76.0,Charge 6
2025-11-12T18:45:49Z,77.0,Charge 6
2025-11-12T18:45:51Z,76.0,Charge 6
2025-11-12T18:45:53Z,77.0,Charge 6
2025-11-12T18:45:55Z,78.0,Charge 6
2025-11-12T18:45:57Z,79.0,Charge 6
2025-11-12T18:45:58Z,81.0,Charge 6
2025-11-12T18:46:00Z,82.0,Charge 6
2025-11-12T18:46:03Z,82.0,Charge 6
2025-11-12T18:46:04Z,83.0,Charge 6
2025-11-12T18:46:06Z,85.0,Charge 6
2025-11-12T18:46:08Z,84.0,Charge 6
2025-11-12T18:46:10Z,81.0,Charge 6
2025-11-12T18:46:12Z,80.0,Charge 6
2025-11-12T18:46:14Z,77.0,Charge 6
2025-11-12T18:46:16Z,76.0,Charge 6
2025-11-12T18:46:18Z,74.0,Charge 6
2025-11-12T18:46:21Z,72.0,Charge 6
2025-11-12T18:46:23Z,72.0,Charge 6
2025-11-12T18:46:25Z,74.0,Charge 6
2025-11-12T18:46:27Z,75.0,Charge 6
2025-11-12T18:46:30Z,75.0,Charge 6
2025-11-12T18:46:31Z,77.0,Charge 6
2025-11-12T18:46:34Z,77.0,Charge 6
2025-11-12T18:46:37Z,79.0,Charge 6
2025-11-12T18:46:39Z,80.0,Charge 6
2025-11-12T18:46:41Z,81.0,Charge 6
2025-11-12T18:46:43Z,83.0,Charge 6
2025-11-12T18:46:46Z,81.0,Charge 6
2025-11-12T18:46:48Z,79.0,Charge 6
2025-11-12T18:46:50Z,75.0,Charge 6
2025-11-12T18:46:52Z,76.0,Charge 6
2025-11-12T18:46:54Z,81.0,Charge 6
2025-11-12T18:46:56Z,80.0,Charge 6
2025-11-12T18:46:58Z,79.0,Charge 6
2025-11-12T18:47:00Z,82.0,Charge 6
2025-11-12T18:47:02Z,80.0,Charge 6
2025-11-12T18:47:04Z,78.0,Charge 6
2025-11-12T18:47:07Z,78.0,Charge 6
2025-11-12T18:47:08Z,76.0,Charge 6
2025-11-12T18:47:11Z,76.0,Charge 6
2025-11-12T18:47:14Z,76.0,Charge 6
2025-11-12T18:47:15Z,75.0,Charge 6
2025-11-12T18:47:17Z,74.0,Charge 6
2025-11-12T18:47:19Z,75.0,Charge 6
2025-11-12T18:47:21Z,74.0,Charge 6
2025-11-12T18:47:23Z,72.0,Charge 6
2025-11-12T18:47:25Z,72.0,Charge 6
2025-11-12T18:47:27Z,72.0,Charge 6
2025-11-12T18:47:30Z,72.0,Charge 6
2025-11-12T18:47:31Z,71.0,Charge 6
2025-11-12T18:47:33Z,70.0,Charge 6
2025-11-12T18:47:34Z,70.0,Charge 6
2025-11-12T18:47:37Z,70.0,Charge 6
2025-11-12T18:47:38Z,72.0,Charge 6
2025-11-12T18:47:40Z,74.0,Charge 6
2025-11-12T18:47:42Z,72.0,Charge 6
2025-11-12T18:47:44Z,73.0,Charge 6
2025-11-12T18:47:47Z,73.0,Charge 6
2025-11-12T18:47:50Z,74.0,Charge 6
2025-11-12T18:47:52Z,76.0,Charge 6
2025-11-12T18:47:54Z,78.0,Charge 6
2025-11-12T18:47:56Z,76.0,Charge 6
2025-11-12T18:47:57Z,74.0,Charge 6
2025-11-12T18:47:59Z,72.0,Charge 6
2025-11-12T18:48:01Z,70.0,Charge 6
2025-11-12T18:48:04Z,70.0,Charge 6
2025-11-12T18:48:05Z,70.0,Charge 6
2025-11-12T18:48:07Z,71.0,Charge 6
2025-11-12T18:48:09Z,72.0,Charge 6
2025-11-12T18:48:12Z,72.0,Charge 6
2025-11-12T18:48:15Z,72.0,Charge 6
2025-11-12T18:48:17Z,72.0,Charge 6
2025-11-12T18:48:20Z,72.0,Charge 6
2025-11-12T18:48:21Z,72.0,Charge 6
2025-11-12T18:48:22Z,71.0,Charge 6
2025-11-12T18:48:24Z,71.0,Charge 6
2025-11-12T18:48:26Z,70.0,Charge 6
2025-11-12T18:48:29Z,70.0,Charge 6
2025-11-12T18:48:30Z,71.0,Charge 6
2025-11-12T18:48:32Z,70.0,Charge 6
2025-11-12T18:48:35Z,70.0,Charge 6
2025-11-12T18:48:36Z,71.0,Charge 6
2025-11-12T18:48:38Z,72.0,Charge 6
2025-11-12T18:48:40Z,73.0,Charge 6
2025-11-12T18:48:43Z,73.0,Charge 6
2025-11-12T18:48:44Z,75.0,Charge 6
2025-11-12T18:48:45Z,78.0,Charge 6
2025-11-12T18:48:47Z,77.0,Charge 6
2025-11-12T18:48:49Z,75.0,Charge 6
2025-11-12T18:48:51Z,73.0,Charge 6
2025-11-12T18:48:54Z,73.0,Charge 6
2025-11-12T18:48:57Z,74.0,Charge 6
2025-11-12T18:49:00Z,74.0,Charge 6
2025-11-12T18:49:01Z,73.0,Charge 6
2025-11-12T18:49:03Z,71.0,Charge 6
2025-11-12T18:49:05Z,70.0,Charge 6
2025-11-12T18:49:08Z,70.0,Charge 6
2025-11-12T18:49:10Z,71.0,Charge 6
2025-11-12T18:49:12Z,73.0,Charge 6
2025-11-12T18:49:14Z,72.0,Charge 6
2025-11-12T18:49:16Z,72.0,Charge 6
2025-11-12T18:49:18Z,74.0,Charge 6
2025-11-12T18:49:20Z,73.0,Charge 6
2025-11-12T18:49:22Z,72.0,Charge 6
2025-11-12T18:49:24Z,72.0,Charge 6
2025-11-12T18:49:26Z,73.0,Charge 6
2025-11-12T18:49:28Z,73.0,Charge 6
2025-11-12T18:49:31Z,73.0,Charge 6
2025-11-12T18:49:32Z,72.0,Charge 6
2025-11-12T18:49:33Z,71.0,Charge 6
2025-11-12T18:49:35Z,72.0,Charge 6
2025-11-12T18:49:37Z,71.0,Charge 6
2025-11-12T18:49:39Z,70.0,Charge 6
2025-11-12T18:49:41Z,71.0,Charge 6
2025-11-12T18:49:43Z,72.0,Charge 6
2025-11-12T18:49:46Z,72.0,Charge 6
2025-11-12T18:49:49Z,71.0,Charge 6
2025-11-12T18:49:51Z,72.0,Charge 6
2025-11-12T18:49:53Z,74.0,Charge 6
2025-11-12T18:49:55Z,77.0,Charge 6
2025-11-12T18:49:57Z,76.0,Charge 6
2025-11-12T18:50:00Z,75.0,Charge 6
2025-11-12T18:50:02Z,76.0,Charge 6
2025-11-12T18:50:05Z,76.0,Charge 6
2025-11-12T18:50:06Z,75.0,Charge 6
2025-11-12T18:50:08Z,74.0,Charge 6
2025-11-12T18:50:11Z,74.0,Charge 6
2025-11-12T18:50:12Z,73.0,Charge 6
2025-11-12T18:50:14Z,72.0,Charge 6
2025-11-12T18:50:17Z,72.0,Charge 6
2025-11-12T18:50:20Z,72.0,Charge 6
2025-11-12T18:50:21Z,73.0,Charge 6
2025-11-12T18:50:24Z,73.0,Charge 6
2025-11-12T18:50:27Z,72.0,Charge 6
2025-11-12T18:50:29Z,74.0,Charge 6
2025-11-12T18:50:31Z,73.0,Charge 6
2025-11-12T18:50:33Z,72.0,Charge 6
2025-11-12T18:50:36Z,72.0,Charge 6
2025-11-12T18:50:39Z,73.0,Charge 6
2025-11-12T18:50:41Z,72.0,Charge 6
2025-11-12T18:50:43Z,72.0,Charge 6
2025-11-12T18:50:45Z,71.0,Charge 6
2025-11-12T18:50:46Z,70.0,Charge 6
2025-11-12T18:50:48Z,71.0,Charge 6
2025-11-12T18:50:51Z,71.0,Charge 6
2025-11-12T18:50:52Z,70.0,Charge 6
2025-11-12T18:50:55Z,70.0,Charge 6
2025-11-12T18:50:56Z,72.0,Charge 6
2025-11-12T18:50:59Z,72.0,Charge 6
2025-11-12T18:51:00Z,71.0,Charge 6
2025-11-12T18:51:02Z,73.0,Charge 6
2025-11-12T18:51:04Z,75.0,Charge 6
2025-11-12T18:51:06Z,80.0,Charge 6
2025-11-12T18:51:08Z,82.0,Charge 6
2025-11-12T18:51:09Z,81.0,Charge 6
2025-11-12T18:51:11Z,78.0,Charge 6
2025-11-12T18:51:13Z,74.0,Charge 6
2025-11-12T18:51:15Z,72.0,Charge 6
2025-11-12T18:51:17Z,71.0,Charge 6
2025-11-12T18:51:19Z,68.0,Charge 6
2025-11-12T18:51:22Z,68.0,Charge 6
2025-11-12T18:51:25Z,68.0,Charge 6
2025-11-12T18:51:27Z,69.0,Charge 6
2025-11-12T18:51:29Z,70.0,Charge 6
2025-11-12T18:51:31Z,71.0,Charge 6
2025-11-12T18:51:33Z,70.0,Charge 6
2025-11-12T18:51:34Z,69.0,Charge 6
2025-11-12T18:51:36Z,68.0,Charge 6
2025-11-12T18:51:38Z,68.0,Charge 6
2025-11-12T18:51:40Z,69.0,Charge 6
2025-11-12T18:51:43Z,69.0,Charge 6
2025-11-12T18:51:44Z,70.0,Charge 6
2025-11-12T18:51:47Z,70.0,Charge 6
2025-11-12T18:51:48Z,69.0,Charge 6
2025-11-12T18:51:50Z,69.0,Charge 6
2025-11-12T18:51:52Z,70.0,Charge 6
2025-11-12T18:51:54Z,71.0,Charge 6
2025-11-12T18:51:56Z,72.0,Charge 6
2025-11-12T18:51:59Z,72.0,Charge 6
2025-11-12T18:52:01Z,72.0,Charge 6
2025-11-12T18:52:03Z,70.0,Charge 6
2025-11-12T18:52:05Z,69.0,Charge 6
2025-11-12T18:52:07Z,68.0,Charge 6
2025-11-12T18:52:09Z,69.0,Charge 6
2025-11-12T18:52:11Z,71.0,Charge 6
2025-11-12T18:52:14Z,71.0,Charge 6
2025-11-12T18:52:15Z,70.0,Charge 6
2025-11-12T18:52:17Z,69.0,Charge 6
2025-11-12T18:52:20Z,69.0,Charge 6
2025-11-12T18:52:21Z,68.0,Charge 6
2025-11-12T18:52:24Z,68.0,Charge 6
2025-11-12T18:52:26Z,68.0,Charge 6
2025-11-12T18:52:28Z,68.0,Charge 6
2025-11-12T18:52:30Z,67.0,Charge 6
2025-11-12T18:52:33Z,67.0,Charge 6
2025-11-12T18:52:34Z,68.0,Charge 6
2025-11-12T18:52:36Z,67.0,Charge 6
2025-11-12T18:52:38Z,66.0,Charge 6
2025-11-12T18:52:40Z,68.0,Charge 6
2025-11-12T18:52:42Z,69.0,Charge 6
2025-11-12T18:52:44Z,70.0,Charge 6
2025-11-12T18:52:45Z,72.0,Charge 6
2025-11-12T18:52:48Z,72.0,Charge 6
2025-11-12T18:52:51Z,73.0,Charge 6
2025-11-12T18:52:53Z,72.0,Charge 6
2025-11-12T18:52:56Z,72.0,Charge 6
2025-11-12T18:52:57Z,72.0,Charge 6
2025-11-12T18:52:59Z,71.0,Charge 6
2025-11-12T18:53:02Z,71.0,Charge 6
2025-11-12T18:53:03Z,72.0,Charge 6
2025-11-12T18:53:06Z,72.0,Charge 6
2025-11-12T18:53:09Z,73.0,Charge 6
2025-11-12T18:53:12Z,72.0,Charge 6
2025-11-12T18:53:14Z,73.0,Charge 6
2025-11-12T18:53:15Z,75.0,Charge 6
2025-11-12T18:53:16Z,73.0,Charge 6
2025-11-12T18:53:19Z,73.0,Charge 6
2025-11-12T18:53:22Z,72.0,Charge 6
2025-11-12T18:53:24Z,73.0,Charge 6
2025-11-12T18:53:26Z,72.0,Charge 6
2025-11-12T18:53:29Z,72.0,Charge 6
2025-11-12T18:53:30Z,71.0,Charge 6
2025-11-12T18:53:33Z,71.0,Charge 6
2025-11-12T18:53:34Z,72.0,Charge 6
2025-11-12T18:53:36Z,71.0,Charge 6
2025-11-12T18:53:38Z,70.0,Charge 6
2025-11-12T18:53:40Z,71.0,Charge 6
2025-11-12T18:53:43Z,70.0,Charge 6
2025-11-12T18:53:45Z,72.0,Charge 6
2025-11-12T18:53:48Z,72.0,Charge 6
2025-11-12T18:53:49Z,73.0,Charge 6
2025-11-12T18:53:52Z,73.0,Charge 6
2025-11-12T18:53:55Z,72.0,Charge 6
2025-11-12T18:53:57Z,70.0,Charge 6
2025-11-12T18:53:59Z,71.0,Charge 6
2025-11-12T18:54:02Z,71.0,Charge 6
2025-11-12T18:54:05Z,71.0,Charge 6
2025-11-12T18:54:06Z,70.0,Charge 6
2025-11-12T18:54:08Z,71.0,Charge 6
2025-11-12T18:54:11Z,71.0,Charge 6
2025-11-12T18:54:14Z,71.0,Charge 6
2025-11-12T18:54:16Z,72.0,Charge 6
2025-11-12T18:54:19Z,72.0,Charge 6
2025-11-12T18:54:20Z,71.0,Charge 6
2025-11-12T18:54:23Z,71.0,Charge 6
2025-11-12T18:54:24Z,73.0,Charge 6
2025-11-12T18:54:26Z,74.0,Charge 6
2025-11-12T18:54:28Z,77.0,Charge 6
2025-11-12T18:54:29Z,76.0,Charge 6
2025-11-12T18:54:31Z,75.0,Charge 6
2025-11-12T18:54:33Z,74.0,Charge 6
2025-11-12T18:54:35Z,73.0,Charge 6
2025-11-12T18:54:37Z,72.0,Charge 6
2025-11-12T18:54:40Z,72.0,Charge 6
2025-11-12T18:54:41Z,71.0,Charge 6
2025-11-12T18:54:43Z,70.0,Charge 6
2025-11-12T18:54:46Z,70.0,Charge 6
2025-11-12T18:54:49Z,70.0,Charge 6
2025-11-12T18:54:52Z,70.0,Charge 6
2025-11-12T18:54:54Z,70.0,Charge 6
2025-11-12T18:54:56Z,70.0,Charge 6
2025-11-12T18:54:59Z,70.0,Charge 6
2025-11-12T18:55:02Z,70.0,Charge 6
2025-11-12T18:55:05Z,70.0,Charge 6
2025-11-12T18:55:08Z,70.0,Charge 6
2025-11-12T18:55:10Z,70.0,Charge 6
2025-11-12T18:55:13Z,70.0,Charge 6
2025-11-12T18:55:16Z,71.0,Charge 6
2025-11-12T18:55:17Z,72.0,Charge 6
2025-11-12T18:55:19Z,74.0,Charge 6
2025-11-12T18:55:21Z,75.0,Charge 6
2025-11-12T18:55:23Z,76.0,Charge 6
2025-11-12T18:55:25Z,80.0,Charge 6
2025-11-12T18:55:27Z,85.0,Charge 6
2025-11-12T18:55:29Z,87.0,Charge 6
2025-11-12T18:55:31Z,90.0,Charge 6
2025-11-12T18:55:33Z,91.0,Charge 6
2025-11-12T18:55:35Z,93.0,Charge 6
2025-11-12T18:55:37Z,96.0,Charge 6
2025-11-12T18:55:40Z,95.0,Charge 6
2025-11-12T18:55:42Z,96.0,Charge 6
2025-11-12T18:55:44Z,91.0,Charge 6
2025-11-12T18:55:46Z,84.0,Charge 6
2025-11-12T18:55:48Z,82.0,Charge 6
2025-11-12T18:55:50Z,80.0,Charge 6
2025-11-12T18:55:52Z,79.0,Charge 6
2025-11-12T18:55:54Z,78.0,Charge 6
2025-11-12T18:55:56Z,80.0,Charge 6
2025-11-12T18:55:58Z,81.0,Charge 6
2025-11-12T18:56:00Z,75.0,Charge 6
2025-11-12T18:56:02Z,73.0,Charge 6
2025-11-12T18:56:04Z,73.0,Charge 6
2025-11-12T18:56:07Z,73.0,Charge 6
2025-11-12T18:56:09Z,71.0,Charge 6
2025-11-12T18:56:11Z,68.0,Charge 6
2025-11-12T18:56:13Z,66.0,Charge 6
2025-11-12T18:56:16Z,66.0,Charge 6
2025-11-12T18:56:19Z,69.0,Charge 6
2025-11-12T18:56:21Z,70.0,Charge 6
2025-11-12T18:56:23Z,74.0,Charge 6
2025-11-12T18:56:25Z,80.0,Charge 6
2025-11-12T18:56:27Z,89.0,Charge 6
2025-11-12T18:56:28Z,92.0,Charge 6
2025-11-12T18:56:31Z,92.0,Charge 6
2025-11-12T18:56:32Z,93.0,Charge 6
2025-11-12T18:56:34Z,87.0,Charge 6
2025-11-12T18:56:36Z,86.0,Charge 6
2025-11-12T18:56:39Z,86.0,Charge 6
2025-11-12T18:56:40Z,84.0,Charge 6
2025-11-12T18:56:42Z,82.0,Charge 6
2025-11-12T18:56:44Z,81.0,Charge 6
2025-11-12T18:56:46Z,82.0,Charge 6
2025-11-12T18:56:48Z,83.0,Charge 6
2025-11-12T18:56:50Z,83.0,Charge 6
2025-11-12T18:56:53Z,82.0,Charge 6
2025-11-12T18:56:55Z,81.0,Charge 6
2025-11-12T18:56:58Z,81.0,Charge 6
2025-11-12T18:56:59Z,80.0,Charge 6
2025-11-12T18:57:01Z,82.0,Charge 6
2025-11-12T18:57:04Z,82.0,Charge 6
2025-11-12T18:57:07Z,93.0,Charge 6
2025-11-12T18:57:09Z,95.0,Charge 6
2025-11-12T18:57:12Z,95.0,Charge 6
2025-11-12T18:57:15Z,92.0,Charge 6
2025-11-12T18:57:16Z,88.0,Charge 6
2025-11-12T18:57:18Z,82.0,Charge 6
2025-11-12T18:57:20Z,79.0,Charge 6
2025-11-12T18:57:23Z,79.0,Charge 6
2025-11-12T18:57:26Z,78.0,Charge 6
2025-11-12T18:57:28Z,76.0,Charge 6
2025-11-12T18:57:30Z,75.0,Charge 6
2025-11-12T18:57:32Z,76.0,Charge 6
2025-11-12T18:57:34Z,80.0,Charge 6
2025-11-12T18:57:36Z,83.0,Charge 6
2025-11-12T18:57:38Z,84.0,Charge 6
2025-11-12T18:57:41Z,85.0,Charge 6
2025-11-12T18:57:43Z,86.0,Charge 6
2025-11-12T18:57:46Z,86.0,Charge 6
2025-11-12T18:57:49Z,85.0,Charge 6
2025-11-12T18:57:51Z,85.0,Charge 6
2025-11-12T18:57:53Z,86.0,Charge 6
2025-11-12T18:57:55Z,85.0,Charge 6
2025-11-12T18:57:57Z,84.0,Charge 6
2025-11-12T18:57:59Z,83.0,Charge 6
2025-11-12T18:58:01Z,80.0,Charge 6
2025-11-12T18:58:03Z,78.0,Charge 6
2025-11-12T18:58:06Z,78.0,Charge 6
2025-11-12T18:58:08Z,77.0,Charge 6
2025-11-12T18:58:11Z,77.0,Charge 6
2025-11-12T18:58:12Z,76.0,Charge 6
2025-11-12T18:58:14Z,73.0,Charge 6
2025-11-12T18:58:16Z,72.0,Charge 6
2025-11-12T18:58:18Z,71.0,Charge 6
2025-11-12T18:58:20Z,70.0,Charge 6
2025-11-12T18:58:22Z,69.0,Charge 6
2025-11-12T18:58:24Z,69.0,Charge 6
2025-11-12T18:58:27Z,69.0,Charge 6
2025-11-12T18:58:30Z,69.0,Charge 6
2025-11-12T18:58:31Z,71.0,Charge 6
2025-11-12T18:58:33Z,71.0,Charge 6
2025-11-12T18:58:36Z,71.0,Charge 6
2025-11-12T18:58:39Z,70.0,Charge 6
2025-11-12T18:58:41Z,68.0,Charge 6
2025-11-12T18:58:44Z,68.0,Charge 6
2025-11-12T18:58:47Z,68.0,Charge 6
2025-11-12T18:58:50Z,68.0,Charge 6
2025-11-12T18:58:51Z,68.0,Charge 6
2025-11-12T18:58:54Z,68.0,Charge 6
2025-11-12T18:58:57Z,68.0,Charge 6
2025-11-12T18:58:58Z,68.0,Charge 6
2025-11-12T18:59:00Z,67.0,Charge 6
2025-11-12T18:59:02Z,68.0,Charge 6
2025-11-12T18:59:04Z,69.0,Charge 6
2025-11-12T18:59:06Z,68.0,Charge 6
2025-11-12T18:59:08Z,69.0,Charge 6
2025-11-12T18:59:11Z,69.0,Charge 6
2025-11-12T18:59:14Z,69.0,Charge 6
2025-11-12T18:59:16Z,68.0,Charge 6
2025-11-12T18:59:17Z,70.0,Charge 6
2025-11-12T18:59:19Z,72.0,Charge 6
2025-11-12T18:59:22Z,72.0,Charge 6
2025-11-12T18:59:23Z,71.0,Charge 6
2025-11-12T18:59:25Z,70.0,Charge 6
2025-11-12T18:59:27Z,69.0,Charge 6
2025-11-12T18:59:29Z,68.0,Charge 6
2025-11-12T18:59:31Z,67.0,Charge 6
2025-11-12T18:59:33Z,66.0,Charge 6
2025-11-12T18:59:36Z,66.0,Charge 6
2025-11-12T18:59:39Z,66.0,Charge 6
2025-11-12T18:59:42Z,66.0,Charge 6
2025-11-12T18:59:45Z,66.0,Charge 6
2025-11-12T18:59:48Z,66.0,Charge 6
2025-11-12T18:59:50Z,66.0,Charge 6
2025-11-12T18:59:52Z,66.0,Charge 6
2025-11-12T18:59:55Z,66.0,Charge 6
2025-11-12T18:59:58Z,66.0,Charge 6
2025-11-12T19:00:00Z,65.0,Charge 6
2025-11-12T19:00:03Z,65.0,Charge 6
2025-11-12T19:00:04Z,64.0,Charge 6
2025-11-12T19:00:05Z,66.0,Charge 6
2025-11-12T19:00:08Z,66.0,Charge 6
2025-11-12T19:00:11Z,67.0,Charge 6
2025-11-12T19:00:14Z,67.0,Charge 6
2025-11-12T19:00:17Z,68.0,Charge 6
2025-11-12T19:00:19Z,69.0,Charge 6
2025-11-12T19:00:22Z,69.0,Charge 6
2025-11-12T19:00:23Z,71.0,Charge 6
2025-11-12T19:00:25Z,70.0,Charge 6
2025-11-12T19:00:27Z,70.0,Charge 6
2025-11-12T19:00:28Z,69.0,Charge 6
2025-11-12T19:00:31Z,69.0,Charge 6
2025-11-12T19:00:32Z,70.0,Charge 6
2025-11-12T19:00:35Z,70.0,Charge 6
2025-11-12T19:00:38Z,69.0,Charge 6
2025-11-12T19:00:40Z,69.0,Charge 6
2025-11-12T19:00:42Z,70.0,Charge 6
2025-11-12T19:00:45Z,70.0,Charge 6
2025-11-12T19:00:46Z,69.0,Charge 6
2025-11-12T19:00:48Z,68.0,Charge 6
2025-11-12T19:00:51Z,68.0,Charge 6
2025-11-12T19:00:52Z,68.0,Charge 6
2025-11-12T19:00:53Z,67.0,Charge 6
2025-11-12T19:00:56Z,67.0,Charge 6
2025-11-12T19:00:59Z,68.0,Charge 6
2025-11-12T19:01:01Z,69.0,Charge 6
2025-11-12T19:01:04Z,69.0,Charge 6
2025-11-12T19:01:05Z,68.0,Charge 6
2025-11-12T19:01:07Z,67.0,Charge 6
2025-11-12T19:01:09Z,68.0,Charge 6
2025-11-12T19:01:12Z,68.0,Charge 6
2025-11-12T19:01:13Z,67.0,Charge 6
2025-11-12T19:01:16Z,66.0,Charge 6
2025-11-12T19:01:19Z,66.0,Charge 6
2025-11-12T19:01:22Z,66.0,Charge 6
2025-11-12T19:01:24Z,67.0,Charge 6
2025-11-12T19:01:27Z,67.0,Charge 6
2025-11-12T19:01:30Z,66.0,Charge 6
2025-11-12T19:01:33Z,66.0,Charge 6
2025-11-12T19:01:36Z,66.0,Charge 6
2025-11-12T19:01:39Z,66.0,Charge 6
2025-11-12T19:01:40Z,67.0,Charge 6
2025-11-12T19:01:41Z,66.0,Charge 6
2025-11-12T19:01:43Z,66.0,Charge 6
2025-11-12T19:01:46Z,66.0,Charge 6
2025-11-12T19:01:47Z,67.0,Charge 6
2025-11-12T19:01:49Z,66.0,Charge 6
2025-11-12T19:01:52Z,66.0,Charge 6
2025-11-12T19:01:53Z,66.0,Charge 6
2025-11-12T19:01:56Z,66.0,Charge 6
2025-11-12T19:01:57Z,67.0,Charge 6
2025-11-12T19:01:59Z,69.0,Charge 6
2025-11-12T19:02:02Z,69.0,Charge 6
2025-11-12T19:02:04Z,70.0,Charge 6
2025-11-12T19:02:06Z,72.0,Charge 6
2025-11-12T19:02:09Z,72.0,Charge 6
2025-11-12T19:02:10Z,75.0,Charge 6
2025-11-12T19:02:12Z,73.0,Charge 6
2025-11-12T19:02:14Z,72.0,Charge 6
2025-11-12T19:02:17Z,72.0,Charge 6
2025-11-12T19:02:20Z,72.0,Charge 6
2025-11-12T19:02:22Z,74.0,Charge 6
2025-11-12T19:02:24Z,75.0,Charge 6
2025-11-12T19:02:27Z,75.0,Charge 6
2025-11-12T19:02:28Z,77.0,Charge 6
2025-11-12T19:02:29Z,78.0,Charge 6
2025-11-12T19:02:31Z,77.0,Charge 6
2025-11-12T19:02:33Z,79.0,Charge 6
2025-11-12T19:02:35Z,81.0,Charge 6
2025-11-12T19:02:37Z,82.0,Charge 6
2025-11-12T19:02:39Z,81.0,Charge 6
2025-11-12T19:02:42Z,81.0,Charge 6
2025-11-12T19:02:45Z,82.0,Charge 6
2025-11-12T19:02:47Z,86.0,Charge 6
2025-11-12T19:02:49Z,88.0,Charge 6
2025-11-12T19:02:51Z,87.0,Charge 6
2025-11-12T19:02:52Z,79.0,Charge 6
2025-11-12T19:02:54Z,75.0,Charge 6
2025-11-12T19:02:56Z,72.0,Charge 6
2025-11-12T19:02:58Z,71.0,Charge 6
2025-11-12T19:03:00Z,69.0,Charge 6
2025-11-12T19:03:02Z,68.0,Charge 6
2025-11-12T19:03:04Z,67.0,Charge 6
2025-11-12T19:03:06Z,68.0,Charge 6
2025-11-12T19:03:08Z,70.0,Charge 6
2025-11-12T19:03:11Z,70.0,Charge 6
2025-11-12T19:03:14Z,70.0,Charge 6
2025-11-12T19:03:16Z,71.0,Charge 6
2025-11-12T19:03:17Z,70.0,Charge 6
2025-11-12T19:03:19Z,71.0,Charge 6
2025-11-12T19:03:21Z,74.0,Charge 6
2025-11-12T19:03:23Z,74.0,Charge 6
2025-11-12T19:03:26Z,74.0,Charge 6
2025-11-12T19:03:27Z,76.0,Charge 6
2025-11-12T19:03:29Z,75.0,Charge 6
2025-11-12T19:03:31Z,76.0,Charge 6
2025-11-12T19:03:34Z,76.0,Charge 6
2025-11-12T19:03:35Z,74.0,Charge 6
2025-11-12T19:03:38Z,74.0,Charge 6
2025-11-12T19:03:39Z,73.0,Charge 6
2025-11-12T19:03:42Z,72.0,Charge 6
2025-11-12T19:03:45Z,72.0,Charge 6
2025-11-12T19:03:46Z,71.0,Charge 6
2025-11-12T19:03:49Z,71.0,Charge 6
2025-11-12T19:03:50Z,72.0,Charge 6
2025-11-12T19:03:52Z,74.0,Charge 6
2025-11-12T19:03:54Z,73.0,Charge 6
2025-11-12T19:03:56Z,72.0,Charge 6
2025-11-12T19:03:58Z,70.0,Charge 6
2025-11-12T19:04:00Z,69.0,Charge 6
2025-11-12T19:04:02Z,70.0,Charge 6
2025-11-12T19:04:05Z,70.0,Charge 6
2025-11-12T19:04:07Z,71.0,Charge 6
2025-11-12T19:04:10Z,71.0,Charge 6
2025-11-12T19:04:11Z,70.0,Charge 6
2025-11-12T19:04:14Z,70.0,Charge 6
2025-11-12T19:04:17Z,70.0,Charge 6
2025-11-12T19:04:19Z,71.0,Charge 6
2025-11-12T19:04:21Z,70.0,Charge 6
2025-11-12T19:04:24Z,70.0,Charge 6
2025-11-12T19:04:27Z,69.0,Charge 6
2025-11-12T19:04:30Z,70.0,Charge 6
2025-11-12T19:04:32Z,69.0,Charge 6
2025-11-12T19:04:34Z,68.0,Charge 6
2025-11-12T19:04:37Z,68.0,Charge 6
2025-11-12T19:04:40Z,68.0,Charge 6
2025-11-12T19:04:43Z,68.0,Charge 6
2025-11-12T19:04:46Z,68.0,Charge 6
2025-11-12T19:04:49Z,68.0,Charge 6
2025-11-12T19:04:50Z,69.0,Charge 6
2025-11-12T19:04:52Z,70.0,Charge 6
2025-11-12T19:04:53Z,69.0,Charge 6
2025-11-12T19:04:55Z,69.0,Charge 6
2025-11-12T19:04:57Z,70.0,Charge 6
2025-11-12T19:05:00Z,70.0,Charge 6
2025-11-12T19:05:03Z,70.0,Charge 6
2025-11-12T19:05:06Z,70.0,Charge 6
2025-11-12T19:05:07Z,69.0,Charge 6
2025-11-12T19:05:09Z,68.0,Charge 6
2025-11-12T19:05:12Z,68.0,Charge 6
2025-11-12T19:05:13Z,69.0,Charge 6
2025-11-12T19:05:16Z,69.0,Charge 6
2025-11-12T19:05:18Z,68.0,Charge 6
2025-11-12T19:05:21Z,68.0,Charge 6
2025-11-12T19:05:22Z,69.0,Charge 6
2025-11-12T19:05:25Z,69.0,Charge 6
2025-11-12T19:05:28Z,69.0,Charge 6
2025-11-12T19:05:30Z,68.0,Charge 6
2025-11-12T19:05:33Z,68.0,Charge 6
2025-11-12T19:05:36Z,67.0,Charge 6
2025-11-12T19:05:38Z,66.0,Charge 6
2025-11-12T19:05:40Z,66.0,Charge 6
2025-11-12T19:05:43Z,67.0,Charge 6
2025-11-12T19:05:45Z,69.0,Charge 6
2025-11-12T19:05:47Z,70.0,Charge 6
2025-11-12T19:05:49Z,72.0,Charge 6
2025-11-12T19:05:51Z,72.0,Charge 6
2025-11-12T19:05:54Z,72.0,Charge 6
2025-11-12T19:05:57Z,73.0,Charge 6
2025-11-12T19:06:00Z,73.0,Charge 6
2025-11-12T19:06:01Z,72.0,Charge 6
2025-11-12T19:06:03Z,70.0,Charge 6
2025-11-12T19:06:06Z,69.0,Charge 6
2025-11-12T19:06:09Z,69.0,Charge 6
2025-11-12T19:06:10Z,68.0,Charge 6
2025-11-12T19:06:13Z,68.0,Charge 6
2025-11-12T19:06:16Z,68.0,Charge 6
2025-11-12T19:06:19Z,68.0,Charge 6
2025-11-12T19:06:22Z,68.0,Charge 6
2025-11-12T19:06:25Z,68.0,Charge 6
2025-11-12T19:06:26Z,69.0,Charge 6
2025-11-12T19:06:28Z,70.0,Charge 6
2025-11-12T19:06:31Z,70.0,Charge 6
2025-11-12T19:06:34Z,70.0,Charge 6
2025-11-12T19:06:35Z,71.0,Charge 6
2025-11-12T19:06:37Z,72.0,Charge 6
2025-11-12T19:06:40Z,72.0,Charge 6
2025-11-12T19:06:41Z,73.0,Charge 6
2025-11-12T19:06:43Z,75.0,Charge 6
2025-11-12T19:06:46Z,75.0,Charge 6
2025-11-12T19:06:47Z,77.0,Charge 6
2025-11-12T19:06:49Z,76.0,Charge 6
2025-11-12T19:06:51Z,75.0,Charge 6
2025-11-12T19:06:52Z,75.0,Charge 6
2025-11-12T19:06:55Z,75.0,Charge 6
2025-11-12T19:06:58Z,75.0,Charge 6
2025-11-12T19:07:01Z,75.0,Charge 6
2025-11-12T19:07:02Z,74.0,Charge 6
2025-11-12T19:07:04Z,75.0,Charge 6
2025-11-12T19:07:06Z,74.0,Charge 6
2025-11-12T19:07:09Z,74.0,Charge 6
2025-11-12T19:07:10Z,73.0,Charge 6
2025-11-12T19:07:12Z,71.0,Charge 6
2025-11-12T19:07:14Z,70.0,Charge 6
2025-11-12T19:07:16Z,69.0,Charge 6
2025-11-12T19:07:19Z,69.0,Charge 6
2025-11-12T19:07:21Z,70.0,Charge 6
2025-11-12T19:07:23Z,71.0,Charge 6
2025-11-12T19:07:25Z,72.0,Charge 6
2025-11-12T19:07:27Z,69.0,Charge 6
2025-11-12T19:07:30Z,69.0,Charge 6
2025-11-12T19:07:31Z,68.0,Charge 6
2025-11-12T19:07:34Z,68.0,Charge 6
2025-11-12T19:07:35Z,67.0,Charge 6
2025-11-12T19:07:38Z,67.0,Charge 6
2025-11-12T19:07:39Z,69.0,Charge 6
2025-11-12T19:07:40Z,71.0,Charge 6
2025-11-12T19:07:42Z,72.0,Charge 6
2025-11-12T19:07:44Z,71.0,Charge 6
2025-11-12T19:07:46Z,72.0,Charge 6
2025-11-12T19:07:48Z,70.0,Charge 6
2025-11-12T19:07:50Z,69.0,Charge 6
2025-11-12T19:07:52Z,68.0,Charge 6
2025-11-12T19:07:54Z,69.0,Charge 6
2025-11-12T19:07:56Z,70.0,Charge 6
2025-11-12T19:07:58Z,72.0,Charge 6
2025-11-12T19:08:00Z,74.0,Charge 6
2025-11-12T19:08:03Z,74.0,Charge 6
2025-11-12T19:08:05Z,73.0,Charge 6
2025-11-12T19:08:07Z,72.0,Charge 6
2025-11-12T19:08:09Z,73.0,Charge 6
2025-11-12T19:08:12Z,73.0,Charge 6
2025-11-12T19:08:13Z,72.0,Charge 6
2025-11-12T19:08:16Z,72.0,Charge 6
2025-11-12T19:08:17Z,71.0,Charge 6
2025-11-12T19:08:20Z,71.0,Charge 6
2025-11-12T19:08:21Z,70.0,Charge 6
2025-11-12T19:08:24Z,69.0,Charge 6
2025-11-12T19:08:26Z,68.0,Charge 6
2025-11-12T19:08:28Z,67.0,Charge 6
2025-11-12T19:08:31Z,67.0,Charge 6
2025-11-12T19:08:34Z,67.0,Charge 6
2025-11-12T19:08:37Z,68.0,Charge 6
2025-11-12T19:08:40Z,68.0,Charge 6
2025-11-12T19:08:41Z,70.0,Charge 6
2025-11-12T19:08:43Z,72.0,Charge 6
2025-11-12T19:08:45Z,76.0,Charge 6
2025-11-12T19:08:47Z,78.0,Charge 6
2025-11-12T19:08:49Z,79.0,Charge 6
2025-11-12T19:08:52Z,79.0,Charge 6
2025-11-12T19:08:55Z,79.0,Charge 6
2025-11-12T19:08:58Z,74.0,Charge 6
2025-11-12T19:09:00Z,73.0,Charge 6
2025-11-12T19:09:02Z,71.0,Charge 6
2025-11-12T19:09:04Z,70.0,Charge 6
2025-11-12T19:09:06Z,69.0,Charge 6
2025-11-12T19:09:08Z,67.0,Charge 6
2025-11-12T19:09:10Z,66.0,Charge 6
2025-11-12T19:09:12Z,65.0,Charge 6
2025-11-12T19:09:14Z,64.0,Charge 6
2025-11-12T19:09:17Z,64.0,Charge 6
2025-11-12T19:09:19Z,65.0,Charge 6
2025-11-12T19:09:22Z,65.0,Charge 6
2025-11-12T19:09:25Z,65.0,Charge 6
2025-11-12T19:09:28Z,65.0,Charge 6
2025-11-12T19:09:29Z,66.0,Charge 6
2025-11-12T19:09:32Z,66.0,Charge 6
2025-11-12T19:09:35Z,66.0,Charge 6
2025-11-12T19:09:38Z,66.0,Charge 6
2025-11-12T19:09:41Z,66.0,Charge 6
2025-11-12T19:09:44Z,66.0,Charge 6
2025-11-12T19:09:46Z,67.0,Charge 6
2025-11-12T19:09:49Z,67.0,Charge 6
2025-11-12T19:09:50Z,65.0,Charge 6
2025-11-12T19:09:52Z,65.0,Charge 6
2025-11-12T19:09:54Z,64.0,Charge 6
2025-11-12T19:09:56Z,64.0,Charge 6
2025-11-12T19:09:59Z,64.0,Charge 6
2025-11-12T19:10:00Z,64.0,Charge 6
2025-11-12T19:10:03Z,64.0,Charge 6
2025-11-12T19:10:04Z,64.0,Charge 6
2025-11-12T19:10:07Z,64.0,Charge 6
2025-11-12T19:10:10Z,64.0,Charge 6
2025-11-12T19:10:11Z,65.0,Charge 6
2025-11-12T19:10:13Z,67.0,Charge 6
2025-11-12T19:10:15Z,69.0,Charge 6
2025-11-12T19:10:17Z,71.0,Charge 6
2025-11-12T19:10:20Z,71.0,Charge 6
2025-11-12T19:10:23Z,74.0,Charge 6
2025-11-12T19:10:25Z,76.0,Charge 6
2025-11-12T19:10:27Z,74.0,Charge 6
2025-11-12T19:10:28Z,72.0,Charge 6
2025-11-12T19:10:30Z,70.0,Charge 6
2025-11-12T19:10:32Z,69.0,Charge 6
2025-11-12T19:10:35Z,69.0,Charge 6
2025-11-12T19:10:36Z,68.0,Charge 6
2025-11-12T19:10:38Z,67.0,Charge 6
2025-11-12T19:10:41Z,67.0,Charge 6
2025-11-12T19:10:44Z,66.0,Charge 6
2025-11-12T19:10:47Z,66.0,Charge 6
2025-11-12T19:10:50Z,66.0,Charge 6
2025-11-12T19:10:52Z,68.0,Charge 6
2025-11-12T19:10:55Z,68.0,Charge 6
2025-11-12T19:10:58Z,68.0,Charge 6
2025-11-12T19:11:01Z,67.0,Charge 6
2025-11-12T19:11:03Z,69.0,Charge 6
2025-11-12T19:11:05Z,70.0,Charge 6
2025-11-12T19:11:08Z,70.0,Charge 6
2025-11-12T19:11:09Z,69.0,Charge 6
2025-11-12T19:11:11Z,68.0,Charge 6
2025-11-12T19:11:13Z,69.0,Charge 6
2025-11-12T19:11:15Z,71.0,Charge 6
2025-11-12T19:11:16Z,72.0,Charge 6
2025-11-12T19:11:19Z,72.0,Charge 6
2025-11-12T19:11:22Z,72.0,Charge 6
2025-11-12T19:11:24Z,72.0,Charge 6
2025-11-12T19:11:26Z,73.0,Charge 6
2025-11-12T19:11:28Z,74.0,Charge 6
2025-11-12T19:11:31Z,74.0,Charge 6
2025-11-12T19:11:32Z,75.0,Charge 6
2025-11-12T19:11:35Z,75.0,Charge 6
2025-11-12T19:11:36Z,75.0,Charge 6
2025-11-12T19:11:38Z,76.0,Charge 6
2025-11-12T19:11:40Z,77.0,Charge 6
2025-11-12T19:11:41Z,76.0,Charge 6
2025-11-12T19:11:43Z,73.0,Charge 6
2025-11-12T19:11:45Z,72.0,Charge 6
2025-11-12T19:11:47Z,71.0,Charge 6
2025-11-12T19:11:49Z,71.0,Charge 6
2025-11-12T19:11:51Z,70.0,Charge 6
2025-11-12T19:11:54Z,70.0,Charge 6
2025-11-12T19:11:55Z,71.0,Charge 6
2025-11-12T19:11:58Z,71.0,Charge 6
2025-11-12T19:12:01Z,70.0,Charge 6
2025-11-12T19:12:03Z,70.0,Charge 6
2025-11-12T19:12:06Z,70.0,Charge 6
2025-11-12T19:12:09Z,70.0,Charge 6
2025-11-12T19:12:10Z,70.0,Charge 6
2025-11-12T19:12:13Z,70.0,Charge 6
2025-11-12T19:12:14Z,69.0,Charge 6
2025-11-12T19:12:16Z,68.0,Charge 6
2025-11-12T19:12:18Z,68.0,Charge 6
2025-11-12T19:12:21Z,68.0,Charge 6
2025-11-12T19:12:24Z,69.0,Charge 6
2025-11-12T19:12:27Z,69.0,Charge 6
2025-11-12T19:12:28Z,68.0,Charge 6
2025-11-12T19:12:31Z,68.0,Charge 6
2025-11-12T19:12:33Z,68.0,Charge 6
2025-11-12T19:12:36Z,68.0,Charge 6
2025-11-12T19:12:37Z,67.0,Charge 6
2025-11-12T19:12:40Z,67.0,Charge 6
2025-11-12T19:12:41Z,68.0,Charge 6
2025-11-12T19:12:43Z,69.0,Charge 6
2025-11-12T19:12:45Z,70.0,Charge 6
2025-11-12T19:12:48Z,70.0,Charge 6
2025-11-12T19:12:49Z,70.0,Charge 6
2025-11-12T19:12:51Z,70.0,Charge 6
2025-11-12T19:12:54Z,70.0,Charge 6
2025-11-12T19:12:56Z,72.0,Charge 6
2025-11-12T19:12:59Z,72.0,Charge 6
2025-11-12T19:13:02Z,75.0,Charge 6
2025-11-12T19:13:05Z,75.0,Charge 6
2025-11-12T19:13:08Z,76.0,Charge 6
2025-11-12T19:13:10Z,78.0,Charge 6
2025-11-12T19:13:12Z,77.0,Charge 6
2025-11-12T19:13:14Z,79.0,Charge 6
2025-11-12T19:13:16Z,76.0,Charge 6
2025-11-12T19:13:17Z,74.0,Charge 6
2025-11-12T19:13:19Z,75.0,Charge 6
2025-11-12T19:13:21Z,73.0,Charge 6
2025-11-12T19:13:23Z,73.0,Charge 6
2025-11-12T19:13:26Z,73.0,Charge 6
2025-11-12T19:13:27Z,72.0,Charge 6
2025-11-12T19:13:30Z,72.0,Charge 6
2025-11-12T19:13:33Z,73.0,Charge 6
2025-11-12T19:13:35Z,73.0,Charge 6
2025-11-12T19:13:37Z,72.0,Charge 6
2025-11-12T19:13:40Z,72.0,Charge 6
2025-11-12T19:13:43Z,72.0,Charge 6
2025-11-12T19:13:46Z,72.0,Charge 6
2025-11-12T19:13:48Z,72.0,Charge 6
2025-11-12T19:13:51Z,72.0,Charge 6
2025-11-12T19:13:52Z,72.0,Charge 6
2025-11-12T19:13:55Z,72.0,Charge 6
2025-11-12T19:13:58Z,72.0,Charge 6
2025-11-12T19:14:00Z,70.0,Charge 6
2025-11-12T19:14:02Z,71.0,Charge 6
2025-11-12T19:14:05Z,70.0,Charge 6
2025-11-12T19:14:07Z,70.0,Charge 6
2025-11-12T19:14:09Z,70.0,Charge 6
2025-11-12T19:14:12Z,70.0,Charge 6
2025-11-12T19:14:13Z,71.0,Charge 6
2025-11-12T19:14:15Z,73.0,Charge 6
2025-11-12T19:14:17Z,74.0,Charge 6
2025-11-12T19:14:19Z,73.0,Charge 6
2025-11-12T19:14:21Z,74.0,Charge 6
2025-11-12T19:14:23Z,75.0,Charge 6
2025-11-12T19:14:25Z,74.0,Charge 6
2025-11-12T19:14:27Z,74.0,Charge 6
2025-11-12T19:14:30Z,74.0,Charge 6
2025-11-12T19:14:32Z,73.0,Charge 6
2025-11-12T19:14:34Z,73.0,Charge 6
2025-11-12T19:14:36Z,72.0,Charge 6
2025-11-12T19:14:39Z,72.0,Charge 6
2025-11-12T19:14:40Z,72.0,Charge 6
2025-11-12T19:14:42Z,71.0,Charge 6
2025-11-12T19:14:45Z,71.0,Charge 6
2025-11-12T19:14:46Z,70.0,Charge 6
2025-11-12T19:14:49Z,70.0,Charge 6
2025-11-12T19:14:50Z,69.0,Charge 6
2025-11-12T19:14:52Z,70.0,Charge 6
2025-11-12T19:14:53Z,71.0,Charge 6
2025-11-12T19:14:56Z,71.0,Charge 6
2025-11-12T19:14:59Z,71.0,Charge 6
2025-11-12T19:15:01Z,70.0,Charge 6
2025-11-12T19:15:03Z,71.0,Charge 6
2025-11-12T19:15:06Z,71.0,Charge 6
2025-11-12T19:15:07Z,71.0,Charge 6
2025-11-12T19:15:09Z,72.0,Charge 6
2025-11-12T19:15:12Z,72.0,Charge 6
2025-11-12T19:15:13Z,74.0,Charge 6
2025-11-12T19:15:16Z,72.0,Charge 6
2025-11-12T19:15:19Z,72.0,Charge 6
2025-11-12T19:15:20Z,71.0,Charge 6
2025-11-12T19:15:22Z,72.0,Charge 6
2025-11-12T19:15:24Z,71.0,Charge 6
2025-11-12T19:15:27Z,71.0,Charge 6
2025-11-12T19:15:28Z,70.0,Charge 6
2025-11-12T19:15:31Z,70.0,Charge 6
2025-11-12T19:15:34Z,70.0,Charge 6
2025-11-12T19:15:37Z,70.0,Charge 6
2025-11-12T19:15:40Z,70.0,Charge 6
2025-11-12T19:15:41Z,70.0,Charge 6
2025-11-12T19:15:44Z,70.0,Charge 6
2025-11-12T19:15:45Z,71.0,Charge 6
2025-11-12T19:15:48Z,71.0,Charge 6
2025-11-12T19:15:49Z,70.0,Charge 6
2025-11-12T19:15:52Z,70.0,Charge 6
2025-11-12T19:15:53Z,71.0,Charge 6
2025-11-12T19:15:56Z,71.0,Charge 6
2025-11-12T19:15:57Z,72.0,Charge 6
2025-11-12T19:15:59Z,71.0,Charge 6
2025-11-12T19:16:01Z,70.0,Charge 6
2025-11-12T19:16:03Z,71.0,Charge 6
2025-11-12T19:16:04Z,72.0,Charge 6
2025-11-12T19:16:06Z,72.0,Charge 6
2025-11-12T19:16:08Z,73.0,Charge 6
2025-11-12T19:16:10Z,74.0,Charge 6
2025-11-12T19:16:12Z,73.0,Charge 6
2025-11-12T19:16:14Z,73.0,Charge 6
2025-11-12T19:16:16Z,74.0,Charge 6
2025-11-12T19:16:19Z,74.0,Charge 6
2025-11-12T19:16:22Z,73.0,Charge 6
2025-11-12T19:16:24Z,72.0,Charge 6
2025-11-12T19:16:26Z,72.0,Charge 6
2025-11-12T19:16:28Z,73.0,Charge 6
2025-11-12T19:16:29Z,74.0,Charge 6
2025-11-12T19:16:31Z,71.0,Charge 6
2025-11-12T19:16:33Z,70.0,Charge 6
2025-11-12T19:16:35Z,69.0,Charge 6
2025-11-12T19:16:37Z,68.0,Charge 6
2025-11-12T19:16:40Z,68.0,Charge 6
2025-11-12T19:16:41Z,67.0,Charge 6
2025-11-12T19:16:43Z,66.0,Charge 6
2025-11-12T19:16:46Z,66.0,Charge 6
2025-11-12T19:16:49Z,66.0,Charge 6
2025-11-12T19:16:51Z,65.0,Charge 6
2025-11-12T19:16:52Z,66.0,Charge 6
2025-11-12T19:16:55Z,66.0,Charge 6
2025-11-12T19:16:56Z,67.0,Charge 6
2025-11-12T19:16:58Z,69.0,Charge 6
2025-11-12T19:17:00Z,70.0,Charge 6
2025-11-12T19:17:02Z,71.0,Charge 6
2025-11-12T19:17:04Z,73.0,Charge 6
2025-11-12T19:17:06Z,76.0,Charge 6
2025-11-12T19:17:08Z,78.0,Charge 6
2025-11-12T19:17:10Z,83.0,Charge 6
2025-11-12T19:17:12Z,86.0,Charge 6
2025-11-12T19:17:14Z,88.0,Charge 6
2025-11-12T19:17:16Z,85.0,Charge 6
2025-11-12T19:17:17Z,79.0,Charge 6
2025-11-12T19:17:19Z,73.0,Charge 6
2025-11-12T19:17:21Z,72.0,Charge 6
2025-11-12T19:17:23Z,71.0,Charge 6
2025-11-12T19:17:25Z,70.0,Charge 6
2025-11-12T19:17:28Z,70.0,Charge 6
2025-11-12T19:17:29Z,71.0,Charge 6
2025-11-12T19:17:31Z,70.0,Charge 6
2025-11-12T19:17:33Z,70.0,Charge 6
2025-11-12T19:17:35Z,71.0,Charge 6
2025-11-12T19:17:37Z,71.0,Charge 6
2025-11-12T19:17:40Z,71.0,Charge 6
2025-11-12T19:17:42Z,70.0,Charge 6
2025-11-12T19:17:44Z,71.0,Charge 6
2025-11-12T19:17:47Z,71.0,Charge 6
2025-11-12T19:17:50Z,71.0,Charge 6
2025-11-12T19:17:53Z,71.0,Charge 6
2025-11-12T19:17:54Z,70.0,Charge 6
2025-11-12T19:17:57Z,70.0,Charge 6
2025-11-12T19:18:00Z,70.0,Charge 6
2025-11-12T19:18:02Z,70.0,Charge 6
2025-11-12T19:18:05Z,70.0,Charge 6
2025-11-12T19:18:07Z,72.0,Charge 6
2025-11-12T19:18:09Z,73.0,Charge 6
2025-11-12T19:18:11Z,75.0,Charge 6
2025-11-12T19:18:13Z,77.0,Charge 6
2025-11-12T19:18:15Z,87.0,Charge 6
2025-11-12T19:18:17Z,81.0,Charge 6
2025-11-12T19:18:19Z,75.0,Charge 6
2025-11-12T19:18:21Z,76.0,Charge 6
2025-11-12T19:18:24Z,76.0,Charge 6
2025-11-12T19:18:25Z,78.0,Charge 6
2025-11-12T19:18:27Z,79.0,Charge 6
2025-11-12T19:18:28Z,76.0,Charge 6
2025-11-12T19:18:30Z,74.0,Charge 6
2025-11-12T19:18:32Z,73.0,Charge 6
2025-11-12T19:18:34Z,73.0,Charge 6
2025-11-12T19:18:36Z,75.0,Charge 6
2025-11-12T19:18:39Z,75.0,Charge 6
2025-11-12T19:18:40Z,74.0,Charge 6
2025-11-12T19:18:42Z,73.0,Charge 6
2025-11-12T19:18:44Z,74.0,Charge 6
2025-11-12T19:18:46Z,72.0,Charge 6
2025-11-12T19:18:49Z,72.0,Charge 6
2025-11-12T19:18:52Z,71.0,Charge 6
2025-11-12T19:18:55Z,74.0,Charge 6
2025-11-12T19:18:57Z,73.0,Charge 6
2025-11-12T19:18:59Z,72.0,Charge 6
2025-11-12T19:19:02Z,72.0,Charge 6
2025-11-12T19:19:03Z,71.0,Charge 6
2025-11-12T19:19:06Z,71.0,Charge 6
2025-11-12T19:19:07Z,70.0,Charge 6
2025-11-12T19:19:10Z,70.0,Charge 6
2025-11-12T19:19:13Z,71.0,Charge 6
2025-11-12T19:19:16Z,72.0,Charge 6
2025-11-12T19:19:19Z,72.0,Charge 6
2025-11-12T19:19:20Z,73.0,Charge 6
2025-11-12T19:19:23Z,73.0,Charge 6
2025-11-12T19:19:24Z,72.0,Charge 6
2025-11-12T19:19:27Z,72.0,Charge 6
2025-11-12T19:19:28Z,73.0,Charge 6
2025-11-12T19:19:30Z,74.0,Charge 6
2025-11-12T19:19:32Z,72.0,Charge 6
2025-11-12T19:19:34Z,72.0,Charge 6
2025-11-12T19:19:37Z,72.0,Charge 6
2025-11-12T19:19:40Z,71.0,Charge 6
2025-11-12T19:19:43Z,72.0,Charge 6
2025-11-12T19:19:46Z,72.0,Charge 6
2025-11-12T19:19:47Z,73.0,Charge 6
2025-11-12T19:19:49Z,75.0,Charge 6
2025-11-12T19:19:51Z,76.0,Charge 6
2025-11-12T19:19:53Z,74.0,Charge 6
2025-11-12T19:19:55Z,75.0,Charge 6
2025-11-12T19:19:57Z,76.0,Charge 6
2025-11-12T19:19:59Z,77.0,Charge 6
2025-11-12T19:20:01Z,79.0,Charge 6
2025-11-12T19:20:03Z,80.0,Charge 6
2025-11-12T19:20:06Z,82.0,Charge 6
2025-11-12T19:20:08Z,84.0,Charge 6
2025-11-12T19:20:11Z,84.0,Charge 6
2025-11-12T19:20:12Z,78.0,Charge 6
2025-11-12T19:20:14Z,77.0,Charge 6
2025-11-12T19:20:16Z,75.0,Charge 6
2025-11-12T19:20:19Z,75.0,Charge 6
2025-11-12T19:20:20Z,73.0,Charge 6
2025-11-12T19:20:22Z,72.0,Charge 6
2025-11-12T19:20:24Z,70.0,Charge 6
2025-11-12T19:20:26Z,70.0,Charge 6
2025-11-12T19:20:29Z,70.0,Charge 6
2025-11-12T19:20:31Z,71.0,Charge 6
2025-11-12T19:20:33Z,72.0,Charge 6
2025-11-12T19:20:36Z,72.0,Charge 6
2025-11-12T19:20:37Z,73.0,Charge 6
2025-11-12T19:20:39Z,75.0,Charge 6
2025-11-12T19:20:41Z,76.0,Charge 6
2025-11-12T19:20:43Z,77.0,Charge 6
2025-11-12T19:20:45Z,76.0,Charge 6
2025-11-12T19:20:47Z,74.0,Charge 6
2025-11-12T19:20:50Z,74.0,Charge 6
2025-11-12T19:20:51Z,73.0,Charge 6
2025-11-12T19:20:52Z,72.0,Charge 6
2025-11-12T19:20:54Z,72.0,Charge 6
2025-11-12T19:20:56Z,72.0,Charge 6
2025-11-12T19:20:59Z,72.0,Charge 6
2025-11-12T19:21:00Z,71.0,Charge 6
2025-11-12T19:21:03Z,71.0,Charge 6
2025-11-12T19:21:04Z,72.0,Charge 6
2025-11-12T19:21:07Z,72.0,Charge 6
2025-11-12T19:21:10Z,71.0,Charge 6
2025-11-12T19:21:12Z,72.0,Charge 6
2025-11-12T19:21:14Z,73.0,Charge 6
2025-11-12T19:21:17Z,73.0,Charge 6
2025-11-12T19:21:19Z,74.0,Charge 6
2025-11-12T19:21:21Z,75.0,Charge 6
2025-11-12T19:21:24Z,75.0,Charge 6
2025-11-12T19:21:25Z,74.0,Charge 6
2025-11-12T19:21:27Z,73.0,Charge 6
2025-11-12T19:21:29Z,72.0,Charge 6
2025-11-12T19:21:31Z,71.0,Charge 6
2025-11-12T19:21:33Z,70.0,Charge 6
2025-11-12T19:21:36Z,70.0,Charge 6
2025-11-12T19:21:37Z,71.0,Charge 6
2025-11-12T19:21:39Z,72.0,Charge 6
2025-11-12T19:21:42Z,72.0,Charge 6
2025-11-12T19:21:45Z,72.0,Charge 6
2025-11-12T19:21:46Z,73.0,Charge 6
2025-11-12T19:21:48Z,73.0,Charge 6
2025-11-12T19:21:50Z,72.0,Charge 6
2025-11-12T19:21:53Z,72.0,Charge 6
2025-11-12T19:21:54Z,72.0,Charge 6
2025-11-12T19:21:56Z,73.0,Charge 6
2025-11-12T19:21:59Z,73.0,Charge 6
2025-11-12T19:22:00Z,72.0,Charge 6
2025-11-12T19:22:03Z,72.0,Charge 6
2025-11-12T19:22:05Z,70.0,Charge 6
2025-11-12T19:22:08Z,70.0,Charge 6
2025-11-12T19:22:09Z,72.0,Charge 6
2025-11-12T19:22:11Z,71.0,Charge 6
2025-11-12T19:22:13Z,72.0,Charge 6
2025-11-12T19:22:15Z,73.0,Charge 6
2025-11-12T19:22:17Z,72.0,Charge 6
2025-11-12T19:22:19Z,71.0,Charge 6
2025-11-12T19:22:21Z,70.0,Charge 6
2025-11-12T19:22:24Z,70.0,Charge 6
2025-11-12T19:22:25Z,70.0,Charge 6
2025-11-12T19:22:27Z,74.0,Charge 6
2025-11-12T19:22:28Z,76.0,Charge 6
2025-11-12T19:22:30Z,74.0,Charge 6
2025-11-12T19:22:32Z,73.0,Charge 6
2025-11-12T19:22:35Z,73.0,Charge 6
2025-11-12T19:22:36Z,75.0,Charge 6
2025-11-12T19:22:39Z,75.0,Charge 6
2025-11-12T19:22:40Z,73.0,Charge 6
2025-11-12T19:22:42Z,71.0,Charge 6
2025-11-12T19:22:44Z,70.0,Charge 6
2025-11-12T19:22:46Z,69.0,Charge 6
2025-11-12T19:22:48Z,68.0,Charge 6
2025-11-12T19:22:51Z,68.0,Charge 6
2025-11-12T19:22:53Z,67.0,Charge 6
2025-11-12T19:22:55Z,66.0,Charge 6
2025-11-12T19:22:58Z,66.0,Charge 6
2025-11-12T19:23:01Z,66.0,Charge 6
2025-11-12T19:23:04Z,66.0,Charge 6
2025-11-12T19:23:07Z,66.0,Charge 6
2025-11-12T19:23:09Z,68.0,Charge 6
2025-11-12T19:23:12Z,68.0,Charge 6
2025-11-12T19:23:15Z,69.0,Charge 6
2025-11-12T19:23:16Z,70.0,Charge 6
2025-11-12T19:23:18Z,71.0,Charge 6
2025-11-12T19:23:20Z,72.0,Charge 6
2025-11-12T19:23:22Z,73.0,Charge 6
2025-11-12T19:23:24Z,74.0,Charge 6
2025-11-12T19:23:26Z,75.0,Charge 6
2025-11-12T19:23:28Z,74.0,Charge 6
2025-11-12T19:23:30Z,73.0,Charge 6
2025-11-12T19:23:32Z,74.0,Charge 6
2025-11-12T19:23:34Z,77.0,Charge 6
2025-11-12T19:23:36Z,76.0,Charge 6
2025-11-12T19:23:38Z,80.0,Charge 6
2025-11-12T19:23:40Z,79.0,Charge 6
2025-11-12T19:23:41Z,78.0,Charge 6
2025-11-12T19:23:43Z,76.0,Charge 6
2025-11-12T19:23:45Z,76.0,Charge 6
2025-11-12T19:23:47Z,75.0,Charge 6
2025-11-12T19:23:50Z,75.0,Charge 6
2025-11-12T19:23:51Z,77.0,Charge 6
2025-11-12T19:23:54Z,77.0,Charge 6
2025-11-12T19:23:57Z,75.0,Charge 6
2025-11-12T19:23:59Z,74.0,Charge 6
2025-11-12T19:24:02Z,74.0,Charge 6
2025-11-12T19:24:05Z,74.0,Charge 6
2025-11-12T19:24:06Z,73.0,Charge 6
2025-11-12T19:24:08Z,72.0,Charge 6
2025-11-12T19:24:10Z,73.0,Charge 6
2025-11-12T19:24:12Z,75.0,Charge 6
2025-11-12T19:24:14Z,76.0,Charge 6
2025-11-12T19:24:16Z,75.0,Charge 6
2025-11-12T19:24:19Z,75.0,Charge 6
2025-11-12T19:24:20Z,74.0,Charge 6
2025-11-12T19:24:22Z,73.0,Charge 6
2025-11-12T19:24:25Z,73.0,Charge 6
2025-11-12T19:24:26Z,74.0,Charge 6
2025-11-12T19:24:28Z,72.0,Charge 6
2025-11-12T19:24:31Z,71.0,Charge 6
2025-11-12T19:24:33Z,70.0,Charge 6
2025-11-12T19:24:36Z,70.0,Charge 6
2025-11-12T19:24:39Z,70.0,Charge 6
2025-11-12T19:24:41Z,71.0,Charge 6
2025-11-12T19:24:44Z,71.0,Charge 6
2025-11-12T19:24:45Z,70.0,Charge 6
2025-11-12T19:24:47Z,71.0,Charge 6
2025-11-12T19:24:50Z,71.0,Charge 6
2025-11-12T19:24:51Z,70.0,Charge 6
2025-11-12T19:24:54Z,70.0,Charge 6
2025-11-12T19:24:56Z,69.0,Charge 6
2025-11-12T19:24:59Z,69.0,Charge 6
2025-11-12T19:25:00Z,68.0,Charge 6
2025-11-12T19:25:02Z,67.0,Charge 6
2025-11-12T19:25:04Z,68.0,Charge 6
2025-11-12T19:25:06Z,67.0,Charge 6
2025-11-12T19:25:08Z,68.0,Charge 6
2025-11-12T19:25:11Z,68.0,Charge 6
2025-11-12T19:25:14Z,69.0,Charge 6
2025-11-12T19:25:17Z,69.0,Charge 6
2025-11-12T19:25:20Z,69.0,Charge 6
2025-11-12T19:25:21Z,69.0,Charge 6
2025-11-12T19:25:23Z,70.0,Charge 6
2025-11-12T19:25:26Z,70.0,Charge 6
2025-11-12T19:25:29Z,70.0,Charge 6
2025-11-12T19:25:32Z,70.0,Charge 6
2025-11-12T19:25:35Z,70.0,Charge 6
2025-11-12T19:25:38Z,70.0,Charge 6
2025-11-12T19:25:39Z,71.0,Charge 6
2025-11-12T19:25:42Z,72.0,Charge 6
2025-11-12T19:25:44Z,70.0,Charge 6
2025-11-12T19:25:46Z,72.0,Charge 6
2025-11-12T19:25:48Z,75.0,Charge 6
2025-11-12T19:25:50Z,76.0,Charge 6
2025-11-12T19:25:53Z,76.0,Charge 6
2025-11-12T19:25:56Z,75.0,Charge 6
2025-11-12T19:25:58Z,76.0,Charge 6
2025-11-12T19:26:00Z,77.0,Charge 6
2025-11-12T19:26:02Z,79.0,Charge 6
2025-11-12T19:26:04Z,82.0,Charge 6
2025-11-12T19:26:05Z,83.0,Charge 6
2025-11-12T19:26:08Z,83.0,Charge 6
2025-11-12T19:26:09Z,85.0,Charge 6
2025-11-12T19:26:11Z,87.0,Charge 6
2025-11-12T19:26:13Z,89.0,Charge 6
2025-11-12T19:26:15Z,85.0,Charge 6
2025-11-12T19:26:17Z,80.0,Charge 6
2025-11-12T19:26:19Z,77.0,Charge 6
2025-11-12T19:26:21Z,75.0,Charge 6
2025-11-12T19:26:23Z,76.0,Charge 6
2025-11-12T19:26:25Z,78.0,Charge 6
2025-11-12T19:26:27Z,75.0,Charge 6
2025-11-12T19:26:29Z,74.0,Charge 6
2025-11-12T19:26:30Z,73.0,Charge 6
2025-11-12T19:26:32Z,71.0,Charge 6
2025-11-12T19:26:34Z,72.0,Charge 6
2025-11-12T19:26:36Z,73.0,Charge 6
2025-11-12T19:26:38Z,71.0,Charge 6
2025-11-12T19:26:41Z,71.0,Charge 6
2025-11-12T19:26:44Z,71.0,Charge 6
2025-11-12T19:26:47Z,71.0,Charge 6
2025-11-12T19:26:48Z,71.0,Charge 6
2025-11-12T19:26:50Z,70.0,Charge 6
2025-11-12T19:26:53Z,71.0,Charge 6
2025-11-12T19:26:56Z,71.0,Charge 6
2025-11-12T19:26:59Z,72.0,Charge 6
2025-11-12T19:27:01Z,74.0,Charge 6
2025-11-12T19:27:03Z,72.0,Charge 6
2025-11-12T19:27:05Z,71.0,Charge 6
2025-11-12T19:27:08Z,71.0,Charge 6
2025-11-12T19:27:09Z,70.0,Charge 6
2025-11-12T19:27:12Z,70.0,Charge 6
2025-11-12T19:27:15Z,70.0,Charge 6
2025-11-12T19:27:18Z,71.0,Charge 6
2025-11-12T19:27:20Z,72.0,Charge 6
2025-11-12T19:27:22Z,72.0,Charge 6
2025-11-12T19:27:24Z,71.0,Charge 6
2025-11-12T19:27:26Z,70.0,Charge 6
2025-11-12T19:27:29Z,70.0,Charge 6
2025-11-12T19:27:30Z,69.0,Charge 6
2025-11-12T19:27:32Z,68.0,Charge 6
2025-11-12T19:27:35Z,68.0,Charge 6
2025-11-12T19:27:38Z,68.0,Charge 6
2025-11-12T19:27:40Z,69.0,Charge 6
2025-11-12T19:27:41Z,70.0,Charge 6
2025-11-12T19:27:43Z,69.0,Charge 6
2025-11-12T19:27:45Z,68.0,Charge 6
2025-11-12T19:27:48Z,68.0,Charge 6
2025-11-12T19:27:51Z,68.0,Charge 6
2025-11-12T19:27:53Z,69.0,Charge 6
2025-11-12T19:27:55Z,70.0,Charge 6
2025-11-12T19:27:57Z,72.0,Charge 6
2025-11-12T19:27:59Z,74.0,Charge 6
2025-11-12T19:28:01Z,76.0,Charge 6
2025-11-12T19:28:03Z,77.0,Charge 6
2025-11-12T19:28:05Z,79.0,Charge 6
2025-11-12T19:28:08Z,78.0,Charge 6
2025-11-12T19:28:11Z,78.0,Charge 6
2025-11-12T19:28:14Z,78.0,Charge 6
2025-11-12T19:28:16Z,80.0,Charge 6
2025-11-12T19:28:18Z,82.0,Charge 6
2025-11-12T19:28:21Z,82.0,Charge 6
2025-11-12T19:28:22Z,79.0,Charge 6
2025-11-12T19:28:24Z,77.0,Charge 6
2025-11-12T19:28:26Z,76.0,Charge 6
2025-11-12T19:28:28Z,75.0,Charge 6
2025-11-12T19:28:29Z,73.0,Charge 6
2025-11-12T19:28:31Z,72.0,Charge 6
2025-11-12T19:28:33Z,71.0,Charge 6
2025-11-12T19:28:35Z,70.0,Charge 6
2025-11-12T19:28:38Z,70.0,Charge 6
2025-11-12T19:28:39Z,69.0,Charge 6
2025-11-12T19:28:41Z,68.0,Charge 6
2025-11-12T19:28:44Z,68.0,Charge 6
2025-11-12T19:28:47Z,68.0,Charge 6
2025-11-12T19:28:50Z,68.0,Charge 6
2025-11-12T19:28:51Z,69.0,Charge 6
2025-11-12T19:28:53Z,70.0,Charge 6
2025-11-12T19:28:54Z,71.0,Charge 6
2025-11-12T19:28:56Z,72.0,Charge 6
2025-11-12T19:28:58Z,72.0,Charge 6
2025-11-12T19:29:00Z,72.0,Charge 6
2025-11-12T19:29:02Z,73.0,Charge 6
2025-11-12T19:29:04Z,74.0,Charge 6
2025-11-12T19:29:06Z,74.0,Charge 6
2025-11-12T19:29:09Z,74.0,Charge 6
2025-11-12T19:29:10Z,75.0,Charge 6
2025-11-12T19:29:12Z,74.0,Charge 6
2025-11-12T19:29:15Z,74.0,Charge 6
2025-11-12T19:29:16Z,74.0,Charge 6
2025-11-12T19:29:19Z,74.0,Charge 6
2025-11-12T19:29:21Z,73.0,Charge 6
2025-11-12T19:29:24Z,73.0,Charge 6
2025-11-12T19:29:25Z,74.0,Charge 6
2025-11-12T19:29:28Z,74.0,Charge 6
2025-11-12T19:29:29Z,77.0,Charge 6
2025-11-12T19:29:31Z,79.0,Charge 6
2025-11-12T19:29:34Z,79.0,Charge 6
2025-11-12T19:29:35Z,78.0,Charge 6
2025-11-12T19:29:37Z,77.0,Charge 6
2025-11-12T19:29:39Z,75.0,Charge 6
2025-11-12T19:29:41Z,74.0,Charge 6
2025-11-12T19:29:44Z,73.0,Charge 6
2025-11-12T19:29:47Z,73.0,Charge 6
2025-11-12T19:29:48Z,72.0,Charge 6
2025-11-12T19:29:51Z,72.0,Charge 6
2025-11-12T19:29:54Z,72.0,Charge 6
2025-11-12T19:29:56Z,70.0,Charge 6
2025-11-12T19:29:59Z,70.0,Charge 6
2025-11-12T19:30:02Z,70.0,Charge 6
2025-11-12T19:30:04Z,72.0,Charge 6
2025-11-12T19:30:05Z,73.0,Charge 6
2025-11-12T19:30:07Z,74.0,Charge 6
2025-11-12T19:30:09Z,76.0,Charge 6
2025-11-12T19:30:12Z,76.0,Charge 6
2025-11-12T19:30:13Z,75.0,Charge 6
2025-11-12T19:30:15Z,76.0,Charge 6
2025-11-12T19:30:17Z,77.0,Charge 6
2025-11-12T19:30:20Z,77.0,Charge 6
2025-11-12T19:30:23Z,78.0,Charge 6
2025-11-12T19:30:25Z,77.0,Charge 6
2025-11-12T19:30:27Z,76.0,Charge 6
2025-11-12T19:30:29Z,75.0,Charge 6
2025-11-12T19:30:30Z,74.0,Charge 6
2025-11-12T19:30:32Z,74.0,Charge 6
2025-11-12T19:30:34Z,75.0,Charge 6
2025-11-12T19:30:37Z,75.0,Charge 6
2025-11-12T19:30:40Z,75.0,Charge 6
2025-11-12T19:30:42Z,74.0,Charge 6
2025-11-12T19:30:45Z,74.0,Charge 6
2025-11-12T19:30:48Z,74.0,Charge 6
2025-11-12T19:30:51Z,74.0,Charge 6
2025-11-12T19:30:53Z,76.0,Charge 6
2025-11-12T19:30:55Z,77.0,Charge 6
2025-11-12T19:30:57Z,79.0,Charge 6
2025-11-12T19:30:59Z,80.0,Charge 6
2025-11-12T19:31:01Z,87.0,Charge 6
2025-11-12T19:31:03Z,93.0,Charge 6
2025-11-12T19:31:05Z,97.0,Charge 6
2025-11-12T19:31:07Z,98.0,Charge 6
2025-11-12T19:31:09Z,100.0,Charge 6
2025-11-12T19:31:11Z,101.0,Charge 6
2025-11-12T19:31:14Z,101.0,Charge 6
2025-11-12T19:31:15Z,85.0,Charge 6
2025-11-12T19:31:17Z,82.0,Charge 6
2025-11-12T19:31:18Z,81.0,Charge 6
2025-11-12T19:31:20Z,78.0,Charge 6
2025-11-12T19:31:22Z,75.0,Charge 6
2025-11-12T19:31:24Z,73.0,Charge 6
2025-11-12T19:31:26Z,72.0,Charge 6
2025-11-12T19:31:28Z,74.0,Charge 6
2025-11-12T19:31:30Z,72.0,Charge 6
2025-11-12T19:31:32Z,70.0,Charge 6
2025-11-12T19:31:34Z,69.0,Charge 6
2025-11-12T19:31:36Z,68.0,Charge 6
2025-11-12T19:31:38Z,68.0,Charge 6
2025-11-12T19:31:40Z,68.0,Charge 6
2025-11-12T19:31:43Z,69.0,Charge 6
2025-11-12T19:31:45Z,70.0,Charge 6
2025-11-12T19:31:47Z,73.0,Charge 6
2025-11-12T19:31:49Z,74.0,Charge 6
2025-11-12T19:31:51Z,75.0,Charge 6
2025-11-12T19:31:53Z,75.0,Charge 6
2025-11-12T19:31:55Z,74.0,Charge 6
2025-11-12T19:31:57Z,72.0,Charge 6
2025-11-12T19:31:59Z,70.0,Charge 6
2025-11-12T19:32:01Z,69.0,Charge 6
2025-11-12T19:32:03Z,67.0,Charge 6
2025-11-12T19:32:05Z,66.0,Charge 6
2025-11-12T19:32:08Z,66.0,Charge 6
2025-11-12T19:32:10Z,66.0,Charge 6
2025-11-12T19:32:13Z,66.0,Charge 6
2025-11-12T19:32:16Z,65.0,Charge 6
2025-11-12T19:32:18Z,64.0,Charge 6
2025-11-12T19:32:21Z,64.0,Charge 6
2025-11-12T19:32:22Z,64.0,Charge 6
2025-11-12T19:32:24Z,64.0,Charge 6
2025-11-12T19:32:27Z,64.0,Charge 6
2025-11-12T19:32:30Z,64.0,Charge 6
2025-11-12T19:32:31Z,63.0,Charge 6
2025-11-12T19:32:34Z,63.0,Charge 6
2025-11-12T19:32:37Z,64.0,Charge 6
2025-11-12T19:32:39Z,66.0,Charge 6
2025-11-12T19:32:41Z,67.0,Charge 6
2025-11-12T19:32:43Z,67.0,Charge 6
2025-11-12T19:32:45Z,66.0,Charge 6
2025-11-12T19:32:47Z,65.0,Charge 6
2025-11-12T19:32:49Z,64.0,Charge 6
2025-11-12T19:32:52Z,64.0,Charge 6
2025-11-12T19:32:54Z,64.0,Charge 6
2025-11-12T19:32:57Z,64.0,Charge 6
2025-11-12T19:32:58Z,63.0,Charge 6
2025-11-12T19:33:00Z,63.0,Charge 6
2025-11-12T19:33:02Z,64.0,Charge 6
2025-11-12T19:33:05Z,64.0,Charge 6
2025-11-12T19:33:08Z,64.0,Charge 6
2025-11-12T19:33:11Z,64.0,Charge 6
2025-11-12T19:33:12Z,64.0,Charge 6
2025-11-12T19:33:15Z,64.0,Charge 6
2025-11-12T19:33:16Z,66.0,Charge 6
2025-11-12T19:33:17Z,68.0,Charge 6
2025-11-12T19:33:19Z,70.0,Charge 6
2025-11-12T19:33:21Z,69.0,Charge 6
2025-11-12T19:33:23Z,68.0,Charge 6
2025-11-12T19:33:25Z,67.0,Charge 6
2025-11-12T19:33:28Z,67.0,Charge 6
2025-11-12T19:33:29Z,66.0,Charge 6
2025-11-12T19:33:32Z,66.0,Charge 6
2025-11-12T19:33:33Z,67.0,Charge 6
2025-11-12T19:33:36Z,67.0,Charge 6
2025-11-12T19:33:37Z,67.0,Charge 6
2025-11-12T19:33:39Z,66.0,Charge 6
2025-11-12T19:33:42Z,65.0,Charge 6
2025-11-12T19:33:44Z,65.0,Charge 6
2025-11-12T19:33:46Z,66.0,Charge 6
2025-11-12T19:33:49Z,66.0,Charge 6
2025-11-12T19:33:50Z,66.0,Charge 6
2025-11-12T19:33:52Z,67.0,Charge 6
2025-11-12T19:33:54Z,66.0,Charge 6
2025-11-12T19:33:57Z,66.0,Charge 6
2025-11-12T19:34:00Z,67.0,Charge 6
2025-11-12T19:34:02Z,68.0,Charge 6
2025-11-12T19:34:04Z,66.0,Charge 6
2025-11-12T19:34:07Z,64.0,Charge 6
2025-11-12T19:34:09Z,66.0,Charge 6
2025-11-12T19:34:12Z,66.0,Charge 6
2025-11-12T19:34:13Z,68.0,Charge 6
2025-11-12T19:34:16Z,68.0,Charge 6
2025-11-12T19:34:17Z,67.0,Charge 6
2025-11-12T19:34:19Z,66.0,Charge 6
2025-11-12T19:34:21Z,66.0,Charge 6
2025-11-12T19:34:24Z,66.0,Charge 6
2025-11-12T19:34:27Z,66.0,Charge 6
2025-11-12T19:34:29Z,67.0,Charge 6
2025-11-12T19:34:30Z,70.0,Charge 6
2025-11-12T19:34:32Z,73.0,Charge 6
2025-11-12T19:34:34Z,77.0,Charge 6
2025-11-12T19:34:36Z,80.0,Charge 6
2025-11-12T19:34:38Z,84.0,Charge 6
2025-11-12T19:34:40Z,92.0,Charge 6
2025-11-12T19:34:42Z,98.0,Charge 6
2025-11-12T19:34:44Z,101.0,Charge 6
2025-11-12T19:34:46Z,102.0,Charge 6
2025-11-12T19:34:48Z,100.0,Charge 6
2025-11-12T19:34:51Z,100.0,Charge 6
2025-11-12T19:34:52Z,99.0,Charge 6
2025-11-12T19:34:53Z,96.0,Charge 6
2025-11-12T19:34:55Z,97.0,Charge 6
2025-11-12T19:34:57Z,98.0,Charge 6
2025-11-12T19:34:59Z,97.0,Charge 6
2025-11-12T19:35:01Z,93.0,Charge 6
2025-11-12T19:35:03Z,94.0,Charge 6
2025-11-12T19:35:05Z,96.0,Charge 6
2025-11-12T19:35:07Z,98.0,Charge 6
2025-11-12T19:35:10Z,98.0,Charge 6
2025-11-12T19:35:13Z,95.0,Charge 6
2025-11-12T19:35:15Z,94.0,Charge 6
2025-11-12T19:35:17Z,84.0,Charge 6
2025-11-12T19:35:18Z,82.0,Charge 6
2025-11-12T19:35:21Z,82.0,Charge 6
2025-11-12T19:35:24Z,84.0,Charge 6
2025-11-12T19:35:26Z,80.0,Charge 6
2025-11-12T19:35:29Z,80.0,Charge 6
2025-11-12T19:35:30Z,79.0,Charge 6
2025-11-12T19:35:33Z,79.0,Charge 6
2025-11-12T19:35:36Z,79.0,Charge 6
2025-11-12T19:35:39Z,79.0,Charge 6
2025-11-12T19:35:40Z,80.0,Charge 6
2025-11-12T19:35:41Z,80.0,Charge 6
2025-11-12T19:35:43Z,79.0,Charge 6
2025-11-12T19:35:45Z,78.0,Charge 6
2025-11-12T19:35:47Z,76.0,Charge 6
2025-11-12T19:35:49Z,74.0,Charge 6
2025-11-12T19:35:51Z,72.0,Charge 6
2025-11-12T19:35:53Z,70.0,Charge 6
2025-11-12T19:35:55Z,69.0,Charge 6
2025-11-12T19:35:57Z,69.0,Charge 6
2025-11-12T19:36:00Z,69.0,Charge 6
2025-11-12T19:36:03Z,69.0,Charge 6
2025-11-12T19:36:05Z,70.0,Charge 6
2025-11-12T19:36:08Z,71.0,Charge 6
2025-11-12T19:36:10Z,72.0,Charge 6
2025-11-12T19:36:12Z,71.0,Charge 6
2025-11-12T19:36:14Z,70.0,Charge 6
2025-11-12T19:36:17Z,70.0,Charge 6
2025-11-12T19:36:20Z,69.0,Charge 6
2025-11-12T19:36:22Z,68.0,Charge 6
2025-11-12T19:36:24Z,67.0,Charge 6
2025-11-12T19:36:26Z,66.0,Charge 6
2025-11-12T19:36:29Z,66.0,Charge 6
2025-11-12T19:36:31Z,65.0,Charge 6
2025-11-12T19:36:33Z,66.0,Charge 6
2025-11-12T19:36:36Z,66.0,Charge 6
2025-11-12T19:36:37Z,65.0,Charge 6
2025-11-12T19:36:39Z,66.0,Charge 6
2025-11-12T19:36:42Z,66.0,Charge 6
2025-11-12T19:36:45Z,68.0,Charge 6
2025-11-12T19:36:47Z,68.0,Charge 6
2025-11-12T19:36:50Z,68.0,Charge 6
2025-11-12T19:36:53Z,68.0,Charge 6
2025-11-12T19:36:54Z,68.0,Charge 6
2025-11-12T19:36:57Z,68.0,Charge 6
2025-11-12T19:37:00Z,68.0,Charge 6
2025-11-12T19:37:02Z,68.0,Charge 6
2025-11-12T19:37:05Z,68.0,Charge 6
2025-11-12T19:37:08Z,68.0,Charge 6
2025-11-12T19:37:10Z,68.0,Charge 6
2025-11-12T19:37:13Z,68.0,Charge 6
2025-11-12T19:37:14Z,70.0,Charge 6
2025-11-12T19:37:17Z,70.0,Charge 6
2025-11-12T19:37:19Z,70.0,Charge 6
2025-11-12T19:37:21Z,70.0,Charge 6
2025-11-12T19:37:23Z,70.0,Charge 6
2025-11-12T19:37:26Z,70.0,Charge 6
2025-11-12T19:37:27Z,68.0,Charge 6
2025-11-12T19:37:30Z,68.0,Charge 6
2025-11-12T19:37:33Z,67.0,Charge 6
2025-11-12T19:37:35Z,66.0,Charge 6
2025-11-12T19:37:38Z,66.0,Charge 6
2025-11-12T19:37:41Z,66.0,Charge 6
2025-11-12T19:37:44Z,67.0,Charge 6
2025-11-12T19:37:46Z,68.0,Charge 6
2025-11-12T19:37:49Z,68.0,Charge 6
2025-11-12T19:37:52Z,68.0,Charge 6
2025-11-12T19:37:54Z,68.0,Charge 6
2025-11-12T19:37:57Z,68.0,Charge 6
2025-11-12T19:38:00Z,68.0,Charge 6
2025-11-12T19:38:03Z,68.0,Charge 6
2025-11-12T19:38:04Z,70.0,Charge 6
2025-11-12T19:38:07Z,70.0,Charge 6
2025-11-12T19:38:09Z,69.0,Charge 6
2025-11-12T19:38:11Z,68.0,Charge 6
2025-11-12T19:38:13Z,69.0,Charge 6
2025-11-12T19:38:15Z,70.0,Charge 6
2025-11-12T19:38:17Z,69.0,Charge 6
2025-11-12T19:38:19Z,68.0,Charge 6
2025-11-12T19:38:22Z,68.0,Charge 6
2025-11-12T19:38:23Z,69.0,Charge 6
2025-11-12T19:38:26Z,69.0,Charge 6
2025-11-12T19:38:27Z,70.0,Charge 6
2025-11-12T19:38:29Z,70.0,Charge 6
2025-11-12T19:38:32Z,72.0,Charge 6
2025-11-12T19:38:34Z,72.0,Charge 6
2025-11-12T19:38:36Z,70.0,Charge 6
2025-11-12T19:38:38Z,70.0,Charge 6
2025-11-12T19:38:41Z,70.0,Charge 6
2025-11-12T19:38:44Z,70.0,Charge 6
2025-11-12T19:38:47Z,70.0,Charge 6
2025-11-12T19:38:50Z,70.0,Charge 6
2025-11-12T19:38:53Z,70.0,Charge 6
2025-11-12T19:38:56Z,70.0,Charge 6
2025-11-12T19:38:59Z,70.0,Charge 6
2025-11-12T19:39:01Z,70.0,Charge 6
2025-11-12T19:39:04Z,70.0,Charge 6
2025-11-12T19:39:07Z,70.0,Charge 6
2025-11-12T19:39:09Z,70.0,Charge 6
2025-11-12T19:39:12Z,70.0,Charge 6
2025-11-12T19:39:13Z,69.0,Charge 6
2025-11-12T19:39:15Z,68.0,Charge 6
2025-11-12T19:39:18Z,69.0,Charge 6
2025-11-12T19:39:20Z,70.0,Charge 6
2025-11-12T19:39:22Z,72.0,Charge 6
2025-11-12T19:39:24Z,74.0,Charge 6
2025-11-12T19:39:26Z,75.0,Charge 6
2025-11-12T19:39:29Z,75.0,Charge 6
2025-11-12T19:39:30Z,74.0,Charge 6
2025-11-12T19:39:32Z,72.0,Charge 6
2025-11-12T19:39:35Z,72.0,Charge 6
2025-11-12T19:39:36Z,71.0,Charge 6
2025-11-12T19:39:39Z,71.0,Charge 6
2025-11-12T19:39:42Z,71.0,Charge 6
2025-11-12T19:39:45Z,71.0,Charge 6
2025-11-12T19:39:47Z,72.0,Charge 6
2025-11-12T19:39:50Z,72.0,Charge 6
2025-11-12T19:39:53Z,72.0,Charge 6
2025-11-12T19:39:55Z,73.0,Charge 6
2025-11-12T19:39:57Z,74.0,Charge 6
2025-11-12T19:39:59Z,76.0,Charge 6
2025-11-12T19:40:01Z,79.0,Charge 6
2025-11-12T19:40:03Z,81.0,Charge 6
2025-11-12T19:40:06Z,81.0,Charge 6
2025-11-12T19:40:08Z,78.0,Charge 6
2025-11-12T19:40:10Z,76.0,Charge 6
2025-11-12T19:40:12Z,74.0,Charge 6
2025-11-12T19:40:14Z,73.0,Charge 6
2025-11-12T19:40:16Z,71.0,Charge 6
2025-11-12T19:40:18Z,70.0,Charge 6
2025-11-12T19:40:20Z,68.0,Charge 6
2025-11-12T19:40:23Z,68.0,Charge 6
2025-11-12T19:40:26Z,67.0,Charge 6
2025-11-12T19:40:29Z,67.0,Charge 6
2025-11-12T19:40:31Z,66.0,Charge 6
2025-11-12T19:40:33Z,68.0,Charge 6
2025-11-12T19:40:36Z,68.0,Charge 6
2025-11-12T19:40:37Z,67.0,Charge 6
2025-11-12T19:40:39Z,66.0,Charge 6
2025-11-12T19:40:42Z,66.0,Charge 6
2025-11-12T19:40:45Z,66.0,Charge 6
2025-11-12T19:40:48Z,66.0,Charge 6
2025-11-12T19:40:49Z,66.0,Charge 6
2025-11-12T19:40:51Z,66.0,Charge 6
2025-11-12T19:40:54Z,66.0,Charge 6
2025-11-12T19:40:57Z,66.0,Charge 6
2025-11-12T19:40:58Z,66.0,Charge 6
2025-11-12T19:41:00Z,66.0,Charge 6
2025-11-12T19:41:02Z,67.0,Charge 6
2025-11-12T19:41:04Z,69.0,Charge 6
2025-11-12T19:41:06Z,71.0,Charge 6
2025-11-12T19:41:08Z,72.0,Charge 6
2025-11-12T19:41:10Z,77.0,Charge 6
2025-11-12T19:41:12Z,78.0,Charge 6
2025-11-12T19:41:14Z,75.0,Charge 6
2025-11-12T19:41:16Z,86.0,Charge 6
2025-11-12T19:41:17Z,90.0,Charge 6
2025-11-12T19:41:19Z,86.0,Charge 6
2025-11-12T19:41:21Z,83.0,Charge 6
2025-11-12T19:41:23Z,79.0,Charge 6
2025-11-12T19:41:25Z,77.0,Charge 6
2025-11-12T19:41:28Z,77.0,Charge 6
2025-11-12T19:41:29Z,78.0,Charge 6
2025-11-12T19:41:31Z,77.0,Charge 6
2025-11-12T19:41:33Z,76.0,Charge 6
2025-11-12T19:41:35Z,75.0,Charge 6
2025-11-12T19:41:37Z,74.0,Charge 6
2025-11-12T19:41:39Z,72.0,Charge 6
2025-11-12T19:41:41Z,71.0,Charge 6
2025-11-12T19:41:42Z,72.0,Charge 6
2025-11-12T19:41:44Z,71.0,Charge 6
2025-11-12T19:41:46Z,70.0,Charge 6
2025-11-12T19:41:48Z,70.0,Charge 6
2025-11-12T19:41:50Z,69.0,Charge 6
2025-11-12T19:41:52Z,70.0,Charge 6
2025-11-12T19:41:54Z,69.0,Charge 6
2025-11-12T19:41:56Z,68.0,Charge 6
2025-11-12T19:41:59Z,68.0,Charge 6
2025-11-12T19:42:00Z,67.0,Charge 6
2025-11-12T19:42:02Z,68.0,Charge 6
2025-11-12T19:42:04Z,70.0,Charge 6
2025-11-12T19:42:07Z,69.0,Charge 6
2025-11-12T19:42:09Z,68.0,Charge 6
2025-11-12T19:42:11Z,68.0,Charge 6
2025-11-12T19:42:13Z,69.0,Charge 6
2025-11-12T19:42:15Z,68.0,Charge 6
2025-11-12T19:42:18Z,68.0,Charge 6
2025-11-12T19:42:21Z,68.0,Charge 6
2025-11-12T19:42:24Z,68.0,Charge 6
2025-11-12T19:42:27Z,68.0,Charge 6
2025-11-12T19:42:29Z,69.0,Charge 6
2025-11-12T19:42:30Z,70.0,Charge 6
2025-11-12T19:42:33Z,70.0,Charge 6
2025-11-12T19:42:34Z,69.0,Charge 6
2025-11-12T19:42:37Z,69.0,Charge 6
2025-11-12T19:42:38Z,70.0,Charge 6
2025-11-12T19:42:40Z,69.0,Charge 6
2025-11-12T19:42:43Z,69.0,Charge 6
2025-11-12T19:42:44Z,70.0,Charge 6
2025-11-12T19:42:47Z,70.0,Charge 6
2025-11-12T19:42:48Z,69.0,Charge 6
2025-11-12T19:42:50Z,68.0,Charge 6
2025-11-12T19:42:52Z,69.0,Charge 6
2025-11-12T19:42:53Z,70.0,Charge 6
2025-11-12T19:42:56Z,70.0,Charge 6
2025-11-12T19:42:57Z,69.0,Charge 6
2025-11-12T19:43:00Z,69.0,Charge 6
2025-11-12T19:43:01Z,69.0,Charge 6
2025-11-12T19:43:03Z,70.0,Charge 6
2025-11-12T19:43:06Z,70.0,Charge 6
2025-11-12T19:43:09Z,71.0,Charge 6
2025-11-12T19:43:12Z,71.0,Charge 6
2025-11-12T19:43:13Z,72.0,Charge 6
2025-11-12T19:43:16Z,72.0,Charge 6
2025-11-12T19:43:17Z,72.0,Charge 6
2025-11-12T19:43:20Z,74.0,Charge 6
2025-11-12T19:43:23Z,74.0,Charge 6
2025-11-12T19:43:24Z,73.0,Charge 6
2025-11-12T19:43:26Z,74.0,Charge 6
2025-11-12T19:43:28Z,74.0,Charge 6
2025-11-12T19:43:31Z,74.0,Charge 6
2025-11-12T19:43:32Z,76.0,Charge 6
2025-11-12T19:43:34Z,77.0,Charge 6
2025-11-12T19:43:36Z,78.0,Charge 6
2025-11-12T19:43:39Z,78.0,Charge 6
2025-11-12T19:43:40Z,79.0,Charge 6
2025-11-12T19:43:41Z,81.0,Charge 6
2025-11-12T19:43:43Z,82.0,Charge 6
2025-11-12T19:43:45Z,81.0,Charge 6
2025-11-12T19:43:47Z,79.0,Charge 6
2025-11-12T19:43:49Z,78.0,Charge 6
2025-11-12T19:43:51Z,78.0,Charge 6
2025-11-12T19:43:53Z,76.0,Charge 6
2025-11-12T19:43:55Z,74.0,Charge 6
2025-11-12T19:43:57Z,72.0,Charge 6
2025-11-12T19:44:00Z,72.0,Charge 6
2025-11-12T19:44:03Z,72.0,Charge 6
2025-11-12T19:44:05Z,71.0,Charge 6
2025-11-12T19:44:06Z,71.0,Charge 6
2025-11-12T19:44:08Z,72.0,Charge 6
2025-11-12T19:44:11Z,72.0,Charge 6
2025-11-12T19:44:12Z,73.0,Charge 6
2025-11-12T19:44:14Z,75.0,Charge 6
2025-11-12T19:44:16Z,74.0,Charge 6
2025-11-12T19:44:18Z,73.0,Charge 6
2025-11-12T19:44:21Z,73.0,Charge 6
2025-11-12T19:44:22Z,71.0,Charge 6
2025-11-12T19:44:24Z,72.0,Charge 6
2025-11-12T19:44:26Z,74.0,Charge 6
2025-11-12T19:44:28Z,73.0,Charge 6
2025-11-12T19:44:31Z,74.0,Charge 6
2025-11-12T19:44:34Z,74.0,Charge 6
2025-11-12T19:44:35Z,73.0,Charge 6
2025-11-12T19:44:38Z,73.0,Charge 6
2025-11-12T19:44:41Z,74.0,Charge 6
2025-11-12T19:44:44Z,74.0,Charge 6
2025-11-12T19:44:45Z,73.0,Charge 6
2025-11-12T19:44:47Z,72.0,Charge 6
2025-11-12T19:44:49Z,71.0,Charge 6
2025-11-12T19:44:52Z,71.0,Charge 6
2025-11-12T19:44:53Z,72.0,Charge 6
2025-11-12T19:44:54Z,72.0,Charge 6
2025-11-12T19:44:56Z,70.0,Charge 6
2025-11-12T19:44:59Z,70.0,Charge 6
2025-11-12T19:45:00Z,71.0,Charge 6
2025-11-12T19:45:03Z,71.0,Charge 6
2025-11-12T19:45:04Z,70.0,Charge 6
2025-11-12T19:45:06Z,68.0,Charge 6
2025-11-12T19:45:09Z,68.0,Charge 6
2025-11-12T19:45:12Z,67.0,Charge 6
2025-11-12T19:45:14Z,66.0,Charge 6
2025-11-12T19:45:17Z,65.0,Charge 6
2025-11-12T19:45:19Z,66.0,Charge 6
2025-11-12T19:45:22Z,66.0,Charge 6
2025-11-12T19:45:23Z,67.0,Charge 6
2025-11-12T19:45:25Z,68.0,Charge 6
2025-11-12T19:45:28Z,68.0,Charge 6
2025-11-12T19:45:31Z,68.0,Charge 6
2025-11-12T19:45:33Z,70.0,Charge 6
2025-11-12T19:45:36Z,70.0,Charge 6
2025-11-12T19:45:39Z,70.0,Charge 6
2025-11-12T19:45:42Z,71.0,Charge 6
2025-11-12T19:45:44Z,70.0,Charge 6
2025-11-12T19:45:47Z,70.0,Charge 6
2025-11-12T19:45:50Z,68.0,Charge 6
2025-11-12T19:45:52Z,68.0,Charge 6
2025-11-12T19:45:54Z,68.0,Charge 6
2025-11-12T19:45:57Z,68.0,Charge 6
2025-11-12T19:45:58Z,68.0,Charge 6
2025-11-12T19:46:01Z,68.0,Charge 6
2025-11-12T19:46:04Z,69.0,Charge 6
2025-11-12T19:46:05Z,70.0,Charge 6
2025-11-12T19:46:08Z,70.0,Charge 6
2025-11-12T19:46:11Z,70.0,Charge 6
2025-11-12T19:46:14Z,70.0,Charge 6
2025-11-12T19:46:15Z,69.0,Charge 6
2025-11-12T19:46:17Z,70.0,Charge 6
2025-11-12T19:46:20Z,70.0,Charge 6
2025-11-12T19:46:21Z,70.0,Charge 6
2025-11-12T19:46:24Z,70.0,Charge 6
2025-11-12T19:46:25Z,69.0,Charge 6
2025-11-12T19:46:27Z,68.0,Charge 6
2025-11-12T19:46:30Z,68.0,Charge 6
2025-11-12T19:46:33Z,68.0,Charge 6
2025-11-12T19:46:34Z,69.0,Charge 6
2025-11-12T19:46:36Z,70.0,Charge 6
2025-11-12T19:46:39Z,70.0,Charge 6
2025-11-12T19:46:40Z,70.0,Charge 6
2025-11-12T19:46:43Z,70.0,Charge 6
2025-11-12T19:46:44Z,69.0,Charge 6
2025-11-12T19:46:46Z,68.0,Charge 6
2025-11-12T19:46:48Z,68.0,Charge 6
2025-11-12T19:46:51Z,68.0,Charge 6
2025-11-12T19:46:52Z,69.0,Charge 6
2025-11-12T19:46:53Z,69.0,Charge 6
2025-11-12T19:46:55Z,68.0,Charge 6
2025-11-12T19:46:58Z,68.0,Charge 6
2025-11-12T19:47:01Z,68.0,Charge 6
2025-11-12T19:47:03Z,68.0,Charge 6
2025-11-12T19:47:06Z,68.0,Charge 6
2025-11-12T19:47:09Z,68.0,Charge 6
2025-11-12T19:47:12Z,68.0,Charge 6
2025-11-12T19:47:15Z,68.0,Charge 6
2025-11-12T19:47:18Z,68.0,Charge 6
2025-11-12T19:47:21Z,68.0,Charge 6
2025-11-12T19:47:24Z,68.0,Charge 6
2025-11-12T19:47:26Z,69.0,Charge 6
2025-11-12T19:47:28Z,70.0,Charge 6
2025-11-12T19:47:31Z,70.0,Charge 6
2025-11-12T19:47:32Z,69.0,Charge 6
2025-11-12T19:47:34Z,70.0,Charge 6
2025-11-12T19:47:36Z,71.0,Charge 6
2025-11-12T19:47:38Z,73.0,Charge 6
2025-11-12T19:47:40Z,75.0,Charge 6
2025-11-12T19:47:41Z,77.0,Charge 6
2025-11-12T19:47:43Z,78.0,Charge 6
2025-11-12T19:47:45Z,80.0,Charge 6
2025-11-12T19:47:47Z,82.0,Charge 6
2025-11-12T19:47:49Z,83.0,Charge 6
2025-11-12T19:47:52Z,83.0,Charge 6
2025-11-12T19:47:53Z,82.0,Charge 6
2025-11-12T19:47:55Z,81.0,Charge 6
2025-11-12T19:47:57Z,78.0,Charge 6
2025-11-12T19:47:59Z,76.0,Charge 6
2025-11-12T19:48:01Z,75.0,Charge 6
2025-11-12T19:48:03Z,74.0,Charge 6
2025-11-12T19:48:06Z,74.0,Charge 6
2025-11-12T19:48:09Z,74.0,Charge 6
2025-11-12T19:48:12Z,76.0,Charge 6
2025-11-12T19:48:14Z,78.0,Charge 6
2025-11-12T19:48:16Z,78.0,Charge 6
2025-11-12T19:48:19Z,78.0,Charge 6
2025-11-12T19:48:22Z,77.0,Charge 6
2025-11-12T19:48:24Z,76.0,Charge 6
2025-11-12T19:48:26Z,75.0,Charge 6
2025-11-12T19:48:28Z,74.0,Charge 6
2025-11-12T19:48:29Z,72.0,Charge 6
2025-11-12T19:48:32Z,72.0,Charge 6
2025-11-12T19:48:33Z,70.0,Charge 6
2025-11-12T19:48:36Z,70.0,Charge 6
2025-11-12T19:48:37Z,69.0,Charge 6
2025-11-12T19:48:39Z,68.0,Charge 6
2025-11-12T19:48:42Z,68.0,Charge 6
2025-11-12T19:48:45Z,68.0,Charge 6
2025-11-12T19:48:47Z,69.0,Charge 6
2025-11-12T19:48:49Z,70.0,Charge 6
2025-11-12T19:48:52Z,70.0,Charge 6
2025-11-12T19:48:54Z,68.0,Charge 6
2025-11-12T19:48:56Z,70.0,Charge 6
2025-11-12T19:48:58Z,71.0,Charge 6
2025-11-12T19:49:01Z,71.0,Charge 6
2025-11-12T19:49:02Z,70.0,Charge 6
2025-11-12T19:49:05Z,70.0,Charge 6
2025-11-12T19:49:06Z,69.0,Charge 6
2025-11-12T19:49:08Z,69.0,Charge 6
2025-11-12T19:49:10Z,68.0,Charge 6
2025-11-12T19:49:12Z,68.0,Charge 6
2025-11-12T19:49:15Z,68.0,Charge 6
2025-11-12T19:49:16Z,67.0,Charge 6
2025-11-12T19:49:17Z,67.0,Charge 6
2025-11-12T19:49:19Z,68.0,Charge 6
2025-11-12T19:49:22Z,68.0,Charge 6
2025-11-12T19:49:23Z,67.0,Charge 6
2025-11-12T19:49:26Z,67.0,Charge 6
2025-11-12T19:49:27Z,68.0,Charge 6
2025-11-12T19:49:30Z,68.0,Charge 6
2025-11-12T19:49:31Z,70.0,Charge 6
2025-11-12T19:49:34Z,70.0,Charge 6
2025-11-12T19:49:35Z,70.0,Charge 6
2025-11-12T19:49:38Z,70.0,Charge 6
2025-11-12T19:49:41Z,69.0,Charge 6
2025-11-12T19:49:44Z,70.0,Charge 6
2025-11-12T19:49:46Z,70.0,Charge 6
2025-11-12T19:49:49Z,70.0,Charge 6
2025-11-12T19:49:52Z,69.0,Charge 6
2025-11-12T19:49:54Z,68.0,Charge 6
2025-11-12T19:49:56Z,68.0,Charge 6
2025-11-12T19:49:59Z,68.0,Charge 6
2025-11-12T19:50:00Z,69.0,Charge 6
2025-11-12T19:50:03Z,69.0,Charge 6
2025-11-12T19:50:04Z,68.0,Charge 6
2025-11-12T19:50:05Z,67.0,Charge 6
2025-11-12T19:50:07Z,66.0,Charge 6
2025-11-12T19:50:10Z,66.0,Charge 6
2025-11-12T19:50:13Z,66.0,Charge 6
2025-11-12T19:50:15Z,65.0,Charge 6
2025-11-12T19:50:18Z,65.0,Charge 6
2025-11-12T19:50:19Z,66.0,Charge 6
2025-11-12T19:50:22Z,66.0,Charge 6
2025-11-12T19:50:25Z,67.0,Charge 6
2025-11-12T19:50:27Z,68.0,Charge 6
2025-11-12T19:50:30Z,70.0,Charge 6
2025-11-12T19:50:32Z,71.0,Charge 6
2025-11-12T19:50:34Z,70.0,Charge 6
2025-11-12T19:50:36Z,69.0,Charge 6
2025-11-12T19:50:38Z,70.0,Charge 6
2025-11-12T19:50:40Z,69.0,Charge 6
2025-11-12T19:50:42Z,68.0,Charge 6
2025-11-12T19:50:45Z,68.0,Charge 6
2025-11-12T19:50:48Z,68.0,Charge 6
2025-11-12T19:50:50Z,67.0,Charge 6
2025-11-12T19:50:52Z,68.0,Charge 6
2025-11-12T19:50:55Z,69.0,Charge 6
2025-11-12T19:50:57Z,70.0,Charge 6
2025-11-12T19:50:59Z,71.0,Charge 6
2025-11-12T19:51:01Z,72.0,Charge 6
2025-11-12T19:51:04Z,72.0,Charge 6
2025-11-12T19:51:07Z,71.0,Charge 6
2025-11-12T19:51:09Z,72.0,Charge 6
2025-11-12T19:51:12Z,72.0,Charge 6
2025-11-12T19:51:13Z,72.0,Charge 6
2025-11-12T19:51:15Z,73.0,Charge 6
2025-11-12T19:51:17Z,74.0,Charge 6
2025-11-12T19:51:18Z,75.0,Charge 6
2025-11-12T19:51:20Z,76.0,Charge 6
2025-11-12T19:51:22Z,73.0,Charge 6
2025-11-12T19:51:24Z,72.0,Charge 6
2025-11-12T19:51:26Z,73.0,Charge 6
2025-11-12T19:51:28Z,72.0,Charge 6
2025-11-12T19:51:30Z,70.0,Charge 6
2025-11-12T19:51:33Z,70.0,Charge 6
2025-11-12T19:51:34Z,71.0,Charge 6
2025-11-12T19:51:36Z,72.0,Charge 6
2025-11-12T19:51:39Z,72.0,Charge 6
2025-11-12T19:51:41Z,74.0,Charge 6
2025-11-12T19:51:43Z,75.0,Charge 6
2025-11-12T19:51:45Z,76.0,Charge 6
2025-11-12T19:51:47Z,75.0,Charge 6
2025-11-12T19:51:49Z,73.0,Charge 6
2025-11-12T19:51:51Z,75.0,Charge 6
2025-11-12T19:51:53Z,77.0,Charge 6
2025-11-12T19:51:55Z,76.0,Charge 6
2025-11-12T19:51:58Z,76.0,Charge 6
2025-11-12T19:52:01Z,75.0,Charge 6
2025-11-12T19:52:03Z,74.0,Charge 6
2025-11-12T19:52:05Z,73.0,Charge 6
2025-11-12T19:52:06Z,70.0,Charge 6
2025-11-12T19:52:08Z,69.0,Charge 6
2025-11-12T19:52:11Z,69.0,Charge 6
2025-11-12T19:52:12Z,67.0,Charge 6
2025-11-12T19:52:14Z,66.0,Charge 6
2025-11-12T19:52:17Z,66.0,Charge 6
2025-11-12T19:52:18Z,67.0,Charge 6
2025-11-12T19:52:20Z,68.0,Charge 6
2025-11-12T19:52:23Z,68.0,Charge 6
2025-11-12T19:52:24Z,70.0,Charge 6
2025-11-12T19:52:26Z,72.0,Charge 6
2025-11-12T19:52:28Z,78.0,Charge 6
2025-11-12T19:52:29Z,79.0,Charge 6
2025-11-12T19:52:31Z,77.0,Charge 6
2025-11-12T19:52:33Z,75.0,Charge 6
2025-11-12T19:52:35Z,70.0,Charge 6
2025-11-12T19:52:38Z,70.0,Charge 6
2025-11-12T19:52:41Z,70.0,Charge 6
2025-11-12T19:52:44Z,70.0,Charge 6
2025-11-12T19:52:47Z,70.0,Charge 6
2025-11-12T19:52:49Z,69.0,Charge 6
2025-11-12T19:52:51Z,68.0,Charge 6
2025-11-12T19:52:53Z,67.0,Charge 6
2025-11-12T19:52:54Z,70.0,Charge 6
2025-11-12T19:52:56Z,72.0,Charge 6
2025-11-12T19:52:58Z,73.0,Charge 6
2025-11-12T19:53:00Z,74.0,Charge 6
2025-11-12T19:53:03Z,74.0,Charge 6
2025-11-12T19:53:06Z,75.0,Charge 6
2025-11-12T19:53:08Z,74.0,Charge 6
2025-11-12T19:53:11Z,74.0,Charge 6
2025-11-12T19:53:14Z,73.0,Charge 6
2025-11-12T19:53:16Z,70.0,Charge 6
2025-11-12T19:53:19Z,68.0,Charge 6
2025-11-12T19:53:21Z,67.0,Charge 6
2025-11-12T19:53:23Z,65.0,Charge 6
2025-11-12T19:53:26Z,65.0,Charge 6
2025-11-12T19:53:27Z,66.0,Charge 6
2025-11-12T19:53:30Z,66.0,Charge 6
2025-11-12T19:53:33Z,66.0,Charge 6
2025-11-12T19:53:36Z,66.0,Charge 6
2025-11-12T19:53:37Z,65.0,Charge 6
2025-11-12T19:53:40Z,65.0,Charge 6
2025-11-12T19:53:41Z,64.0,Charge 6
2025-11-12T19:53:44Z,65.0,Charge 6
2025-11-12T19:53:46Z,66.0,Charge 6
2025-11-12T19:53:48Z,65.0,Charge 6
2025-11-12T19:53:50Z,64.0,Charge 6
2025-11-12T19:53:52Z,64.0,Charge 6
2025-11-12T19:53:54Z,65.0,Charge 6
2025-11-12T19:53:56Z,66.0,Charge 6
2025-11-12T19:53:58Z,67.0,Charge 6
2025-11-12T19:54:01Z,67.0,Charge 6
2025-11-12T19:54:04Z,67.0,Charge 6
2025-11-12T19:54:05Z,66.0,Charge 6
2025-11-12T19:54:07Z,65.0,Charge 6
2025-11-12T19:54:09Z,66.0,Charge 6
2025-11-12T19:54:11Z,65.0,Charge 6
2025-11-12T19:54:14Z,65.0,Charge 6
2025-11-12T19:54:15Z,66.0,Charge 6
2025-11-12T19:54:17Z,64.0,Charge 6
2025-11-12T19:54:19Z,65.0,Charge 6
2025-11-12T19:54:21Z,66.0,Charge 6
2025-11-12T19:54:24Z,66.0,Charge 6
2025-11-12T19:54:27Z,66.0,Charge 6
2025-11-12T19:54:29Z,65.0,Charge 6
2025-11-12T19:54:32Z,66.0,Charge 6
2025-11-12T19:54:35Z,66.0,Charge 6
2025-11-12T19:54:36Z,66.0,Charge 6
2025-11-12T19:54:38Z,66.0,Charge 6
2025-11-12T19:54:40Z,67.0,Charge 6
2025-11-12T19:54:42Z,66.0,Charge 6
2025-11-12T19:54:44Z,67.0,Charge 6
2025-11-12T19:54:46Z,68.0,Charge 6
2025-11-12T19:54:48Z,69.0,Charge 6
2025-11-12T19:54:50Z,69.0,Charge 6
2025-11-12T19:54:52Z,68.0,Charge 6
2025-11-12T19:54:53Z,67.0,Charge 6
2025-11-12T19:54:55Z,66.0,Charge 6
2025-11-12T19:54:57Z,65.0,Charge 6
2025-11-12T19:54:59Z,64.0,Charge 6
2025-11-12T19:55:01Z,65.0,Charge 6
2025-11-12T19:55:03Z,66.0,Charge 6
2025-11-12T19:55:06Z,66.0,Charge 6
2025-11-12T19:55:07Z,65.0,Charge 6
2025-11-12T19:55:10Z,65.0,Charge 6
2025-11-12T19:55:11Z,66.0,Charge 6
2025-11-12T19:55:13Z,67.0,Charge 6
2025-11-12T19:55:16Z,67.0,Charge 6
2025-11-12T19:55:17Z,66.0,Charge 6
2025-11-12T19:55:20Z,65.0,Charge 6
2025-11-12T19:55:23Z,65.0,Charge 6
2025-11-12T19:55:26Z,65.0,Charge 6
2025-11-12T19:55:28Z,66.0,Charge 6
2025-11-12T19:55:30Z,67.0,Charge 6
2025-11-12T19:55:32Z,68.0,Charge 6
2025-11-12T19:55:34Z,69.0,Charge 6
2025-11-12T19:55:37Z,69.0,Charge 6
2025-11-12T19:55:38Z,68.0,Charge 6
2025-11-12T19:55:40Z,68.0,Charge 6
2025-11-12T19:55:43Z,68.0,Charge 6
2025-11-12T19:55:45Z,67.0,Charge 6
2025-11-12T19:55:47Z,68.0,Charge 6
2025-11-12T19:55:50Z,68.0,Charge 6
2025-11-12T19:55:53Z,68.0,Charge 6
2025-11-12T19:55:56Z,68.0,Charge 6
2025-11-12T19:55:57Z,70.0,Charge 6
2025-11-12T19:56:00Z,70.0,Charge 6
2025-11-12T19:56:01Z,71.0,Charge 6
2025-11-12T19:56:03Z,70.0,Charge 6
2025-11-12T19:56:06Z,71.0,Charge 6
2025-11-12T19:56:08Z,70.0,Charge 6
2025-11-12T19:56:11Z,70.0,Charge 6
2025-11-12T19:56:12Z,71.0,Charge 6
2025-11-12T19:56:14Z,74.0,Charge 6
2025-11-12T19:56:16Z,79.0,Charge 6
2025-11-12T19:56:18Z,81.0,Charge 6
2025-11-12T19:56:20Z,79.0,Charge 6
2025-11-12T19:56:22Z,78.0,Charge 6
2025-11-12T19:56:24Z,77.0,Charge 6
2025-11-12T19:56:26Z,77.0,Charge 6
2025-11-12T19:56:28Z,76.0,Charge 6
2025-11-12T19:56:31Z,75.0,Charge 6
2025-11-12T19:56:33Z,74.0,Charge 6
2025-11-12T19:56:36Z,74.0,Charge 6
2025-11-12T19:56:37Z,74.0,Charge 6
2025-11-12T19:56:39Z,73.0,Charge 6
2025-11-12T19:56:41Z,72.0,Charge 6
2025-11-12T19:56:43Z,71.0,Charge 6
2025-11-12T19:56:45Z,70.0,Charge 6
2025-11-12T19:56:48Z,70.0,Charge 6
2025-11-12T19:56:51Z,70.0,Charge 6
2025-11-12T19:56:54Z,70.0,Charge 6
2025-11-12T19:56:57Z,70.0,Charge 6
2025-11-12T19:57:00Z,68.0,Charge 6
2025-11-12T19:57:03Z,68.0,Charge 6
2025-11-12T19:57:06Z,68.0,Charge 6
2025-11-12T19:57:08Z,68.0,Charge 6
2025-11-12T19:57:11Z,68.0,Charge 6
2025-11-12T19:57:12Z,69.0,Charge 6
2025-11-12T19:57:14Z,70.0,Charge 6
2025-11-12T19:57:17Z,70.0,Charge 6
2025-11-12T19:57:20Z,70.0,Charge 6
2025-11-12T19:57:23Z,70.0,Charge 6
2025-11-12T19:57:26Z,70.0,Charge 6
2025-11-12T19:57:29Z,70.0,Charge 6
2025-11-12T19:57:31Z,71.0,Charge 6
2025-11-12T19:57:33Z,72.0,Charge 6
2025-11-12T19:57:35Z,73.0,Charge 6
2025-11-12T19:57:38Z,73.0,Charge 6
2025-11-12T19:57:41Z,72.0,Charge 6
2025-11-12T19:57:42Z,71.0,Charge 6
2025-11-12T19:57:44Z,69.0,Charge 6
2025-11-12T19:57:47Z,69.0,Charge 6
2025-11-12T19:57:50Z,71.0,Charge 6
2025-11-12T19:57:53Z,71.0,Charge 6
2025-11-12T19:57:54Z,70.0,Charge 6
2025-11-12T19:57:56Z,68.0,Charge 6
2025-11-12T19:57:59Z,68.0,Charge 6
2025-11-12T19:58:02Z,68.0,Charge 6
2025-11-12T19:58:05Z,68.0,Charge 6
2025-11-12T19:58:07Z,69.0,Charge 6
2025-11-12T19:58:10Z,69.0,Charge 6
2025-11-12T19:58:11Z,68.0,Charge 6
2025-11-12T19:58:14Z,68.0,Charge 6
2025-11-12T19:58:15Z,69.0,Charge 6
2025-11-12T19:58:17Z,70.0,Charge 6
2025-11-12T19:58:20Z,70.0,Charge 6
2025-11-12T19:58:21Z,71.0,Charge 6
2025-11-12T19:58:23Z,72.0,Charge 6
2025-11-12T19:58:25Z,71.0,Charge 6
2025-11-12T19:58:28Z,71.0,Charge 6
2025-11-12T19:58:29Z,73.0,Charge 6
2025-11-12T19:58:32Z,73.0,Charge 6
2025-11-12T19:58:35Z,73.0,Charge 6
2025-11-12T19:58:36Z,75.0,Charge 6
2025-11-12T19:58:38Z,71.0,Charge 6
2025-11-12T19:58:40Z,72.0,Charge 6
2025-11-12T19:58:42Z,70.0,Charge 6
2025-11-12T19:58:44Z,70.0,Charge 6
2025-11-12T19:58:47Z,70.0,Charge 6
2025-11-12T19:58:50Z,70.0,Charge 6
2025-11-12T19:58:53Z,70.0,Charge 6
2025-11-12T19:58:55Z,69.0,Charge 6
2025-11-12T19:58:58Z,69.0,Charge 6
2025-11-12T19:59:01Z,70.0,Charge 6
2025-11-12T19:59:04Z,70.0,Charge 6
2025-11-12T19:59:05Z,72.0,Charge 6
2025-11-12T19:59:07Z,74.0,Charge 6
2025-11-12T19:59:09Z,75.0,Charge 6
2025-11-12T19:59:12Z,75.0,Charge 6
2025-11-12T19:59:13Z,76.0,Charge 6
2025-11-12T19:59:15Z,77.0,Charge 6
2025-11-12T19:59:17Z,78.0,Charge 6
2025-11-12T19:59:18Z,82.0,Charge 6
2025-11-12T19:59:21Z,82.0,Charge 6
2025-11-12T19:59:22Z,80.0,Charge 6
2025-11-12T19:59:24Z,77.0,Charge 6
2025-11-12T19:59:26Z,76.0,Charge 6
2025-11-12T19:59:28Z,77.0,Charge 6
2025-11-12T19:59:30Z,76.0,Charge 6
2025-11-12T19:59:33Z,76.0,Charge 6
2025-11-12T19:59:36Z,76.0,Charge 6
2025-11-12T19:59:38Z,76.0,Charge 6
2025-11-12T19:59:40Z,75.0,Charge 6
2025-11-12T19:59:41Z,73.0,Charge 6
2025-11-12T19:59:43Z,72.0,Charge 6
2025-11-12T19:59:45Z,70.0,Charge 6
2025-11-12T19:59:47Z,69.0,Charge 6
2025-11-12T19:59:49Z,68.0,Charge 6
2025-11-12T19:59:51Z,67.0,Charge 6
2025-11-12T19:59:53Z,66.0,Charge 6
2025-11-12T19:59:56Z,66.0,Charge 6
2025-11-12T19:59:59Z,66.0,Charge 6
2025-11-12T20:00:01Z,65.0,Charge 6
2025-11-12T20:00:03Z,66.0,Charge 6
2025-11-12T20:00:06Z,66.0,Charge 6
2025-11-12T20:00:09Z,66.0,Charge 6
2025-11-12T20:00:10Z,67.0,Charge 6
2025-11-12T20:00:13Z,67.0,Charge 6
2025-11-12T20:00:14Z,68.0,Charge 6
2025-11-12T20:00:16Z,69.0,Charge 6
2025-11-12T20:00:18Z,70.0,Charge 6
2025-11-12T20:00:21Z,70.0,Charge 6
2025-11-12T20:00:22Z,69.0,Charge 6
2025-11-12T20:00:24Z,68.0,Charge 6
2025-11-12T20:00:26Z,67.0,Charge 6
2025-11-12T20:00:28Z,66.0,Charge 6
2025-11-12T20:00:31Z,66.0,Charge 6
2025-11-12T20:00:34Z,66.0,Charge 6
2025-11-12T20:00:35Z,66.0,Charge 6
2025-11-12T20:00:37Z,65.0,Charge 6
2025-11-12T20:00:40Z,65.0,Charge 6
2025-11-12T20:00:41Z,64.0,Charge 6
2025-11-12T20:00:44Z,64.0,Charge 6
2025-11-12T20:00:45Z,64.0,Charge 6
2025-11-12T20:00:48Z,64.0,Charge 6
2025-11-12T20:00:49Z,63.0,Charge 6
2025-11-12T20:00:52Z,63.0,Charge 6
2025-11-12T20:00:53Z,64.0,Charge 6
2025-11-12T20:00:56Z,64.0,Charge 6
2025-11-12T20:00:58Z,63.0,Charge 6
2025-11-12T20:01:00Z,64.0,Charge 6
2025-11-12T20:01:02Z,64.0,Charge 6
2025-11-12T20:01:05Z,64.0,Charge 6
2025-11-12T20:01:08Z,63.0,Charge 6
2025-11-12T20:01:10Z,64.0,Charge 6
2025-11-12T20:01:13Z,64.0,Charge 6
2025-11-12T20:01:16Z,64.0,Charge 6
2025-11-12T20:01:19Z,66.0,Charge 6
2025-11-12T20:01:21Z,66.0,Charge 6
2025-11-12T20:01:23Z,66.0,Charge 6
2025-11-12T20:01:25Z,64.0,Charge 6
2025-11-12T20:01:27Z,64.0,Charge 6
2025-11-12T20:01:30Z,64.0,Charge 6
2025-11-12T20:01:33Z,66.0,Charge 6
2025-11-12T20:01:35Z,67.0,Charge 6
2025-11-12T20:01:37Z,68.0,Charge 6
2025-11-12T20:01:40Z,68.0,Charge 6
2025-11-12T20:01:41Z,67.0,Charge 6
2025-11-12T20:01:42Z,66.0,Charge 6
2025-11-12T20:01:44Z,67.0,Charge 6
2025-11-12T20:01:46Z,68.0,Charge 6
2025-11-12T20:01:48Z,69.0,Charge 6
2025-11-12T20:01:50Z,69.0,Charge 6
2025-11-12T20:01:52Z,70.0,Charge 6
2025-11-12T20:01:55Z,70.0,Charge 6
2025-11-12T20:01:56Z,70.0,Charge 6
2025-11-12T20:01:58Z,73.0,Charge 6
2025-11-12T20:02:01Z,73.0,Charge 6
2025-11-12T20:02:02Z,70.0,Charge 6
2025-11-12T20:02:04Z,70.0,Charge 6
2025-11-12T20:02:05Z,71.0,Charge 6
2025-11-12T20:02:07Z,74.0,Charge 6
2025-11-12T20:02:09Z,77.0,Charge 6
2025-11-12T20:02:11Z,78.0,Charge 6
2025-11-12T20:02:13Z,76.0,Charge 6
2025-11-12T20:02:15Z,74.0,Charge 6
2025-11-12T20:02:17Z,71.0,Charge 6
2025-11-12T20:02:19Z,69.0,Charge 6
2025-11-12T20:02:21Z,68.0,Charge 6
2025-11-12T20:02:23Z,66.0,Charge 6
2025-11-12T20:02:26Z,66.0,Charge 6
2025-11-12T20:02:29Z,64.0,Charge 6
2025-11-12T20:02:30Z,63.0,Charge 6
2025-11-12T20:02:33Z,63.0,Charge 6
2025-11-12T20:02:36Z,65.0,Charge 6
2025-11-12T20:02:38Z,67.0,Charge 6
2025-11-12T20:02:40Z,66.0,Charge 6
2025-11-12T20:02:43Z,66.0,Charge 6
2025-11-12T20:02:46Z,67.0,Charge 6
2025-11-12T20:02:48Z,70.0,Charge 6
2025-11-12T20:02:50Z,69.0,Charge 6
2025-11-12T20:02:52Z,66.0,Charge 6
2025-11-12T20:02:53Z,67.0,Charge 6
2025-11-12T20:02:55Z,70.0,Charge 6
2025-11-12T20:02:57Z,75.0,Charge 6
2025-11-12T20:02:59Z,76.0,Charge 6
2025-11-12T20:03:01Z,81.0,Charge 6
2025-11-12T20:03:03Z,83.0,Charge 6
2025-11-12T20:03:05Z,87.0,Charge 6
2025-11-12T20:03:07Z,91.0,Charge 6
2025-11-12T20:03:09Z,90.0,Charge 6
2025-11-12T20:03:11Z,93.0,Charge 6
2025-11-12T20:03:13Z,92.0,Charge 6
2025-11-12T20:03:15Z,93.0,Charge 6
2025-11-12T20:03:17Z,100.0,Charge 6
2025-11-12T20:03:20Z,102.0,Charge 6
2025-11-12T20:03:23Z,102.0,Charge 6
2025-11-12T20:03:24Z,95.0,Charge 6
2025-11-12T20:03:26Z,94.0,Charge 6
2025-11-12T20:03:28Z,89.0,Charge 6
2025-11-12T20:03:30Z,88.0,Charge 6
2025-11-12T20:03:33Z,88.0,Charge 6
2025-11-12T20:03:34Z,89.0,Charge 6
2025-11-12T20:03:36Z,87.0,Charge 6
2025-11-12T20:03:39Z,87.0,Charge 6
2025-11-12T20:03:40Z,88.0,Charge 6
2025-11-12T20:03:41Z,89.0,Charge 6
2025-11-12T20:03:44Z,89.0,Charge 6
2025-11-12T20:03:47Z,88.0,Charge 6
2025-11-12T20:03:49Z,87.0,Charge 6
2025-11-12T20:03:51Z,86.0,Charge 6
2025-11-12T20:03:53Z,87.0,Charge 6
2025-11-12T20:03:55Z,86.0,Charge 6
2025-11-12T20:03:58Z,86.0,Charge 6
2025-11-12T20:04:01Z,86.0,Charge 6
2025-11-12T20:04:03Z,90.0,Charge 6
2025-11-12T20:04:05Z,99.0,Charge 6
2025-11-12T20:04:06Z,104.0,Charge 6
2025-11-12T20:04:08Z,103.0,Charge 6
2025-11-12T20:04:10Z,99.0,Charge 6
2025-11-12T20:04:12Z,101.0,Charge 6
2025-11-12T20:04:14Z,102.0,Charge 6
2025-11-12T20:04:16Z,99.0,Charge 6
2025-11-12T20:04:18Z,98.0,Charge 6
2025-11-12T20:04:20Z,95.0,Charge 6
2025-11-12T20:04:22Z,93.0,Charge 6
2025-11-12T20:04:24Z,96.0,Charge 6
2025-11-12T20:04:26Z,101.0,Charge 6
2025-11-12T20:04:28Z,99.0,Charge 6
2025-11-12T20:04:29Z,102.0,Charge 6
2025-11-12T20:04:31Z,101.0,Charge 6
2025-11-12T20:04:33Z,96.0,Charge 6
2025-11-12T20:04:35Z,98.0,Charge 6
2025-11-12T20:04:37Z,102.0,Charge 6
2025-11-12T20:04:39Z,100.0,Charge 6
2025-11-12T20:04:41Z,104.0,Charge 6
2025-11-12T20:04:44Z,104.0,Charge 6
2025-11-12T20:04:45Z,98.0,Charge 6
2025-11-12T20:04:47Z,100.0,Charge 6
2025-11-12T20:04:49Z,102.0,Charge 6
2025-11-12T20:04:51Z,101.0,Charge 6
2025-11-12T20:04:53Z,104.0,Charge 6
2025-11-12T20:04:54Z,102.0,Charge 6
2025-11-12T20:04:56Z,100.0,Charge 6
2025-11-12T20:04:58Z,95.0,Charge 6
2025-11-12T20:05:00Z,83.0,Charge 6
2025-11-12T20:05:02Z,81.0,Charge 6
2025-11-12T20:05:04Z,80.0,Charge 6
2025-11-12T20:05:06Z,82.0,Charge 6
2025-11-12T20:05:09Z,82.0,Charge 6
2025-11-12T20:05:10Z,80.0,Charge 6
2025-11-12T20:05:12Z,82.0,Charge 6
2025-11-12T20:05:14Z,83.0,Charge 6
2025-11-12T20:05:16Z,86.0,Charge 6
2025-11-12T20:05:17Z,87.0,Charge 6
2025-11-12T20:05:19Z,85.0,Charge 6
2025-11-12T20:05:21Z,89.0,Charge 6
2025-11-12T20:05:23Z,94.0,Charge 6
2025-11-12T20:05:25Z,89.0,Charge 6
2025-11-12T20:05:27Z,93.0,Charge 6
2025-11-12T20:05:29Z,98.0,Charge 6
2025-11-12T20:05:31Z,99.0,Charge 6
2025-11-12T20:05:33Z,101.0,Charge 6
2025-11-12T20:05:35Z,94.0,Charge 6
2025-11-12T20:05:37Z,89.0,Charge 6
2025-11-12T20:05:39Z,90.0,Charge 6
2025-11-12T20:05:41Z,92.0,Charge 6
2025-11-12T20:05:42Z,90.0,Charge 6
2025-11-12T20:05:44Z,87.0,Charge 6
2025-11-12T20:05:46Z,83.0,Charge 6
2025-11-12T20:05:48Z,81.0,Charge 6
2025-11-12T20:05:50Z,80.0,Charge 6
2025-11-12T20:05:52Z,79.0,Charge 6
2025-11-12T20:05:54Z,77.0,Charge 6
2025-11-12T20:05:56Z,76.0,Charge 6
2025-11-12T20:05:58Z,77.0,Charge 6
2025-11-12T20:06:01Z,77.0,Charge 6
2025-11-12T20:06:02Z,78.0,Charge 6
2025-11-12T20:06:04Z,81.0,Charge 6
2025-11-12T20:06:05Z,82.0,Charge 6
2025-11-12T20:06:07Z,86.0,Charge 6
2025-11-12T20:06:09Z,85.0,Charge 6
2025-11-12T20:06:11Z,84.0,Charge 6
2025-11-12T20:06:13Z,82.0,Charge 6
2025-11-12T20:06:15Z,80.0,Charge 6
2025-11-12T20:06:17Z,75.0,Charge 6
2025-11-12T20:06:19Z,72.0,Charge 6
2025-11-12T20:06:21Z,70.0,Charge 6
2025-11-12T20:06:23Z,69.0,Charge 6
2025-11-12T20:06:26Z,69.0,Charge 6
2025-11-12T20:06:27Z,68.0,Charge 6
2025-11-12T20:06:29Z,67.0,Charge 6
2025-11-12T20:06:30Z,66.0,Charge 6
2025-11-12T20:06:33Z,66.0,Charge 6
2025-11-12T20:06:34Z,66.0,Charge 6
2025-11-12T20:06:36Z,65.0,Charge 6
2025-11-12T20:06:38Z,64.0,Charge 6
2025-11-12T20:06:40Z,63.0,Charge 6
2025-11-12T20:06:42Z,62.0,Charge 6
2025-11-12T20:06:44Z,61.0,Charge 6
2025-11-12T20:06:46Z,60.0,Charge 6
2025-11-12T20:06:48Z,60.0,Charge 6
2025-11-12T20:06:51Z,60.0,Charge 6
2025-11-12T20:06:52Z,62.0,Charge 6
2025-11-12T20:06:53Z,65.0,Charge 6
2025-11-12T20:06:55Z,67.0,Charge 6
2025-11-12T20:06:57Z,66.0,Charge 6
2025-11-12T20:06:59Z,68.0,Charge 6
2025-11-12T20:07:01Z,72.0,Charge 6
2025-11-12T20:07:03Z,81.0,Charge 6
2025-11-12T20:07:05Z,86.0,Charge 6
2025-11-12T20:07:07Z,87.0,Charge 6
2025-11-12T20:07:09Z,85.0,Charge 6
2025-11-12T20:07:11Z,81.0,Charge 6
2025-11-12T20:07:13Z,73.0,Charge 6
2025-11-12T20:07:15Z,74.0,Charge 6
2025-11-12T20:07:17Z,70.0,Charge 6
2025-11-12T20:07:18Z,73.0,Charge 6
2025-11-12T20:07:20Z,75.0,Charge 6
2025-11-12T20:07:22Z,72.0,Charge 6
2025-11-12T20:07:24Z,73.0,Charge 6
2025-11-12T20:07:26Z,77.0,Charge 6
2025-11-12T20:07:28Z,79.0,Charge 6
2025-11-12T20:07:30Z,74.0,Charge 6
2025-11-12T20:07:32Z,71.0,Charge 6
2025-11-12T20:07:35Z,71.0,Charge 6
2025-11-12T20:07:36Z,70.0,Charge 6
2025-11-12T20:07:38Z,71.0,Charge 6
2025-11-12T20:07:41Z,73.0,Charge 6
2025-11-12T20:07:43Z,74.0,Charge 6
2025-11-12T20:07:45Z,73.0,Charge 6
2025-11-12T20:07:47Z,72.0,Charge 6
2025-11-12T20:07:49Z,71.0,Charge 6
2025-11-12T20:07:51Z,70.0,Charge 6
2025-11-12T20:07:53Z,69.0,Charge 6
2025-11-12T20:07:55Z,68.0,Charge 6
2025-11-12T20:07:58Z,68.0,Charge 6
2025-11-12T20:07:59Z,69.0,Charge 6
2025-11-12T20:08:01Z,70.0,Charge 6
2025-11-12T20:08:03Z,71.0,Charge 6
2025-11-12T20:08:05Z,72.0,Charge 6
2025-11-12T20:08:06Z,73.0,Charge 6
2025-11-12T20:08:09Z,73.0,Charge 6
2025-11-12T20:08:12Z,75.0,Charge 6
2025-11-12T20:08:14Z,68.0,Charge 6
2025-11-12T20:08:16Z,69.0,Charge 6
2025-11-12T20:08:18Z,72.0,Charge 6
2025-11-12T20:08:20Z,70.0,Charge 6
2025-11-12T20:08:23Z,70.0,Charge 6
2025-11-12T20:08:24Z,71.0,Charge 6
2025-11-12T20:08:27Z,71.0,Charge 6
2025-11-12T20:08:28Z,74.0,Charge 6
2025-11-12T20:08:31Z,75.0,Charge 6
2025-11-12T20:08:33Z,76.0,Charge 6
2025-11-12T20:08:35Z,75.0,Charge 6
2025-11-12T20:08:37Z,85.0,Charge 6
2025-11-12T20:08:39Z,86.0,Charge 6
2025-11-12T20:08:41Z,85.0,Charge 6
2025-11-12T20:08:43Z,86.0,Charge 6
2025-11-12T20:08:46Z,86.0,Charge 6
2025-11-12T20:08:47Z,90.0,Charge 6
2025-11-12T20:08:49Z,94.0,Charge 6
2025-11-12T20:08:51Z,93.0,Charge 6
2025-11-12T20:08:53Z,83.0,Charge 6
2025-11-12T20:08:54Z,79.0,Charge 6
2025-11-12T20:08:57Z,79.0,Charge 6
2025-11-12T20:09:00Z,80.0,Charge 6
2025-11-12T20:09:02Z,82.0,Charge 6
2025-11-12T20:09:05Z,82.0,Charge 6
2025-11-12T20:09:06Z,79.0,Charge 6
2025-11-12T20:09:08Z,78.0,Charge 6
2025-11-12T20:09:10Z,79.0,Charge 6
2025-11-12T20:09:12Z,83.0,Charge 6
2025-11-12T20:09:14Z,84.0,Charge 6
2025-11-12T20:09:16Z,87.0,Charge 6
2025-11-12T20:09:17Z,86.0,Charge 6
2025-11-12T20:09:19Z,83.0,Charge 6
2025-11-12T20:09:21Z,81.0,Charge 6
2025-11-12T20:09:23Z,82.0,Charge 6
2025-11-12T20:09:25Z,83.0,Charge 6
2025-11-12T20:09:27Z,87.0,Charge 6
2025-11-12T20:09:29Z,88.0,Charge 6
2025-11-12T20:09:31Z,88.0,Charge 6
2025-11-12T20:09:33Z,91.0,Charge 6
2025-11-12T20:09:35Z,86.0,Charge 6
2025-11-12T20:09:37Z,80.0,Charge 6
2025-11-12T20:09:39Z,82.0,Charge 6
2025-11-12T20:09:41Z,86.0,Charge 6
2025-11-12T20:09:42Z,90.0,Charge 6
2025-11-12T20:09:44Z,94.0,Charge 6
2025-11-12T20:09:46Z,95.0,Charge 6
2025-11-12T20:09:49Z,95.0,Charge 6
2025-11-12T20:09:50Z,92.0,Charge 6
2025-11-12T20:09:52Z,90.0,Charge 6
2025-11-12T20:09:54Z,88.0,Charge 6
2025-11-12T20:09:56Z,90.0,Charge 6
2025-11-12T20:09:58Z,100.0,Charge 6
2025-11-12T20:10:01Z,100.0,Charge 6
2025-11-12T20:10:02Z,93.0,Charge 6
2025-11-12T20:10:04Z,89.0,Charge 6
2025-11-12T20:10:05Z,87.0,Charge 6
2025-11-12T20:10:07Z,89.0,Charge 6
2025-11-12T20:10:09Z,85.0,Charge 6
2025-11-12T20:10:12Z,85.0,Charge 6
2025-11-12T20:10:13Z,84.0,Charge 6
2025-11-12T20:10:16Z,84.0,Charge 6
2025-11-12T20:10:17Z,83.0,Charge 6
2025-11-12T20:10:20Z,83.0,Charge 6
2025-11-12T20:10:23Z,85.0,Charge 6
2025-11-12T20:10:25Z,87.0,Charge 6
2025-11-12T20:10:27Z,88.0,Charge 6
2025-11-12T20:10:29Z,89.0,Charge 6
2025-11-12T20:10:32Z,91.0,Charge 6
2025-11-12T20:10:35Z,91.0,Charge 6
2025-11-12T20:10:36Z,92.0,Charge 6
2025-11-12T20:10:38Z,93.0,Charge 6
2025-11-12T20:10:40Z,92.0,Charge 6
2025-11-12T20:10:43Z,92.0,Charge 6
2025-11-12T20:10:46Z,89.0,Charge 6
2025-11-12T20:10:48Z,84.0,Charge 6
2025-11-12T20:10:51Z,84.0,Charge 6
2025-11-12T20:10:54Z,84.0,Charge 6
2025-11-12T20:10:55Z,85.0,Charge 6
2025-11-12T20:10:57Z,87.0,Charge 6
2025-11-12T20:10:59Z,85.0,Charge 6
2025-11-12T20:11:02Z,85.0,Charge 6
2025-11-12T20:11:03Z,86.0,Charge 6
2025-11-12T20:11:05Z,87.0,Charge 6
2025-11-12T20:11:08Z,87.0,Charge 6
2025-11-12T20:11:09Z,91.0,Charge 6
2025-11-12T20:11:11Z,95.0,Charge 6
2025-11-12T20:11:13Z,96.0,Charge 6
2025-11-12T20:11:15Z,97.0,Charge 6
2025-11-12T20:11:17Z,98.0,Charge 6
2025-11-12T20:11:20Z,98.0,Charge 6
2025-11-12T20:11:22Z,104.0,Charge 6
2025-11-12T20:11:24Z,108.0,Charge 6
2025-11-12T20:11:26Z,111.0,Charge 6
2025-11-12T20:11:28Z,114.0,Charge 6
2025-11-12T20:11:30Z,117.0,Charge 6
2025-11-12T20:11:33Z,117.0,Charge 6
2025-11-12T20:11:34Z,115.0,Charge 6
2025-11-12T20:11:37Z,115.0,Charge 6
2025-11-12T20:11:38Z,115.0,Charge 6
2025-11-12T20:11:40Z,114.0,Charge 6
2025-11-12T20:11:41Z,112.0,Charge 6
2025-11-12T20:11:43Z,110.0,Charge 6
2025-11-12T20:11:45Z,111.0,Charge 6
2025-11-12T20:11:47Z,113.0,Charge 6
2025-11-12T20:11:49Z,114.0,Charge 6
2025-11-12T20:11:52Z,114.0,Charge 6
2025-11-12T20:11:53Z,113.0,Charge 6
2025-11-12T20:11:56Z,113.0,Charge 6
2025-11-12T20:11:59Z,113.0,Charge 6
2025-11-12T20:12:01Z,115.0,Charge 6
2025-11-12T20:12:03Z,121.0,Charge 6
2025-11-12T20:12:05Z,126.0,Charge 6
2025-11-12T20:12:06Z,127.0,Charge 6
2025-11-12T20:12:09Z,127.0,Charge 6
2025-11-12T20:12:10Z,126.0,Charge 6
2025-11-12T20:12:12Z,125.0,Charge 6
2025-11-12T20:12:14Z,124.0,Charge 6
2025-11-12T20:12:17Z,124.0,Charge 6
2025-11-12T20:12:20Z,126.0,Charge 6
2025-11-12T20:12:22Z,128.0,Charge 6
2025-11-12T20:12:25Z,128.0,Charge 6
2025-11-12T20:12:26Z,130.0,Charge 6
2025-11-12T20:12:28Z,131.0,Charge 6
2025-11-12T20:12:29Z,130.0,Charge 6
2025-11-12T20:12:32Z,130.0,Charge 6
2025-11-12T20:12:33Z,131.0,Charge 6
2025-11-12T20:12:35Z,128.0,Charge 6
2025-11-12T20:12:37Z,125.0,Charge 6
2025-11-12T20:12:39Z,122.0,Charge 6
2025-11-12T20:12:41Z,121.0,Charge 6
2025-11-12T20:12:43Z,120.0,Charge 6
2025-11-12T20:12:45Z,119.0,Charge 6
2025-11-12T20:12:47Z,117.0,Charge 6
2025-11-12T20:12:49Z,116.0,Charge 6
2025-11-12T20:12:52Z,116.0,Charge 6
2025-11-12T20:12:54Z,113.0,Charge 6
2025-11-12T20:12:56Z,112.0,Charge 6
2025-11-12T20:12:58Z,111.0,Charge 6
2025-11-12T20:13:00Z,110.0,Charge 6
2025-11-12T20:13:02Z,112.0,Charge 6
2025-11-12T20:13:04Z,115.0,Charge 6
2025-11-12T20:13:06Z,120.0,Charge 6
2025-11-12T20:13:08Z,122.0,Charge 6
2025-11-12T20:13:10Z,123.0,Charge 6
2025-11-12T20:13:13Z,123.0,Charge 6
2025-11-12T20:13:16Z,123.0,Charge 6
2025-11-12T20:13:17Z,124.0,Charge 6
2025-11-12T20:13:19Z,126.0,Charge 6
2025-11-12T20:13:21Z,128.0,Charge 6
2025-11-12T20:13:24Z,128.0,Charge 6
2025-11-12T20:13:27Z,127.0,Charge 6
2025-11-12T20:13:29Z,126.0,Charge 6
2025-11-12T20:13:31Z,124.0,Charge 6
2025-11-12T20:13:33Z,123.0,Charge 6
2025-11-12T20:13:35Z,122.0,Charge 6
2025-11-12T20:13:37Z,121.0,Charge 6
2025-11-12T20:13:39Z,120.0,Charge 6
2025-11-12T20:13:41Z,121.0,Charge 6
2025-11-12T20:13:44Z,120.0,Charge 6
2025-11-12T20:13:47Z,120.0,Charge 6
2025-11-12T20:13:50Z,119.0,Charge 6
2025-11-12T20:13:53Z,119.0,Charge 6
2025-11-12T20:13:54Z,120.0,Charge 6
2025-11-12T20:13:56Z,121.0,Charge 6
2025-11-12T20:13:58Z,123.0,Charge 6
2025-11-12T20:14:00Z,124.0,Charge 6
2025-11-12T20:14:03Z,124.0,Charge 6
2025-11-12T20:14:04Z,125.0,Charge 6
2025-11-12T20:14:05Z,127.0,Charge 6
2025-11-12T20:14:07Z,130.0,Charge 6
2025-11-12T20:14:09Z,131.0,Charge 6
2025-11-12T20:14:11Z,130.0,Charge 6
2025-11-12T20:14:13Z,132.0,Charge 6
2025-11-12T20:14:16Z,132.0,Charge 6
2025-11-12T20:14:17Z,130.0,Charge 6
2025-11-12T20:14:19Z,128.0,Charge 6
2025-11-12T20:14:22Z,128.0,Charge 6
2025-11-12T20:14:23Z,130.0,Charge 6
2025-11-12T20:14:26Z,130.0,Charge 6
2025-11-12T20:14:27Z,130.0,Charge 6
2025-11-12T20:14:30Z,131.0,Charge 6
2025-11-12T20:14:32Z,132.0,Charge 6
2025-11-12T20:14:35Z,132.0,Charge 6
2025-11-12T20:14:38Z,130.0,Charge 6
2025-11-12T20:14:40Z,129.0,Charge 6
2025-11-12T20:14:42Z,128.0,Charge 6
2025-11-12T20:14:44Z,125.0,Charge 6
2025-11-12T20:14:46Z,123.0,Charge 6
2025-11-12T20:14:48Z,124.0,Charge 6
2025-11-12T20:14:50Z,126.0,Charge 6
2025-11-12T20:14:53Z,126.0,Charge 6
2025-11-12T20:14:56Z,126.0,Charge 6
2025-11-12T20:14:59Z,126.0,Charge 6
2025-11-12T20:15:02Z,126.0,Charge 6
2025-11-12T20:15:03Z,125.0,Charge 6
2025-11-12T20:15:05Z,123.0,Charge 6
2025-11-12T20:15:07Z,121.0,Charge 6
2025-11-12T20:15:09Z,119.0,Charge 6
2025-11-12T20:15:11Z,118.0,Charge 6
2025-11-12T20:15:13Z,116.0,Charge 6
2025-11-12T20:15:15Z,114.0,Charge 6
2025-11-12T20:15:17Z,113.0,Charge 6
2025-11-12T20:15:20Z,112.0,Charge 6
2025-11-12T20:15:23Z,112.0,Charge 6
2025-11-12T20:15:24Z,112.0,Charge 6
2025-11-12T20:15:26Z,110.0,Charge 6
2025-11-12T20:15:28Z,108.0,Charge 6
2025-11-12T20:15:31Z,108.0,Charge 6
2025-11-12T20:15:32Z,108.0,Charge 6
2025-11-12T20:15:34Z,109.0,Charge 6
2025-11-12T20:15:36Z,110.0,Charge 6
2025-11-12T20:15:38Z,111.0,Charge 6
2025-11-12T20:15:40Z,113.0,Charge 6
2025-11-12T20:15:41Z,117.0,Charge 6
2025-11-12T20:15:43Z,123.0,Charge 6
2025-11-12T20:15:45Z,125.0,Charge 6
2025-11-12T20:15:47Z,124.0,Charge 6
2025-11-12T20:15:49Z,125.0,Charge 6
2025-11-12T20:15:51Z,126.0,Charge 6
2025-11-12T20:15:54Z,126.0,Charge 6
2025-11-12T20:15:57Z,126.0,Charge 6
2025-11-12T20:15:59Z,125.0,Charge 6
2025-11-12T20:16:01Z,124.0,Charge 6
2025-11-12T20:16:03Z,122.0,Charge 6
2025-11-12T20:16:06Z,121.0,Charge 6
2025-11-12T20:16:08Z,119.0,Charge 6
2025-11-12T20:16:10Z,116.0,Charge 6
2025-11-12T20:16:12Z,112.0,Charge 6
2025-11-12T20:16:14Z,111.0,Charge 6
2025-11-12T20:16:16Z,112.0,Charge 6
2025-11-12T20:16:18Z,113.0,Charge 6
2025-11-12T20:16:20Z,112.0,Charge 6
2025-11-12T20:16:23Z,112.0,Charge 6
2025-11-12T20:16:24Z,113.0,Charge 6
2025-11-12T20:16:27Z,113.0,Charge 6
2025-11-12T20:16:28Z,114.0,Charge 6
2025-11-12T20:16:31Z,114.0,Charge 6
2025-11-12T20:16:34Z,114.0,Charge 6
2025-11-12T20:16:37Z,114.0,Charge 6
2025-11-12T20:16:40Z,114.0,Charge 6
2025-11-12T20:16:43Z,114.0,Charge 6
2025-11-12T20:16:45Z,112.0,Charge 6
2025-11-12T20:16:47Z,111.0,Charge 6
2025-11-12T20:16:49Z,111.0,Charge 6
2025-11-12T20:16:51Z,108.0,Charge 6
2025-11-12T20:16:53Z,107.0,Charge 6
2025-11-12T20:16:54Z,106.0,Charge 6
2025-11-12T20:16:56Z,103.0,Charge 6
2025-11-12T20:16:58Z,100.0,Charge 6
2025-11-12T20:17:01Z,100.0,Charge 6
2025-11-12T20:17:02Z,101.0,Charge 6
2025-11-12T20:17:04Z,104.0,Charge 6
2025-11-12T20:17:06Z,113.0,Charge 6
2025-11-12T20:17:08Z,116.0,Charge 6
2025-11-12T20:17:10Z,117.0,Charge 6
2025-11-12T20:17:12Z,116.0,Charge 6
2025-11-12T20:17:14Z,114.0,Charge 6
2025-11-12T20:17:16Z,107.0,Charge 6
2025-11-12T20:17:17Z,109.0,Charge 6
2025-11-12T20:17:19Z,109.0,Charge 6
2025-11-12T20:17:22Z,109.0,Charge 6
2025-11-12T20:17:23Z,108.0,Charge 6
2025-11-12T20:17:25Z,106.0,Charge 6
2025-11-12T20:17:28Z,106.0,Charge 6
2025-11-12T20:17:31Z,105.0,Charge 6
2025-11-12T20:17:33Z,104.0,Charge 6
2025-11-12T20:17:36Z,104.0,Charge 6
2025-11-12T20:17:39Z,104.0,Charge 6
2025-11-12T20:17:42Z,103.0,Charge 6
2025-11-12T20:17:45Z,103.0,Charge 6
2025-11-12T20:17:46Z,102.0,Charge 6
2025-11-12T20:17:49Z,102.0,Charge 6
2025-11-12T20:17:50Z,103.0,Charge 6
2025-11-12T20:17:52Z,104.0,Charge 6
2025-11-12T20:17:55Z,104.0,Charge 6
2025-11-12T20:17:56Z,103.0,Charge 6
2025-11-12T20:17:58Z,102.0,Charge 6
2025-11-12T20:18:00Z,100.0,Charge 6
2025-11-12T20:18:02Z,99.0,Charge 6
2025-11-12T20:18:04Z,98.0,Charge 6
2025-11-12T20:18:07Z,100.0,Charge 6
2025-11-12T20:18:10Z,100.0,Charge 6
2025-11-12T20:18:11Z,102.0,Charge 6
2025-11-12T20:18:14Z,102.0,Charge 6
2025-11-12T20:18:17Z,101.0,Charge 6
2025-11-12T20:18:19Z,100.0,Charge 6
2025-11-12T20:18:21Z,100.0,Charge 6
2025-11-12T20:18:23Z,102.0,Charge 6
2025-11-12T20:18:26Z,102.0,Charge 6
2025-11-12T20:18:29Z,102.0,Charge 6
2025-11-12T20:18:32Z,102.0,Charge 6
2025-11-12T20:18:35Z,102.0,Charge 6
2025-11-12T20:18:36Z,101.0,Charge 6
2025-11-12T20:18:38Z,99.0,Charge 6
2025-11-12T20:18:41Z,99.0,Charge 6
2025-11-12T20:18:42Z,100.0,Charge 6
2025-11-12T20:18:44Z,101.0,Charge 6
2025-11-12T20:18:46Z,102.0,Charge 6
2025-11-12T20:18:49Z,102.0,Charge 6
2025-11-12T20:18:52Z,103.0,Charge 6
2025-11-12T20:18:53Z,102.0,Charge 6
2025-11-12T20:18:56Z,102.0,Charge 6
2025-11-12T20:18:59Z,102.0,Charge 6
2025-11-12T20:19:01Z,104.0,Charge 6
2025-11-12T20:19:03Z,105.0,Charge 6
2025-11-12T20:19:05Z,104.0,Charge 6
2025-11-12T20:19:07Z,102.0,Charge 6
2025-11-12T20:19:09Z,103.0,Charge 6
2025-11-12T20:19:11Z,104.0,Charge 6
2025-11-12T20:19:14Z,104.0,Charge 6
2025-11-12T20:19:17Z,104.0,Charge 6
2025-11-12T20:19:20Z,104.0,Charge 6
2025-11-12T20:19:23Z,104.0,Charge 6
2025-11-12T20:19:24Z,102.0,Charge 6
2025-11-12T20:19:27Z,102.0,Charge 6
2025-11-12T20:19:28Z,101.0,Charge 6
2025-11-12T20:19:30Z,103.0,Charge 6
2025-11-12T20:19:32Z,101.0,Charge 6
2025-11-12T20:19:34Z,100.0,Charge 6
2025-11-12T20:19:36Z,99.0,Charge 6
2025-11-12T20:19:38Z,100.0,Charge 6
2025-11-12T20:19:41Z,99.0,Charge 6
2025-11-12T20:19:43Z,97.0,Charge 6
2025-11-12T20:19:45Z,98.0,Charge 6
2025-11-12T20:19:48Z,98.0,Charge 6
2025-11-12T20:19:51Z,99.0,Charge 6
2025-11-12T20:19:54Z,99.0,Charge 6
2025-11-12T20:19:57Z,100.0,Charge 6
2025-11-12T20:19:59Z,99.0,Charge 6
2025-11-12T20:20:01Z,101.0,Charge 6
2025-11-12T20:20:03Z,102.0,Charge 6
2025-11-12T20:20:06Z,103.0,Charge 6
2025-11-12T20:20:09Z,103.0,Charge 6
2025-11-12T20:20:12Z,102.0,Charge 6
2025-11-12T20:20:14Z,103.0,Charge 6
2025-11-12T20:20:16Z,102.0,Charge 6
2025-11-12T20:20:18Z,101.0,Charge 6
2025-11-12T20:20:21Z,101.0,Charge 6
2025-11-12T20:20:22Z,103.0,Charge 6
2025-11-12T20:20:24Z,104.0,Charge 6
2025-11-12T20:20:26Z,103.0,Charge 6
2025-11-12T20:20:28Z,99.0,Charge 6
2025-11-12T20:20:29Z,96.0,Charge 6
2025-11-12T20:20:31Z,88.0,Charge 6
2025-11-12T20:20:33Z,86.0,Charge 6
2025-11-12T20:20:35Z,92.0,Charge 6
2025-11-12T20:20:37Z,89.0,Charge 6
2025-11-12T20:20:39Z,92.0,Charge 6
2025-11-12T20:20:41Z,94.0,Charge 6
2025-11-12T20:20:43Z,89.0,Charge 6
2025-11-12T20:20:45Z,91.0,Charge 6
2025-11-12T20:20:47Z,98.0,Charge 6
2025-11-12T20:20:49Z,96.0,Charge 6
2025-11-12T20:20:51Z,92.0,Charge 6
2025-11-12T20:20:53Z,86.0,Charge 6
2025-11-12T20:20:54Z,84.0,Charge 6
2025-11-12T20:20:56Z,83.0,Charge 6
2025-11-12T20:20:58Z,86.0,Charge 6
2025-11-12T20:21:00Z,90.0,Charge 6
2025-11-12T20:21:02Z,87.0,Charge 6
2025-11-12T20:21:04Z,85.0,Charge 6
2025-11-12T20:21:07Z,85.0,Charge 6
2025-11-12T20:21:08Z,88.0,Charge 6
2025-11-12T20:21:10Z,89.0,Charge 6
2025-11-12T20:21:12Z,90.0,Charge 6
2025-11-12T20:21:14Z,91.0,Charge 6
2025-11-12T20:21:16Z,90.0,Charge 6
2025-11-12T20:21:17Z,89.0,Charge 6
2025-11-12T20:21:19Z,90.0,Charge 6
2025-11-12T20:21:21Z,86.0,Charge 6
2025-11-12T20:21:23Z,85.0,Charge 6
2025-11-12T20:21:25Z,87.0,Charge 6
2025-11-12T20:21:27Z,89.0,Charge 6
2025-11-12T20:21:29Z,91.0,Charge 6
2025-11-12T20:21:31Z,94.0,Charge 6
2025-11-12T20:21:34Z,94.0,Charge 6
2025-11-12T20:21:35Z,95.0,Charge 6
2025-11-12T20:21:37Z,97.0,Charge 6
2025-11-12T20:21:40Z,97.0,Charge 6
2025-11-12T20:21:42Z,96.0,Charge 6
2025-11-12T20:21:44Z,95.0,Charge 6
2025-11-12T20:21:46Z,89.0,Charge 6
2025-11-12T20:21:48Z,90.0,Charge 6
2025-11-12T20:21:51Z,90.0,Charge 6
2025-11-12T20:21:52Z,107.0,Charge 6
2025-11-12T20:21:54Z,111.0,Charge 6
2025-11-12T20:21:56Z,101.0,Charge 6
2025-11-12T20:21:58Z,115.0,Charge 6
2025-11-12T20:22:01Z,115.0,Charge 6
2025-11-12T20:22:02Z,112.0,Charge 6
2025-11-12T20:22:04Z,115.0,Charge 6
2025-11-12T20:22:05Z,117.0,Charge 6
2025-11-12T20:22:07Z,108.0,Charge 6
2025-11-12T20:22:09Z,113.0,Charge 6
2025-11-12T20:22:11Z,107.0,Charge 6
2025-11-12T20:22:13Z,103.0,Charge 6
2025-11-12T20:22:15Z,104.0,Charge 6
2025-11-12T20:22:17Z,102.0,Charge 6
2025-11-12T20:22:19Z,100.0,Charge 6
2025-11-12T20:22:21Z,101.0,Charge 6
2025-11-12T20:22:23Z,102.0,Charge 6
2025-11-12T20:22:25Z,103.0,Charge 6
2025-11-12T20:22:27Z,104.0,Charge 6
2025-11-12T20:22:29Z,102.0,Charge 6
2025-11-12T20:22:30Z,104.0,Charge 6
2025-11-12T20:22:32Z,105.0,Charge 6
2025-11-12T20:22:34Z,105.0,Charge 6
2025-11-12T20:22:36Z,106.0,Charge 6
2025-11-12T20:22:38Z,113.0,Charge 6
2025-11-12T20:22:40Z,111.0,Charge 6
2025-11-12T20:22:42Z,103.0,Charge 6
2025-11-12T20:22:44Z,108.0,Charge 6
2025-11-12T20:22:46Z,111.0,Charge 6
2025-11-12T20:22:48Z,107.0,Charge 6
2025-11-12T20:22:50Z,109.0,Charge 6
2025-11-12T20:22:52Z,108.0,Charge 6
2025-11-12T20:22:53Z,98.0,Charge 6
2025-11-12T20:22:55Z,97.0,Charge 6
2025-11-12T20:22:57Z,100.0,Charge 6
2025-11-12T20:22:59Z,96.0,Charge 6
2025-11-12T20:23:01Z,101.0,Charge 6
2025-11-12T20:23:03Z,100.0,Charge 6
2025-11-12T20:23:05Z,96.0,Charge 6
2025-11-12T20:23:07Z,107.0,Charge 6
2025-11-12T20:23:09Z,147.0,Charge 6
2025-11-12T20:23:11Z,144.0,Charge 6
2025-11-12T20:23:13Z,145.0,Charge 6
2025-11-12T20:23:15Z,143.0,Charge 6
2025-11-12T20:23:17Z,141.0,Charge 6
2025-11-12T20:23:20Z,148.0,Charge 6
2025-11-12T20:23:22Z,145.0,Charge 6
2025-11-12T20:23:24Z,142.0,Charge 6
2025-11-12T20:23:26Z,143.0,Charge 6
2025-11-12T20:23:29Z,143.0,Charge 6
2025-11-12T20:23:30Z,145.0,Charge 6
2025-11-12T20:23:32Z,146.0,Charge 6
2025-11-12T20:23:35Z,146.0,Charge 6
2025-11-12T20:23:38Z,146.0,Charge 6
2025-11-12T20:23:41Z,147.0,Charge 6
2025-11-12T20:23:43Z,141.0,Charge 6
2025-11-12T20:23:45Z,141.0,Charge 6
2025-11-12T20:23:47Z,136.0,Charge 6
2025-11-12T20:23:49Z,135.0,Charge 6
2025-11-12T20:23:52Z,135.0,Charge 6
2025-11-12T20:23:53Z,133.0,Charge 6
2025-11-12T20:23:55Z,132.0,Charge 6
2025-11-12T20:23:58Z,132.0,Charge 6
2025-11-12T20:24:01Z,132.0,Charge 6
2025-11-12T20:24:03Z,130.0,Charge 6
2025-11-12T20:24:05Z,126.0,Charge 6
2025-11-12T20:24:06Z,123.0,Charge 6
2025-11-12T20:24:08Z,120.0,Charge 6
2025-11-12T20:24:10Z,119.0,Charge 6
2025-11-12T20:24:12Z,118.0,Charge 6
2025-11-12T20:24:14Z,118.0,Charge 6
2025-11-12T20:24:16Z,119.0,Charge 6
2025-11-12T20:24:18Z,118.0,Charge 6
2025-11-12T20:24:20Z,113.0,Charge 6
2025-11-12T20:24:22Z,110.0,Charge 6
2025-11-12T20:24:24Z,109.0,Charge 6
2025-11-12T20:24:27Z,109.0,Charge 6
2025-11-12T20:24:28Z,110.0,Charge 6
2025-11-12T20:24:29Z,111.0,Charge 6
2025-11-12T20:24:31Z,110.0,Charge 6
2025-11-12T20:24:33Z,108.0,Charge 6
2025-11-12T20:24:35Z,110.0,Charge 6
2025-11-12T20:24:37Z,109.0,Charge 6
2025-11-12T20:24:39Z,106.0,Charge 6
2025-11-12T20:24:41Z,100.0,Charge 6
2025-11-12T20:24:43Z,98.0,Charge 6
2025-11-12T20:24:46Z,98.0,Charge 6
2025-11-12T20:24:47Z,99.0,Charge 6
2025-11-12T20:24:49Z,100.0,Charge 6
2025-11-12T20:24:51Z,103.0,Charge 6
2025-11-12T20:24:54Z,101.0,Charge 6
2025-11-12T20:24:57Z,101.0,Charge 6
2025-11-12T20:24:58Z,99.0,Charge 6
2025-11-12T20:25:00Z,95.0,Charge 6
2025-11-12T20:25:02Z,94.0,Charge 6
2025-11-12T20:25:04Z,95.0,Charge 6
2025-11-12T20:25:07Z,95.0,Charge 6
2025-11-12T20:25:08Z,96.0,Charge 6
2025-11-12T20:25:10Z,98.0,Charge 6
2025-11-12T20:25:12Z,105.0,Charge 6
2025-11-12T20:25:14Z,117.0,Charge 6
2025-11-12T20:25:16Z,120.0,Charge 6
2025-11-12T20:25:17Z,114.0,Charge 6
2025-11-12T20:25:19Z,120.0,Charge 6
2025-11-12T20:25:21Z,112.0,Charge 6
2025-11-12T20:25:23Z,111.0,Charge 6
2025-11-12T20:25:25Z,114.0,Charge 6
2025-11-12T20:25:27Z,116.0,Charge 6
2025-11-12T20:25:30Z,116.0,Charge 6
2025-11-12T20:25:31Z,112.0,Charge 6
2025-11-12T20:25:33Z,105.0,Charge 6
2025-11-12T20:25:35Z,106.0,Charge 6
2025-11-12T20:25:37Z,102.0,Charge 6
2025-11-12T20:25:40Z,102.0,Charge 6
2025-11-12T20:25:41Z,101.0,Charge 6
2025-11-12T20:25:42Z,106.0,Charge 6
2025-11-12T20:25:44Z,115.0,Charge 6
2025-11-12T20:25:46Z,112.0,Charge 6
2025-11-12T20:25:48Z,116.0,Charge 6
2025-11-12T20:25:50Z,120.0,Charge 6
2025-11-12T20:25:52Z,133.0,Charge 6
2025-11-12T20:25:54Z,143.0,Charge 6
2025-11-12T20:25:56Z,146.0,Charge 6
2025-11-12T20:25:58Z,145.0,Charge 6
2025-11-12T20:26:00Z,139.0,Charge 6
2025-11-12T20:26:02Z,134.0,Charge 6
2025-11-12T20:26:05Z,139.0,Charge 6
2025-11-12T20:26:07Z,141.0,Charge 6
2025-11-12T20:26:09Z,142.0,Charge 6
2025-11-12T20:26:12Z,142.0,Charge 6
2025-11-12T20:26:13Z,144.0,Charge 6
2025-11-12T20:26:16Z,144.0,Charge 6
2025-11-12T20:26:17Z,146.0,Charge 6
2025-11-12T20:26:19Z,146.0,Charge 6
2025-11-12T20:26:22Z,146.0,Charge 6
2025-11-12T20:26:25Z,139.0,Charge 6
2025-11-12T20:26:27Z,138.0,Charge 6
2025-11-12T20:26:30Z,138.0,Charge 6
2025-11-12T20:26:33Z,138.0,Charge 6
2025-11-12T20:26:36Z,132.0,Charge 6
2025-11-12T20:26:38Z,127.0,Charge 6
2025-11-12T20:26:41Z,127.0,Charge 6
2025-11-12T20:26:42Z,128.0,Charge 6
2025-11-12T20:26:44Z,132.0,Charge 6
2025-11-12T20:26:46Z,131.0,Charge 6
2025-11-12T20:26:48Z,128.0,Charge 6
2025-11-12T20:26:50Z,127.0,Charge 6
2025-11-12T20:26:53Z,126.0,Charge 6
2025-11-12T20:26:55Z,124.0,Charge 6
2025-11-12T20:26:57Z,123.0,Charge 6
2025-11-12T20:26:59Z,122.0,Charge 6
2025-11-12T20:27:01Z,121.0,Charge 6
2025-11-12T20:27:04Z,121.0,Charge 6
2025-11-12T20:27:05Z,122.0,Charge 6
2025-11-12T20:27:07Z,123.0,Charge 6
2025-11-12T20:27:09Z,124.0,Charge 6
2025-11-12T20:27:11Z,125.0,Charge 6
2025-11-12T20:27:14Z,125.0,Charge 6
2025-11-12T20:27:15Z,124.0,Charge 6
2025-11-12T20:27:17Z,120.0,Charge 6
2025-11-12T20:27:18Z,118.0,Charge 6
2025-11-12T20:27:20Z,116.0,Charge 6
2025-11-12T20:27:23Z,116.0,Charge 6
2025-11-12T20:27:24Z,113.0,Charge 6
2025-11-12T20:27:26Z,110.0,Charge 6
2025-11-12T20:27:28Z,109.0,Charge 6
2025-11-12T20:27:31Z,109.0,Charge 6
2025-11-12T20:27:34Z,105.0,Charge 6
2025-11-12T20:27:36Z,103.0,Charge 6
2025-11-12T20:27:38Z,102.0,Charge 6
2025-11-12T20:27:40Z,103.0,Charge 6
2025-11-12T20:27:41Z,105.0,Charge 6
2025-11-12T20:27:43Z,107.0,Charge 6
2025-11-12T20:27:45Z,106.0,Charge 6
2025-11-12T20:27:48Z,106.0,Charge 6
2025-11-12T20:27:51Z,105.0,Charge 6
2025-11-12T20:27:53Z,104.0,Charge 6
2025-11-12T20:27:55Z,103.0,Charge 6
2025-11-12T20:27:58Z,103.0,Charge 6
2025-11-12T20:27:59Z,104.0,Charge 6
2025-11-12T20:28:01Z,101.0,Charge 6
2025-11-12T20:28:03Z,100.0,Charge 6
2025-11-12T20:28:06Z,101.0,Charge 6
2025-11-12T20:28:09Z,101.0,Charge 6
2025-11-12T20:28:12Z,101.0,Charge 6
2025-11-12T20:28:15Z,101.0,Charge 6
2025-11-12T20:28:16Z,98.0,Charge 6
2025-11-12T20:28:18Z,97.0,Charge 6
2025-11-12T20:28:20Z,99.0,Charge 6
2025-11-12T20:28:22Z,97.0,Charge 6
2025-11-12T20:28:24Z,96.0,Charge 6
2025-11-12T20:28:26Z,96.0,Charge 6
2025-11-12T20:28:29Z,96.0,Charge 6
2025-11-12T20:28:31Z,95.0,Charge 6
2025-11-12T20:28:33Z,94.0,Charge 6
2025-11-12T20:28:35Z,91.0,Charge 6
2025-11-12T20:28:38Z,91.0,Charge 6
2025-11-12T20:28:39Z,92.0,Charge 6
2025-11-12T20:28:41Z,93.0,Charge 6
2025-11-12T20:28:43Z,94.0,Charge 6
2025-11-12T20:28:46Z,94.0,Charge 6
2025-11-12T20:28:47Z,96.0,Charge 6
2025-11-12T20:28:49Z,102.0,Charge 6
2025-11-12T20:28:51Z,104.0,Charge 6
2025-11-12T20:28:53Z,102.0,Charge 6
2025-11-12T20:28:54Z,104.0,Charge 6
2025-11-12T20:28:56Z,106.0,Charge 6
2025-11-12T20:28:58Z,107.0,Charge 6
2025-11-12T20:29:00Z,106.0,Charge 6
2025-11-12T20:29:02Z,105.0,Charge 6
2025-11-12T20:29:04Z,102.0,Charge 6
2025-11-12T20:29:06Z,100.0,Charge 6
2025-11-12T20:29:08Z,98.0,Charge 6
2025-11-12T20:29:10Z,97.0,Charge 6
2025-11-12T20:29:12Z,98.0,Charge 6
2025-11-12T20:29:15Z,98.0,Charge 6
2025-11-12T20:29:16Z,97.0,Charge 6
2025-11-12T20:29:17Z,99.0,Charge 6
2025-11-12T20:29:20Z,99.0,Charge 6
2025-11-12T20:29:21Z,97.0,Charge 6
2025-11-12T20:29:23Z,98.0,Charge 6
2025-11-12T20:29:26Z,98.0,Charge 6
2025-11-12T20:29:27Z,97.0,Charge 6
2025-11-12T20:29:29Z,98.0,Charge 6
2025-11-12T20:29:32Z,98.0,Charge 6
2025-11-12T20:29:35Z,99.0,Charge 6
2025-11-12T20:29:37Z,98.0,Charge 6
2025-11-12T20:29:40Z,98.0,Charge 6
2025-11-12T20:29:41Z,99.0,Charge 6
2025-11-12T20:29:42Z,98.0,Charge 6
2025-11-12T20:29:44Z,97.0,Charge 6
2025-11-12T20:29:46Z,99.0,Charge 6
2025-11-12T20:29:48Z,102.0,Charge 6
2025-11-12T20:29:51Z,102.0,Charge 6
2025-11-12T20:29:52Z,107.0,Charge 6
2025-11-12T20:29:54Z,108.0,Charge 6
2025-11-12T20:29:56Z,98.0,Charge 6
2025-11-12T20:29:58Z,97.0,Charge 6
2025-11-12T20:30:00Z,101.0,Charge 6
2025-11-12T20:30:02Z,99.0,Charge 6
2025-11-12T20:30:04Z,107.0,Charge 6
2025-11-12T20:30:05Z,108.0,Charge 6
2025-11-12T20:30:07Z,103.0,Charge 6
2025-11-12T20:30:09Z,102.0,Charge 6
2025-11-12T20:30:11Z,103.0,Charge 6
2025-11-12T20:30:13Z,97.0,Charge 6
2025-11-12T20:30:15Z,100.0,Charge 6
2025-11-12T20:30:17Z,111.0,Charge 6
2025-11-12T20:30:19Z,114.0,Charge 6
2025-11-12T20:30:21Z,116.0,Charge 6
2025-11-12T20:30:23Z,115.0,Charge 6
2025-11-12T20:30:25Z,109.0,Charge 6
2025-11-12T20:30:27Z,108.0,Charge 6
2025-11-12T20:30:29Z,110.0,Charge 6
2025-11-12T20:30:30Z,112.0,Charge 6
2025-11-12T20:30:32Z,108.0,Charge 6
2025-11-12T20:30:34Z,109.0,Charge 6
2025-11-12T20:30:36Z,113.0,Charge 6
2025-11-12T20:30:38Z,110.0,Charge 6
2025-11-12T20:30:40Z,115.0,Charge 6
2025-11-12T20:30:43Z,115.0,Charge 6
2025-11-12T20:30:44Z,118.0,Charge 6
2025-11-12T20:30:46Z,133.0,Charge 6
2025-11-12T20:30:48Z,139.0,Charge 6
2025-11-12T20:30:50Z,119.0,Charge 6
2025-11-12T20:30:52Z,139.0,Charge 6
2025-11-12T20:30:53Z,134.0,Charge 6
2025-11-12T20:30:55Z,133.0,Charge 6
2025-11-12T20:30:57Z,135.0,Charge 6
2025-11-12T20:30:59Z,138.0,Charge 6
2025-11-12T20:31:01Z,139.0,Charge 6
2025-11-12T20:31:04Z,139.0,Charge 6
2025-11-12T20:31:07Z,139.0,Charge 6
2025-11-12T20:31:09Z,136.0,Charge 6
2025-11-12T20:31:11Z,135.0,Charge 6
2025-11-12T20:31:13Z,137.0,Charge 6
2025-11-12T20:31:15Z,139.0,Charge 6
2025-11-12T20:31:17Z,138.0,Charge 6
2025-11-12T20:31:18Z,143.0,Charge 6
2025-11-12T20:31:20Z,138.0,Charge 6
2025-11-12T20:31:22Z,139.0,Charge 6
2025-11-12T20:31:24Z,140.0,Charge 6
2025-11-12T20:31:26Z,139.0,Charge 6
2025-11-12T20:31:29Z,139.0,Charge 6
2025-11-12T20:31:30Z,138.0,Charge 6
2025-11-12T20:31:32Z,136.0,Charge 6
2025-11-12T20:31:35Z,136.0,Charge 6
2025-11-12T20:31:36Z,134.0,Charge 6
2025-11-12T20:31:39Z,134.0,Charge 6
2025-11-12T20:31:40Z,133.0,Charge 6
2025-11-12T20:31:41Z,132.0,Charge 6
2025-11-12T20:31:43Z,133.0,Charge 6
2025-11-12T20:31:45Z,130.0,Charge 6
2025-11-12T20:31:47Z,128.0,Charge 6
2025-11-12T20:31:50Z,128.0,Charge 6
2025-11-12T20:31:53Z,128.0,Charge 6
2025-11-12T20:31:55Z,129.0,Charge 6
2025-11-12T20:31:58Z,129.0,Charge 6
2025-11-12T20:32:01Z,127.0,Charge 6
2025-11-12T20:32:03Z,125.0,Charge 6
2025-11-12T20:32:05Z,123.0,Charge 6
2025-11-12T20:32:06Z,122.0,Charge 6
2025-11-12T20:32:08Z,121.0,Charge 6
2025-11-12T20:32:11Z,121.0,Charge 6
2025-11-12T20:32:12Z,122.0,Charge 6
2025-11-12T20:32:15Z,122.0,Charge 6
2025-11-12T20:32:16Z,123.0,Charge 6
2025-11-12T20:32:19Z,123.0,Charge 6
2025-11-12T20:32:22Z,123.0,Charge 6
2025-11-12T20:32:24Z,120.0,Charge 6
2025-11-12T20:32:26Z,119.0,Charge 6
2025-11-12T20:32:28Z,118.0,Charge 6
2025-11-12T20:32:29Z,119.0,Charge 6
2025-11-12T20:32:32Z,119.0,Charge 6
2025-11-12T20:32:35Z,119.0,Charge 6
2025-11-12T20:32:38Z,119.0,Charge 6
2025-11-12T20:32:39Z,119.0,Charge 6
2025-11-12T20:32:41Z,118.0,Charge 6
2025-11-12T20:32:43Z,120.0,Charge 6
2025-11-12T20:32:45Z,119.0,Charge 6
2025-11-12T20:32:48Z,119.0,Charge 6
2025-11-12T20:32:49Z,117.0,Charge 6
2025-11-12T20:32:51Z,116.0,Charge 6
2025-11-12T20:32:54Z,116.0,Charge 6
2025-11-12T20:32:57Z,116.0,Charge 6
2025-11-12T20:32:58Z,117.0,Charge 6
2025-11-12T20:33:01Z,117.0,Charge 6
2025-11-12T20:33:02Z,116.0,Charge 6
2025-11-12T20:33:04Z,117.0,Charge 6
2025-11-12T20:33:06Z,118.0,Charge 6
2025-11-12T20:33:08Z,117.0,Charge 6
2025-11-12T20:33:10Z,116.0,Charge 6
2025-11-12T20:33:12Z,115.0,Charge 6
2025-11-12T20:33:14Z,114.0,Charge 6
2025-11-12T20:33:17Z,115.0,Charge 6
2025-11-12T20:33:20Z,115.0,Charge 6
2025-11-12T20:33:21Z,114.0,Charge 6
2025-11-12T20:33:24Z,114.0,Charge 6
2025-11-12T20:33:25Z,113.0,Charge 6
2025-11-12T20:33:28Z,113.0,Charge 6
2025-11-12T20:33:29Z,114.0,Charge 6
2025-11-12T20:33:32Z,114.0,Charge 6
2025-11-12T20:33:33Z,115.0,Charge 6
2025-11-12T20:33:35Z,113.0,Charge 6
2025-11-12T20:33:37Z,110.0,Charge 6
2025-11-12T20:33:39Z,111.0,Charge 6
2025-11-12T20:33:41Z,112.0,Charge 6
2025-11-12T20:33:42Z,114.0,Charge 6
2025-11-12T20:33:45Z,114.0,Charge 6
2025-11-12T20:33:46Z,113.0,Charge 6
2025-11-12T20:33:49Z,113.0,Charge 6
2025-11-12T20:33:50Z,112.0,Charge 6
2025-11-12T20:33:53Z,112.0,Charge 6
2025-11-12T20:33:54Z,111.0,Charge 6
2025-11-12T20:33:56Z,108.0,Charge 6
2025-11-12T20:33:59Z,108.0,Charge 6
2025-11-12T20:34:02Z,105.0,Charge 6
2025-11-12T20:34:04Z,104.0,Charge 6
2025-11-12T20:34:07Z,104.0,Charge 6
2025-11-12T20:34:10Z,104.0,Charge 6
2025-11-12T20:34:11Z,103.0,Charge 6
2025-11-12T20:34:13Z,101.0,Charge 6
2025-11-12T20:34:16Z,101.0,Charge 6
2025-11-12T20:34:17Z,102.0,Charge 6
2025-11-12T20:34:20Z,102.0,Charge 6
2025-11-12T20:34:21Z,101.0,Charge 6
2025-11-12T20:34:23Z,98.0,Charge 6
2025-11-12T20:34:25Z,97.0,Charge 6
2025-11-12T20:34:27Z,98.0,Charge 6
2025-11-12T20:34:30Z,95.0,Charge 6
2025-11-12T20:34:32Z,94.0,Charge 6
2025-11-12T20:34:35Z,94.0,Charge 6
2025-11-12T20:34:36Z,96.0,Charge 6
2025-11-12T20:34:38Z,98.0,Charge 6
2025-11-12T20:34:40Z,97.0,Charge 6
2025-11-12T20:34:42Z,96.0,Charge 6
2025-11-12T20:34:44Z,93.0,Charge 6
2025-11-12T20:34:47Z,93.0,Charge 6
2025-11-12T20:34:48Z,97.0,Charge 6
2025-11-12T20:34:50Z,99.0,Charge 6
2025-11-12T20:34:52Z,100.0,Charge 6
2025-11-12T20:34:53Z,99.0,Charge 6
2025-11-12T20:34:55Z,96.0,Charge 6
2025-11-12T20:34:57Z,94.0,Charge 6
2025-11-12T20:34:59Z,93.0,Charge 6
2025-11-12T20:35:01Z,94.0,Charge 6
2025-11-12T20:35:03Z,93.0,Charge 6
2025-11-12T20:35:05Z,92.0,Charge 6
2025-11-12T20:35:07Z,93.0,Charge 6
2025-11-12T20:35:09Z,98.0,Charge 6
2025-11-12T20:35:11Z,100.0,Charge 6
2025-11-12T20:35:13Z,102.0,Charge 6
2025-11-12T20:35:15Z,102.0,Charge 6
2025-11-12T20:35:18Z,103.0,Charge 6
2025-11-12T20:35:20Z,104.0,Charge 6
2025-11-12T20:35:23Z,104.0,Charge 6
2025-11-12T20:35:26Z,106.0,Charge 6
2025-11-12T20:35:28Z,111.0,Charge 6
2025-11-12T20:35:30Z,114.0,Charge 6
2025-11-12T20:35:32Z,118.0,Charge 6
2025-11-12T20:35:34Z,120.0,Charge 6
2025-11-12T20:35:36Z,123.0,Charge 6
2025-11-12T20:35:38Z,124.0,Charge 6
2025-11-12T20:35:40Z,127.0,Charge 6
2025-11-12T20:35:41Z,129.0,Charge 6
2025-11-12T20:35:43Z,130.0,Charge 6
2025-11-12T20:35:46Z,130.0,Charge 6
2025-11-12T20:35:49Z,132.0,Charge 6
2025-11-12T20:35:52Z,132.0,Charge 6
2025-11-12T20:35:55Z,132.0,Charge 6
2025-11-12T20:35:58Z,132.0,Charge 6
2025-11-12T20:36:01Z,132.0,Charge 6
2025-11-12T20:36:03Z,129.0,Charge 6
2025-11-12T20:36:05Z,126.0,Charge 6
2025-11-12T20:36:06Z,124.0,Charge 6
2025-11-12T20:36:08Z,122.0,Charge 6
2025-11-12T20:36:11Z,122.0,Charge 6
2025-11-12T20:36:12Z,120.0,Charge 6
2025-11-12T20:36:14Z,121.0,Charge 6
2025-11-12T20:36:16Z,117.0,Charge 6
2025-11-12T20:36:18Z,115.0,Charge 6
2025-11-12T20:36:20Z,121.0,Charge 6
2025-11-12T20:36:22Z,123.0,Charge 6
2025-11-12T20:36:25Z,123.0,Charge 6
2025-11-12T20:36:26Z,122.0,Charge 6
2025-11-12T20:36:29Z,124.0,Charge 6
2025-11-12T20:36:32Z,124.0,Charge 6
2025-11-12T20:36:33Z,125.0,Charge 6
2025-11-12T20:36:35Z,126.0,Charge 6
2025-11-12T20:36:37Z,125.0,Charge 6
2025-11-12T20:36:39Z,124.0,Charge 6
2025-11-12T20:36:42Z,124.0,Charge 6
2025-11-12T20:36:43Z,123.0,Charge 6
2025-11-12T20:36:45Z,121.0,Charge 6
2025-11-12T20:36:47Z,117.0,Charge 6
2025-11-12T20:36:50Z,117.0,Charge 6
2025-11-12T20:36:53Z,116.0,Charge 6
2025-11-12T20:36:54Z,114.0,Charge 6
2025-11-12T20:36:56Z,114.0,Charge 6
2025-11-12T20:36:58Z,113.0,Charge 6
2025-11-12T20:37:00Z,114.0,Charge 6
2025-11-12T20:37:02Z,113.0,Charge 6
2025-11-12T20:37:04Z,112.0,Charge 6
2025-11-12T20:37:06Z,111.0,Charge 6
2025-11-12T20:37:08Z,111.0,Charge 6
2025-11-12T20:37:10Z,109.0,Charge 6
2025-11-12T20:37:12Z,107.0,Charge 6
2025-11-12T20:37:14Z,106.0,Charge 6
2025-11-12T20:37:17Z,105.0,Charge 6
2025-11-12T20:37:19Z,104.0,Charge 6
2025-11-12T20:37:21Z,102.0,Charge 6
2025-11-12T20:37:23Z,100.0,Charge 6
2025-11-12T20:37:25Z,98.0,Charge 6
2025-11-12T20:37:27Z,97.0,Charge 6
2025-11-12T20:37:29Z,98.0,Charge 6
2025-11-12T20:37:31Z,101.0,Charge 6
2025-11-12T20:37:34Z,101.0,Charge 6
2025-11-12T20:37:35Z,99.0,Charge 6
2025-11-12T20:37:38Z,99.0,Charge 6
2025-11-12T20:37:39Z,98.0,Charge 6
2025-11-12T20:37:41Z,97.0,Charge 6
2025-11-12T20:37:42Z,97.0,Charge 6
2025-11-12T20:37:45Z,97.0,Charge 6
2025-11-12T20:37:46Z,96.0,Charge 6
2025-11-12T20:37:49Z,96.0,Charge 6
2025-11-12T20:37:50Z,100.0,Charge 6
2025-11-12T20:37:52Z,104.0,Charge 6
2025-11-12T20:37:54Z,108.0,Charge 6
2025-11-12T20:37:56Z,113.0,Charge 6
2025-11-12T20:37:58Z,117.0,Charge 6
2025-11-12T20:38:00Z,119.0,Charge 6
2025-11-12T20:38:02Z,122.0,Charge 6
2025-11-12T20:38:04Z,125.0,Charge 6
2025-11-12T20:38:05Z,127.0,Charge 6
2025-11-12T20:38:07Z,130.0,Charge 6
2025-11-12T20:38:09Z,133.0,Charge 6
2025-11-12T20:38:11Z,136.0,Charge 6
2025-11-12T20:38:13Z,138.0,Charge 6
2025-11-12T20:38:15Z,137.0,Charge 6
2025-11-12T20:38:17Z,139.0,Charge 6
2025-11-12T20:38:19Z,140.0,Charge 6
2025-11-12T20:38:21Z,138.0,Charge 6
2025-11-12T20:38:23Z,135.0,Charge 6
2025-11-12T20:38:25Z,130.0,Charge 6
2025-11-12T20:38:27Z,127.0,Charge 6
2025-11-12T20:38:30Z,127.0,Charge 6
2025-11-12T20:38:32Z,129.0,Charge 6
2025-11-12T20:38:34Z,130.0,Charge 6
2025-11-12T20:38:36Z,132.0,Charge 6
2025-11-12T20:38:38Z,131.0,Charge 6
2025-11-12T20:38:41Z,131.0,Charge 6
2025-11-12T20:38:42Z,130.0,Charge 6
2025-11-12T20:38:44Z,128.0,Charge 6
2025-11-12T20:38:47Z,128.0,Charge 6
2025-11-12T20:38:48Z,129.0,Charge 6
2025-11-12T20:38:51Z,129.0,Charge 6
2025-11-12T20:38:52Z,128.0,Charge 6
2025-11-12T20:38:55Z,127.0,Charge 6
2025-11-12T20:38:58Z,127.0,Charge 6
2025-11-12T20:39:01Z,127.0,Charge 6
2025-11-12T20:39:04Z,127.0,Charge 6
2025-11-12T20:39:07Z,126.0,Charge 6
2025-11-12T20:39:09Z,125.0,Charge 6
2025-11-12T20:39:11Z,126.0,Charge 6
2025-11-12T20:39:13Z,128.0,Charge 6
2025-11-12T20:39:15Z,126.0,Charge 6
2025-11-12T20:39:17Z,122.0,Charge 6
2025-11-12T20:39:20Z,122.0,Charge 6
2025-11-12T20:39:23Z,122.0,Charge 6
2025-11-12T20:39:24Z,120.0,Charge 6
2025-11-12T20:39:26Z,119.0,Charge 6
2025-11-12T20:39:28Z,118.0,Charge 6
2025-11-12T20:39:30Z,119.0,Charge 6
2025-11-12T20:39:33Z,119.0,Charge 6
2025-11-12T20:39:34Z,117.0,Charge 6
2025-11-12T20:39:37Z,117.0,Charge 6
2025-11-12T20:39:40Z,117.0,Charge 6
2025-11-12T20:39:43Z,116.0,Charge 6
2025-11-12T20:39:45Z,114.0,Charge 6
2025-11-12T20:39:47Z,116.0,Charge 6
2025-11-12T20:39:50Z,116.0,Charge 6
2025-11-12T20:39:51Z,116.0,Charge 6
2025-11-12T20:39:54Z,116.0,Charge 6
2025-11-12T20:39:55Z,119.0,Charge 6
2025-11-12T20:39:57Z,117.0,Charge 6
2025-11-12T20:39:59Z,114.0,Charge 6
2025-11-12T20:40:01Z,109.0,Charge 6
2025-11-12T20:40:03Z,107.0,Charge 6
2025-11-12T20:40:05Z,106.0,Charge 6
2025-11-12T20:40:06Z,109.0,Charge 6
2025-11-12T20:40:09Z,109.0,Charge 6
2025-11-12T20:40:10Z,108.0,Charge 6
2025-11-12T20:40:12Z,108.0,Charge 6
2025-11-12T20:40:15Z,108.0,Charge 6
2025-11-12T20:40:16Z,107.0,Charge 6
2025-11-12T20:40:18Z,105.0,Charge 6
2025-11-12T20:40:20Z,108.0,Charge 6
2025-11-12T20:40:22Z,113.0,Charge 6
2025-11-12T20:40:25Z,113.0,Charge 6
2025-11-12T20:40:26Z,114.0,Charge 6
2025-11-12T20:40:28Z,112.0,Charge 6
2025-11-12T20:40:29Z,111.0,Charge 6
2025-11-12T20:40:31Z,112.0,Charge 6
2025-11-12T20:40:33Z,111.0,Charge 6
2025-11-12T20:40:35Z,106.0,Charge 6
2025-11-12T20:40:38Z,106.0,Charge 6
2025-11-12T20:40:39Z,108.0,Charge 6
2025-11-12T20:40:41Z,117.0,Charge 6
2025-11-12T20:40:43Z,125.0,Charge 6
2025-11-12T20:40:45Z,126.0,Charge 6
2025-11-12T20:40:47Z,125.0,Charge 6
2025-11-12T20:40:49Z,129.0,Charge 6
2025-11-12T20:40:51Z,133.0,Charge 6
2025-11-12T20:40:53Z,136.0,Charge 6
2025-11-12T20:40:54Z,138.0,Charge 6
2025-11-12T20:40:56Z,139.0,Charge 6
2025-11-12T20:40:58Z,138.0,Charge 6
2025-11-12T20:41:00Z,138.0,Charge 6
2025-11-12T20:41:03Z,138.0,Charge 6
2025-11-12T20:41:06Z,135.0,Charge 6
2025-11-12T20:41:08Z,134.0,Charge 6
2025-11-12T20:41:10Z,136.0,Charge 6
2025-11-12T20:41:12Z,138.0,Charge 6
2025-11-12T20:41:14Z,137.0,Charge 6
2025-11-12T20:41:16Z,135.0,Charge 6
2025-11-12T20:41:17Z,133.0,Charge 6
2025-11-12T20:41:19Z,131.0,Charge 6
2025-11-12T20:41:21Z,130.0,Charge 6
2025-11-12T20:41:24Z,130.0,Charge 6
2025-11-12T20:41:25Z,131.0,Charge 6
2025-11-12T20:41:27Z,132.0,Charge 6
2025-11-12T20:41:30Z,132.0,Charge 6
2025-11-12T20:41:31Z,133.0,Charge 6
2025-11-12T20:41:33Z,134.0,Charge 6
2025-11-12T20:41:36Z,134.0,Charge 6
2025-11-12T20:41:39Z,134.0,Charge 6
2025-11-12T20:41:42Z,134.0,Charge 6
2025-11-12T20:41:44Z,136.0,Charge 6
2025-11-12T20:41:47Z,136.0,Charge 6
2025-11-12T20:41:50Z,136.0,Charge 6
2025-11-12T20:41:52Z,135.0,Charge 6
2025-11-12T20:41:55Z,135.0,Charge 6
2025-11-12T20:41:58Z,134.0,Charge 6
2025-11-12T20:42:00Z,135.0,Charge 6
2025-11-12T20:42:02Z,134.0,Charge 6
2025-11-12T20:42:04Z,134.0,Charge 6
2025-11-12T20:42:07Z,132.0,Charge 6
2025-11-12T20:42:10Z,132.0,Charge 6
2025-11-12T20:42:11Z,133.0,Charge 6
2025-11-12T20:42:14Z,133.0,Charge 6
2025-11-12T20:42:15Z,134.0,Charge 6
2025-11-12T20:42:17Z,132.0,Charge 6
2025-11-12T20:42:19Z,131.0,Charge 6
2025-11-12T20:42:21Z,129.0,Charge 6
2025-11-12T20:42:24Z,129.0,Charge 6
2025-11-12T20:42:25Z,131.0,Charge 6
2025-11-12T20:42:28Z,131.0,Charge 6
2025-11-12T20:42:29Z,129.0,Charge 6
2025-11-12T20:42:30Z,128.0,Charge 6
2025-11-12T20:42:32Z,127.0,Charge 6
2025-11-12T20:42:34Z,125.0,Charge 6
2025-11-12T20:42:36Z,123.0,Charge 6
2025-11-12T20:42:39Z,123.0,Charge 6
2025-11-12T20:42:42Z,124.0,Charge 6
2025-11-12T20:42:44Z,122.0,Charge 6
2025-11-12T20:42:46Z,118.0,Charge 6
2025-11-12T20:42:48Z,119.0,Charge 6
2025-11-12T20:42:50Z,120.0,Charge 6
2025-11-12T20:42:52Z,119.0,Charge 6
2025-11-12T20:42:53Z,120.0,Charge 6
2025-11-12T20:42:55Z,121.0,Charge 6
2025-11-12T20:42:57Z,121.0,Charge 6
2025-11-12T20:42:59Z,122.0,Charge 6
2025-11-12T20:43:01Z,123.0,Charge 6
2025-11-12T20:43:03Z,121.0,Charge 6
2025-11-12T20:43:05Z,120.0,Charge 6
2025-11-12T20:43:08Z,120.0,Charge 6
2025-11-12T20:43:11Z,121.0,Charge 6
2025-11-12T20:43:13Z,122.0,Charge 6
2025-11-12T20:43:15Z,123.0,Charge 6
2025-11-12T20:43:18Z,122.0,Charge 6
2025-11-12T20:43:20Z,123.0,Charge 6
2025-11-12T20:43:23Z,123.0,Charge 6
2025-11-12T20:43:26Z,124.0,Charge 6
2025-11-12T20:43:29Z,124.0,Charge 6
2025-11-12T20:43:30Z,122.0,Charge 6
2025-11-12T20:43:32Z,120.0,Charge 6
2025-11-12T20:43:35Z,120.0,Charge 6
2025-11-12T20:43:38Z,121.0,Charge 6
2025-11-12T20:43:40Z,120.0,Charge 6
2025-11-12T20:43:41Z,121.0,Charge 6
2025-11-12T20:43:44Z,121.0,Charge 6
2025-11-12T20:43:47Z,122.0,Charge 6
2025-11-12T20:43:50Z,122.0,Charge 6
2025-11-12T20:43:53Z,121.0,Charge 6
2025-11-12T20:43:56Z,121.0,Charge 6
2025-11-12T20:43:57Z,122.0,Charge 6
2025-11-12T20:44:00Z,122.0,Charge 6
2025-11-12T20:44:01Z,122.0,Charge 6
2025-11-12T20:44:03Z,123.0,Charge 6
2025-11-12T20:44:05Z,122.0,Charge 6
2025-11-12T20:44:08Z,123.0,Charge 6
2025-11-12T20:44:10Z,122.0,Charge 6
2025-11-12T20:44:12Z,120.0,Charge 6
2025-11-12T20:44:14Z,118.0,Charge 6
2025-11-12T20:44:17Z,118.0,Charge 6
2025-11-12T20:44:20Z,118.0,Charge 6
2025-11-12T20:44:23Z,118.0,Charge 6
2025-11-12T20:44:24Z,119.0,Charge 6
2025-11-12T20:44:26Z,117.0,Charge 6
2025-11-12T20:44:28Z,114.0,Charge 6
2025-11-12T20:44:29Z,115.0,Charge 6
2025-11-12T20:44:31Z,114.0,Charge 6
2025-11-12T20:44:33Z,117.0,Charge 6
2025-11-12T20:44:35Z,120.0,Charge 6
2025-11-12T20:44:37Z,119.0,Charge 6
2025-11-12T20:44:40Z,119.0,Charge 6
2025-11-12T20:44:43Z,118.0,Charge 6
2025-11-12T20:44:46Z,118.0,Charge 6
2025-11-12T20:44:49Z,123.0,Charge 6
2025-11-12T20:44:51Z,126.0,Charge 6
2025-11-12T20:44:53Z,128.0,Charge 6
2025-11-12T20:44:54Z,130.0,Charge 6
2025-11-12T20:44:57Z,130.0,Charge 6
2025-11-12T20:44:58Z,132.0,Charge 6
2025-11-12T20:45:00Z,132.0,Charge 6
2025-11-12T20:45:03Z,132.0,Charge 6
2025-11-12T20:45:04Z,135.0,Charge 6
2025-11-12T20:45:06Z,137.0,Charge 6
2025-11-12T20:45:09Z,137.0,Charge 6
2025-11-12T20:45:12Z,136.0,Charge 6
2025-11-12T20:45:14Z,135.0,Charge 6
2025-11-12T20:45:16Z,132.0,Charge 6
2025-11-12T20:45:17Z,130.0,Charge 6
2025-11-12T20:45:19Z,131.0,Charge 6
2025-11-12T20:45:21Z,131.0,Charge 6
2025-11-12T20:45:23Z,130.0,Charge 6
2025-11-12T20:45:26Z,130.0,Charge 6
2025-11-12T20:45:29Z,128.0,Charge 6
2025-11-12T20:45:31Z,125.0,Charge 6
2025-11-12T20:45:33Z,123.0,Charge 6
2025-11-12T20:45:35Z,124.0,Charge 6
2025-11-12T20:45:37Z,122.0,Charge 6
2025-11-12T20:45:39Z,124.0,Charge 6
2025-11-12T20:45:41Z,126.0,Charge 6
2025-11-12T20:45:42Z,127.0,Charge 6
2025-11-12T20:45:44Z,128.0,Charge 6
2025-11-12T20:45:47Z,128.0,Charge 6
2025-11-12T20:45:50Z,128.0,Charge 6
2025-11-12T20:45:53Z,128.0,Charge 6
2025-11-12T20:45:54Z,126.0,Charge 6
2025-11-12T20:45:57Z,126.0,Charge 6
2025-11-12T20:45:58Z,127.0,Charge 6
2025-11-12T20:46:00Z,120.0,Charge 6
2025-11-12T20:46:02Z,118.0,Charge 6
2025-11-12T20:46:04Z,119.0,Charge 6
2025-11-12T20:46:05Z,120.0,Charge 6
2025-11-12T20:46:08Z,120.0,Charge 6
2025-11-12T20:46:09Z,119.0,Charge 6
2025-11-12T20:46:11Z,118.0,Charge 6
2025-11-12T20:46:13Z,117.0,Charge 6
2025-11-12T20:46:15Z,116.0,Charge 6
2025-11-12T20:46:17Z,117.0,Charge 6
2025-11-12T20:46:20Z,117.0,Charge 6
2025-11-12T20:46:21Z,115.0,Charge 6
2025-11-12T20:46:23Z,116.0,Charge 6
2025-11-12T20:46:25Z,117.0,Charge 6
2025-11-12T20:46:27Z,118.0,Charge 6
2025-11-12T20:46:29Z,117.0,Charge 6
2025-11-12T20:46:30Z,116.0,Charge 6
2025-11-12T20:46:33Z,116.0,Charge 6
2025-11-12T20:46:34Z,118.0,Charge 6
2025-11-12T20:46:36Z,119.0,Charge 6
2025-11-12T20:46:38Z,120.0,Charge 6
2025-11-12T20:46:40Z,119.0,Charge 6
2025-11-12T20:46:42Z,118.0,Charge 6
2025-11-12T20:46:44Z,117.0,Charge 6
2025-11-12T20:46:46Z,115.0,Charge 6
2025-11-12T20:46:48Z,113.0,Charge 6
2025-11-12T20:46:50Z,112.0,Charge 6
2025-11-12T20:46:52Z,114.0,Charge 6
2025-11-12T20:46:53Z,115.0,Charge 6
2025-11-12T20:46:55Z,114.0,Charge 6
2025-11-12T20:46:57Z,111.0,Charge 6
2025-11-12T20:46:59Z,110.0,Charge 6
2025-11-12T20:47:01Z,108.0,Charge 6
2025-11-12T20:47:03Z,108.0,Charge 6
2025-11-12T20:47:05Z,110.0,Charge 6
2025-11-12T20:47:07Z,112.0,Charge 6
2025-11-12T20:47:09Z,115.0,Charge 6
2025-11-12T20:47:11Z,121.0,Charge 6
2025-11-12T20:47:13Z,126.0,Charge 6
2025-11-12T20:47:15Z,125.0,Charge 6
2025-11-12T20:47:18Z,126.0,Charge 6
2025-11-12T20:47:20Z,128.0,Charge 6
2025-11-12T20:47:22Z,129.0,Charge 6
2025-11-12T20:47:24Z,130.0,Charge 6
2025-11-12T20:47:27Z,130.0,Charge 6
2025-11-12T20:47:28Z,132.0,Charge 6
2025-11-12T20:47:30Z,131.0,Charge 6
2025-11-12T20:47:32Z,129.0,Charge 6
2025-11-12T20:47:34Z,131.0,Charge 6
2025-11-12T20:47:36Z,132.0,Charge 6
2025-11-12T20:47:39Z,132.0,Charge 6
2025-11-12T20:47:42Z,132.0,Charge 6
2025-11-12T20:47:43Z,131.0,Charge 6
2025-11-12T20:47:45Z,131.0,Charge 6
2025-11-12T20:47:47Z,130.0,Charge 6
2025-11-12T20:47:49Z,131.0,Charge 6
2025-11-12T20:47:51Z,130.0,Charge 6
2025-11-12T20:47:53Z,128.0,Charge 6
2025-11-12T20:47:55Z,127.0,Charge 6
2025-11-12T20:47:57Z,126.0,Charge 6
2025-11-12T20:47:59Z,125.0,Charge 6
2025-11-12T20:48:01Z,124.0,Charge 6
2025-11-12T20:48:03Z,123.0,Charge 6
2025-11-12T20:48:06Z,123.0,Charge 6
2025-11-12T20:48:09Z,123.0,Charge 6
2025-11-12T20:48:10Z,122.0,Charge 6
2025-11-12T20:48:13Z,122.0,Charge 6
2025-11-12T20:48:16Z,121.0,Charge 6
2025-11-12T20:48:19Z,121.0,Charge 6
2025-11-12T20:48:20Z,120.0,Charge 6
2025-11-12T20:48:23Z,120.0,Charge 6
2025-11-12T20:48:24Z,119.0,Charge 6
2025-11-12T20:48:27Z,119.0,Charge 6
2025-11-12T20:48:28Z,120.0,Charge 6
2025-11-12T20:48:29Z,118.0,Charge 6
2025-11-12T20:48:31Z,114.0,Charge 6
2025-11-12T20:48:33Z,113.0,Charge 6
2025-11-12T20:48:35Z,114.0,Charge 6
2025-11-12T20:48:38Z,114.0,Charge 6
2025-11-12T20:48:39Z,113.0,Charge 6
2025-11-12T20:48:41Z,112.0,Charge 6
2025-11-12T20:48:43Z,114.0,Charge 6
2025-11-12T20:48:46Z,114.0,Charge 6
2025-11-12T20:48:49Z,113.0,Charge 6
2025-11-12T20:48:51Z,112.0,Charge 6
2025-11-12T20:48:53Z,113.0,Charge 6
2025-11-12T20:48:54Z,114.0,Charge 6
2025-11-12T20:48:56Z,113.0,Charge 6
2025-11-12T20:48:59Z,113.0,Charge 6
2025-11-12T20:49:00Z,112.0,Charge 6
2025-11-12T20:49:02Z,112.0,Charge 6
2025-11-12T20:49:04Z,111.0,Charge 6
2025-11-12T20:49:06Z,108.0,Charge 6
2025-11-12T20:49:08Z,107.0,Charge 6
2025-11-12T20:49:10Z,106.0,Charge 6
2025-11-12T20:49:13Z,106.0,Charge 6
2025-11-12T20:49:16Z,106.0,Charge 6
2025-11-12T20:49:17Z,105.0,Charge 6
2025-11-12T20:49:19Z,104.0,Charge 6
2025-11-12T20:49:21Z,103.0,Charge 6
2025-11-12T20:49:23Z,105.0,Charge 6
2025-11-12T20:49:25Z,107.0,Charge 6
2025-11-12T20:49:28Z,107.0,Charge 6
2025-11-12T20:49:29Z,104.0,Charge 6
2025-11-12T20:49:32Z,104.0,Charge 6
2025-11-12T20:49:33Z,105.0,Charge 6
2025-11-12T20:49:35Z,107.0,Charge 6
2025-11-12T20:49:37Z,108.0,Charge 6
2025-11-12T20:49:40Z,108.0,Charge 6
2025-11-12T20:49:43Z,108.0,Charge 6
2025-11-12T20:49:44Z,107.0,Charge 6
2025-11-12T20:49:46Z,105.0,Charge 6
2025-11-12T20:49:48Z,102.0,Charge 6
2025-11-12T20:49:50Z,101.0,Charge 6
2025-11-12T20:49:52Z,100.0,Charge 6
2025-11-12T20:49:54Z,98.0,Charge 6
2025-11-12T20:49:57Z,98.0,Charge 6
2025-11-12T20:50:00Z,100.0,Charge 6
2025-11-12T20:50:02Z,99.0,Charge 6
2025-11-12T20:50:04Z,100.0,Charge 6
2025-11-12T20:50:07Z,100.0,Charge 6
2025-11-12T20:50:09Z,102.0,Charge 6
2025-11-12T20:50:11Z,103.0,Charge 6
2025-11-12T20:50:13Z,104.0,Charge 6
2025-11-12T20:50:16Z,104.0,Charge 6
2025-11-12T20:50:19Z,106.0,Charge 6
2025-11-12T20:50:21Z,108.0,Charge 6
2025-11-12T20:50:23Z,110.0,Charge 6
2025-11-12T20:50:25Z,109.0,Charge 6
2025-11-12T20:50:27Z,108.0,Charge 6
2025-11-12T20:50:29Z,107.0,Charge 6
2025-11-12T20:50:30Z,110.0,Charge 6
2025-11-12T20:50:32Z,112.0,Charge 6
2025-11-12T20:50:34Z,115.0,Charge 6
2025-11-12T20:50:36Z,118.0,Charge 6
2025-11-12T20:50:38Z,120.0,Charge 6
2025-11-12T20:50:40Z,122.0,Charge 6
2025-11-12T20:50:42Z,123.0,Charge 6
2025-11-12T20:50:44Z,124.0,Charge 6
2025-11-12T20:50:46Z,126.0,Charge 6
2025-11-12T20:50:48Z,129.0,Charge 6
2025-11-12T20:50:50Z,130.0,Charge 6
2025-11-12T20:50:53Z,131.0,Charge 6
2025-11-12T20:50:55Z,132.0,Charge 6
2025-11-12T20:50:57Z,128.0,Charge 6
2025-11-12T20:50:59Z,132.0,Charge 6
2025-11-12T20:51:02Z,132.0,Charge 6
2025-11-12T20:51:03Z,127.0,Charge 6
2025-11-12T20:51:06Z,127.0,Charge 6
2025-11-12T20:51:07Z,126.0,Charge 6
2025-11-12T20:51:10Z,126.0,Charge 6
2025-11-12T20:51:13Z,126.0,Charge 6
2025-11-12T20:51:16Z,126.0,Charge 6
2025-11-12T20:51:19Z,126.0,Charge 6
2025-11-12T20:51:22Z,126.0,Charge 6
2025-11-12T20:51:24Z,124.0,Charge 6
2025-11-12T20:51:26Z,123.0,Charge 6
2025-11-12T20:51:28Z,124.0,Charge 6
2025-11-12T20:51:31Z,124.0,Charge 6
2025-11-12T20:51:34Z,125.0,Charge 6
2025-11-12T20:51:37Z,125.0,Charge 6
2025-11-12T20:51:38Z,124.0,Charge 6
2025-11-12T20:51:40Z,121.0,Charge 6
2025-11-12T20:51:41Z,118.0,Charge 6
2025-11-12T20:51:43Z,113.0,Charge 6
2025-11-12T20:51:45Z,115.0,Charge 6
2025-11-12T20:51:47Z,116.0,Charge 6
2025-11-12T20:51:49Z,118.0,Charge 6
2025-11-12T20:51:51Z,119.0,Charge 6
2025-11-12T20:51:53Z,114.0,Charge 6
2025-11-12T20:51:55Z,116.0,Charge 6
2025-11-12T20:51:58Z,116.0,Charge 6
2025-11-12T20:51:59Z,115.0,Charge 6
2025-11-12T20:52:01Z,113.0,Charge 6
2025-11-12T20:52:03Z,114.0,Charge 6
2025-11-12T20:52:05Z,112.0,Charge 6
2025-11-12T20:52:08Z,112.0,Charge 6
2025-11-12T20:52:11Z,112.0,Charge 6
2025-11-12T20:52:14Z,113.0,Charge 6
2025-11-12T20:52:17Z,113.0,Charge 6
2025-11-12T20:52:18Z,114.0,Charge 6
2025-11-12T20:52:21Z,114.0,Charge 6
2025-11-12T20:52:24Z,112.0,Charge 6
2025-11-12T20:52:27Z,112.0,Charge 6
2025-11-12T20:52:28Z,110.0,Charge 6
2025-11-12T20:52:31Z,110.0,Charge 6
2025-11-12T20:52:34Z,110.0,Charge 6
2025-11-12T20:52:35Z,111.0,Charge 6
2025-11-12T20:52:37Z,111.0,Charge 6
2025-11-12T20:52:40Z,111.0,Charge 6
2025-11-12T20:52:41Z,110.0,Charge 6
2025-11-12T20:52:43Z,111.0,Charge 6
2025-11-12T20:52:45Z,112.0,Charge 6
2025-11-12T20:52:47Z,111.0,Charge 6
2025-11-12T20:52:49Z,107.0,Charge 6
2025-11-12T20:52:51Z,106.0,Charge 6
2025-11-12T20:52:54Z,107.0,Charge 6
2025-11-12T20:52:56Z,108.0,Charge 6
2025-11-12T20:52:59Z,108.0,Charge 6
2025-11-12T20:53:00Z,107.0,Charge 6
2025-11-12T20:53:02Z,109.0,Charge 6
2025-11-12T20:53:05Z,109.0,Charge 6
2025-11-12T20:53:06Z,110.0,Charge 6
2025-11-12T20:53:08Z,111.0,Charge 6
2025-11-12T20:53:11Z,111.0,Charge 6
2025-11-12T20:53:12Z,110.0,Charge 6
2025-11-12T20:53:15Z,110.0,Charge 6
2025-11-12T20:53:17Z,111.0,Charge 6
2025-11-12T20:53:20Z,111.0,Charge 6
2025-11-12T20:53:23Z,112.0,Charge 6
2025-11-12T20:53:26Z,112.0,Charge 6
2025-11-12T20:53:29Z,112.0,Charge 6
2025-11-12T20:53:32Z,112.0,Charge 6
2025-11-12T20:53:33Z,113.0,Charge 6
2025-11-12T20:53:35Z,114.0,Charge 6
2025-11-12T20:53:37Z,115.0,Charge 6
2025-11-12T20:53:39Z,116.0,Charge 6
2025-11-12T20:53:42Z,115.0,Charge 6
2025-11-12T20:53:44Z,114.0,Charge 6
2025-11-12T20:53:47Z,114.0,Charge 6
2025-11-12T20:53:48Z,113.0,Charge 6
2025-11-12T20:53:50Z,114.0,Charge 6
2025-11-12T20:53:53Z,114.0,Charge 6
2025-11-12T20:53:54Z,115.0,Charge 6
2025-11-12T20:53:56Z,114.0,Charge 6
2025-11-12T20:53:58Z,113.0,Charge 6
2025-11-12T20:54:00Z,114.0,Charge 6
2025-11-12T20:54:02Z,115.0,Charge 6
2025-11-12T20:54:04Z,113.0,Charge 6
2025-11-12T20:54:07Z,114.0,Charge 6
2025-11-12T20:54:09Z,116.0,Charge 6
2025-11-12T20:54:12Z,116.0,Charge 6
2025-11-12T20:54:13Z,114.0,Charge 6
2025-11-12T20:54:15Z,113.0,Charge 6
2025-11-12T20:54:17Z,112.0,Charge 6
2025-11-12T20:54:20Z,112.0,Charge 6
2025-11-12T20:54:23Z,113.0,Charge 6
2025-11-12T20:54:26Z,113.0,Charge 6
2025-11-12T20:54:27Z,114.0,Charge 6
2025-11-12T20:54:29Z,115.0,Charge 6
2025-11-12T20:54:30Z,114.0,Charge 6
2025-11-12T20:54:32Z,115.0,Charge 6
2025-11-12T20:54:34Z,114.0,Charge 6
2025-11-12T20:54:36Z,113.0,Charge 6
2025-11-12T20:54:38Z,112.0,Charge 6
2025-11-12T20:54:40Z,110.0,Charge 6
2025-11-12T20:54:43Z,110.0,Charge 6
2025-11-12T20:54:44Z,111.0,Charge 6
2025-11-12T20:54:46Z,110.0,Charge 6
2025-11-12T20:54:48Z,109.0,Charge 6
2025-11-12T20:54:50Z,108.0,Charge 6
2025-11-12T20:54:53Z,110.0,Charge 6
2025-11-12T20:54:56Z,110.0,Charge 6
2025-11-12T20:54:57Z,111.0,Charge 6
2025-11-12T20:55:00Z,111.0,Charge 6
2025-11-12T20:55:01Z,110.0,Charge 6
2025-11-12T20:55:04Z,110.0,Charge 6
2025-11-12T20:55:07Z,110.0,Charge 6
2025-11-12T20:55:10Z,110.0,Charge 6
2025-11-12T20:55:11Z,109.0,Charge 6
2025-11-12T20:55:13Z,107.0,Charge 6
2025-11-12T20:55:15Z,102.0,Charge 6
2025-11-12T20:55:17Z,103.0,Charge 6
2025-11-12T20:55:18Z,102.0,Charge 6
2025-11-12T20:55:21Z,102.0,Charge 6
2025-11-12T20:55:24Z,101.0,Charge 6
2025-11-12T20:55:26Z,99.0,Charge 6
2025-11-12T20:55:28Z,98.0,Charge 6
2025-11-12T20:55:31Z,98.0,Charge 6
2025-11-12T20:55:32Z,98.0,Charge 6
2025-11-12T20:55:34Z,97.0,Charge 6
2025-11-12T20:55:36Z,96.0,Charge 6
2025-11-12T20:55:38Z,97.0,Charge 6
2025-11-12T20:55:40Z,98.0,Charge 6
2025-11-12T20:55:41Z,97.0,Charge 6
2025-11-12T20:55:43Z,96.0,Charge 6
2025-11-12T20:55:45Z,95.0,Charge 6
2025-11-12T20:55:47Z,97.0,Charge 6
2025-11-12T20:55:49Z,99.0,Charge 6
2025-11-12T20:55:51Z,98.0,Charge 6
2025-11-12T20:55:53Z,99.0,Charge 6
2025-11-12T20:55:55Z,110.0,Charge 6
2025-11-12T20:55:57Z,111.0,Charge 6
2025-11-12T20:55:59Z,109.0,Charge 6
2025-11-12T20:56:01Z,107.0,Charge 6
2025-11-12T20:56:03Z,106.0,Charge 6
2025-11-12T20:56:06Z,106.0,Charge 6
2025-11-12T20:56:09Z,106.0,Charge 6
2025-11-12T20:56:12Z,106.0,Charge 6
2025-11-12T20:56:14Z,105.0,Charge 6
2025-11-12T20:56:16Z,103.0,Charge 6
2025-11-12T20:56:18Z,104.0,Charge 6
2025-11-12T20:56:21Z,104.0,Charge 6
2025-11-12T20:56:24Z,106.0,Charge 6
2025-11-12T20:56:27Z,106.0,Charge 6
2025-11-12T20:56:28Z,106.0,Charge 6
2025-11-12T20:56:29Z,107.0,Charge 6
2025-11-12T20:56:31Z,108.0,Charge 6
2025-11-12T20:56:33Z,111.0,Charge 6
2025-11-12T20:56:35Z,115.0,Charge 6
2025-11-12T20:56:37Z,120.0,Charge 6
2025-11-12T20:56:39Z,124.0,Charge 6
2025-11-12T20:56:41Z,128.0,Charge 6
2025-11-12T20:56:43Z,130.0,Charge 6
2025-11-12T20:56:45Z,132.0,Charge 6
2025-11-12T20:56:47Z,133.0,Charge 6
2025-11-12T20:56:50Z,133.0,Charge 6
2025-11-12T20:56:51Z,134.0,Charge 6
2025-11-12T20:56:53Z,135.0,Charge 6
2025-11-12T20:56:54Z,136.0,Charge 6
2025-11-12T20:56:56Z,138.0,Charge 6
2025-11-12T20:56:58Z,139.0,Charge 6
2025-11-12T20:57:00Z,140.0,Charge 6
2025-11-12T20:57:03Z,140.0,Charge 6
2025-11-12T20:57:04Z,139.0,Charge 6
2025-11-12T20:57:07Z,139.0,Charge 6
2025-11-12T20:57:08Z,141.0,Charge 6
2025-11-12T20:57:10Z,139.0,Charge 6
2025-11-12T20:57:12Z,122.0,Charge 6
2025-11-12T20:57:14Z,111.0,Charge 6
2025-11-12T20:57:17Z,110.0,Charge 6
2025-11-12T20:57:19Z,106.0,Charge 6
2025-11-12T20:57:21Z,103.0,Charge 6
2025-11-12T20:57:23Z,104.0,Charge 6
2025-11-12T20:57:25Z,104.0,Charge 6
2025-11-12T20:57:27Z,104.0,Charge 6
2025-11-12T20:57:30Z,104.0,Charge 6
2025-11-12T20:57:31Z,103.0,Charge 6
2025-11-12T20:57:33Z,101.0,Charge 6
2025-11-12T20:57:35Z,99.0,Charge 6
2025-11-12T20:57:37Z,98.0,Charge 6
2025-11-12T20:57:40Z,98.0,Charge 6
2025-11-12T20:57:41Z,98.0,Charge 6
2025-11-12T20:57:42Z,98.0,Charge 6
2025-11-12T20:57:45Z,98.0,Charge 6
2025-11-12T20:57:46Z,98.0,Charge 6
2025-11-12T20:57:49Z,98.0,Charge 6
2025-11-12T20:57:50Z,98.0,Charge 6
2025-11-12T20:57:53Z,98.0,Charge 6
2025-11-12T20:57:56Z,99.0,Charge 6
2025-11-12T20:57:59Z,99.0,Charge 6
2025-11-12T20:58:00Z,99.0,Charge 6
2025-11-12T20:58:02Z,98.0,Charge 6
2025-11-12T20:58:04Z,97.0,Charge 6
2025-11-12T20:58:07Z,97.0,Charge 6
2025-11-12T20:58:09Z,98.0,Charge 6
2025-11-12T20:58:11Z,97.0,Charge 6
2025-11-12T20:58:13Z,96.0,Charge 6
2025-11-12T20:58:15Z,97.0,Charge 6
2025-11-12T20:58:17Z,100.0,Charge 6
2025-11-12T20:58:20Z,100.0,Charge 6
2025-11-12T20:58:21Z,98.0,Charge 6
2025-11-12T20:58:23Z,94.0,Charge 6
2025-11-12T20:58:25Z,92.0,Charge 6
2025-11-12T20:58:28Z,92.0,Charge 6
2025-11-12T20:58:29Z,91.0,Charge 6
2025-11-12T20:58:30Z,89.0,Charge 6
2025-11-12T20:58:33Z,89.0,Charge 6
2025-11-12T20:58:34Z,90.0,Charge 6
2025-11-12T20:58:36Z,92.0,Charge 6
2025-11-12T20:58:38Z,93.0,Charge 6
2025-11-12T20:58:40Z,95.0,Charge 6
2025-11-12T20:58:42Z,96.0,Charge 6
2025-11-12T20:58:44Z,98.0,Charge 6
2025-11-12T20:58:46Z,99.0,Charge 6
2025-11-12T20:58:48Z,100.0,Charge 6
2025-11-12T20:58:50Z,101.0,Charge 6
2025-11-12T20:58:52Z,103.0,Charge 6
2025-11-12T20:58:53Z,106.0,Charge 6
2025-11-12T20:58:56Z,106.0,Charge 6
2025-11-12T20:58:59Z,106.0,Charge 6
2025-11-12T20:59:02Z,106.0,Charge 6
2025-11-12T20:59:03Z,104.0,Charge 6
2025-11-12T20:59:05Z,104.0,Charge 6
2025-11-12T20:59:07Z,111.0,Charge 6
2025-11-12T20:59:09Z,115.0,Charge 6
2025-11-12T20:59:11Z,117.0,Charge 6
2025-11-12T20:59:13Z,119.0,Charge 6
2025-11-12T20:59:15Z,120.0,Charge 6
2025-11-12T20:59:18Z,123.0,Charge 6
2025-11-12T20:59:20Z,124.0,Charge 6
2025-11-12T20:59:22Z,126.0,Charge 6
2025-11-12T20:59:24Z,128.0,Charge 6
2025-11-12T20:59:26Z,130.0,Charge 6
2025-11-12T20:59:28Z,133.0,Charge 6
2025-11-12T20:59:30Z,137.0,Charge 6
2025-11-12T20:59:33Z,137.0,Charge 6
2025-11-12T20:59:34Z,136.0,Charge 6
2025-11-12T20:59:36Z,133.0,Charge 6
2025-11-12T20:59:38Z,126.0,Charge 6
2025-11-12T20:59:40Z,122.0,Charge 6
2025-11-12T20:59:41Z,121.0,Charge 6
2025-11-12T20:59:43Z,119.0,Charge 6
2025-11-12T20:59:45Z,118.0,Charge 6
2025-11-12T20:59:47Z,117.0,Charge 6
2025-11-12T20:59:49Z,116.0,Charge 6
2025-11-12T20:59:51Z,114.0,Charge 6
2025-11-12T20:59:53Z,113.0,Charge 6
2025-11-12T20:59:55Z,110.0,Charge 6
2025-11-12T20:59:57Z,108.0,Charge 6
2025-11-12T20:59:59Z,104.0,Charge 6
2025-11-12T21:00:02Z,104.0,Charge 6
2025-11-12T21:00:03Z,102.0,Charge 6
2025-11-12T21:00:05Z,100.0,Charge 6
2025-11-12T21:00:06Z,102.0,Charge 6
2025-11-12T21:00:09Z,102.0,Charge 6
2025-11-12T21:00:10Z,101.0,Charge 6
2025-11-12T21:00:13Z,101.0,Charge 6
2025-11-12T21:00:14Z,100.0,Charge 6
2025-11-12T21:00:16Z,98.0,Charge 6
2025-11-12T21:00:19Z,98.0,Charge 6
2025-11-12T21:00:20Z,95.0,Charge 6
2025-11-12T21:00:22Z,92.0,Charge 6
2025-11-12T21:00:24Z,92.0,Charge 6
2025-11-12T21:00:26Z,94.0,Charge 6
2025-11-12T21:00:28Z,95.0,Charge 6
2025-11-12T21:00:29Z,98.0,Charge 6
2025-11-12T21:00:32Z,98.0,Charge 6
2025-11-12T21:00:33Z,99.0,Charge 6
2025-11-12T21:00:36Z,99.0,Charge 6
2025-11-12T21:00:39Z,100.0,Charge 6
2025-11-12T21:00:41Z,102.0,Charge 6
2025-11-12T21:00:43Z,105.0,Charge 6
2025-11-12T21:00:45Z,108.0,Charge 6
2025-11-12T21:00:47Z,110.0,Charge 6
2025-11-12T21:00:49Z,112.0,Charge 6
2025-11-12T21:00:51Z,113.0,Charge 6
2025-11-12T21:00:53Z,112.0,Charge 6
2025-11-12T21:00:56Z,113.0,Charge 6
2025-11-12T21:00:58Z,115.0,Charge 6
2025-11-12T21:01:00Z,118.0,Charge 6
2025-11-12T21:01:02Z,122.0,Charge 6
2025-11-12T21:01:04Z,127.0,Charge 6
2025-11-12T21:01:06Z,131.0,Charge 6
2025-11-12T21:01:08Z,134.0,Charge 6
2025-11-12T21:01:10Z,137.0,Charge 6
2025-11-12T21:01:12Z,140.0,Charge 6
2025-11-12T21:01:14Z,144.0,Charge 6
2025-11-12T21:01:17Z,143.0,Charge 6
2025-11-12T21:01:19Z,142.0,Charge 6
2025-11-12T21:01:22Z,142.0,Charge 6
2025-11-12T21:01:23Z,143.0,Charge 6
2025-11-12T21:01:26Z,143.0,Charge 6
2025-11-12T21:01:29Z,128.0,Charge 6
2025-11-12T21:01:31Z,126.0,Charge 6
2025-11-12T21:01:33Z,125.0,Charge 6
2025-11-12T21:01:35Z,124.0,Charge 6
2025-11-12T21:01:37Z,123.0,Charge 6
2025-11-12T21:01:39Z,125.0,Charge 6
2025-11-12T21:01:41Z,126.0,Charge 6
2025-11-12T21:01:44Z,125.0,Charge 6
2025-11-12T21:01:46Z,124.0,Charge 6
2025-11-12T21:01:48Z,122.0,Charge 6
2025-11-12T21:01:50Z,121.0,Charge 6
2025-11-12T21:01:52Z,120.0,Charge 6
2025-11-12T21:01:54Z,118.0,Charge 6
2025-11-12T21:01:57Z,118.0,Charge 6
2025-11-12T21:01:58Z,117.0,Charge 6
2025-11-12T21:02:01Z,117.0,Charge 6
2025-11-12T21:02:02Z,116.0,Charge 6
2025-11-12T21:02:04Z,113.0,Charge 6
2025-11-12T21:02:05Z,111.0,Charge 6
2025-11-12T21:02:07Z,110.0,Charge 6
2025-11-12T21:02:10Z,110.0,Charge 6
2025-11-12T21:02:11Z,111.0,Charge 6
2025-11-12T21:02:13Z,112.0,Charge 6
2025-11-12T21:02:16Z,112.0,Charge 6
2025-11-12T21:02:19Z,113.0,Charge 6
2025-11-12T21:02:21Z,114.0,Charge 6
2025-11-12T21:02:24Z,114.0,Charge 6
2025-11-12T21:02:27Z,114.0,Charge 6
2025-11-12T21:02:30Z,115.0,Charge 6
2025-11-12T21:02:32Z,117.0,Charge 6
2025-11-12T21:02:34Z,116.0,Charge 6
2025-11-12T21:02:36Z,113.0,Charge 6
2025-11-12T21:02:39Z,113.0,Charge 6
2025-11-12T21:02:40Z,114.0,Charge 6
2025-11-12T21:02:42Z,113.0,Charge 6
2025-11-12T21:02:45Z,113.0,Charge 6
2025-11-12T21:02:48Z,114.0,Charge 6
2025-11-12T21:02:50Z,114.0,Charge 6
2025-11-12T21:02:52Z,114.0,Charge 6
2025-11-12T21:02:53Z,115.0,Charge 6
2025-11-12T21:02:56Z,115.0,Charge 6
2025-11-12T21:02:57Z,108.0,Charge 6
2025-11-12T21:02:59Z,107.0,Charge 6
2025-11-12T21:03:01Z,108.0,Charge 6
2025-11-12T21:03:03Z,107.0,Charge 6
2025-11-12T21:03:05Z,108.0,Charge 6
2025-11-12T21:03:08Z,108.0,Charge 6
2025-11-12T21:03:11Z,108.0,Charge 6
2025-11-12T21:03:14Z,108.0,Charge 6
2025-11-12T21:03:17Z,108.0,Charge 6
2025-11-12T21:03:18Z,106.0,Charge 6
2025-11-12T21:03:21Z,106.0,Charge 6
2025-11-12T21:03:24Z,106.0,Charge 6
2025-11-12T21:03:27Z,106.0,Charge 6
2025-11-12T21:03:30Z,108.0,Charge 6
2025-11-12T21:03:33Z,108.0,Charge 6
2025-11-12T21:03:34Z,110.0,Charge 6
2025-11-12T21:03:37Z,110.0,Charge 6
2025-11-12T21:03:38Z,111.0,Charge 6
2025-11-12T21:03:40Z,112.0,Charge 6
2025-11-12T21:03:43Z,110.0,Charge 6
2025-11-12T21:03:45Z,112.0,Charge 6
2025-11-12T21:03:47Z,109.0,Charge 6
2025-11-12T21:03:49Z,106.0,Charge 6
2025-11-12T21:03:52Z,106.0,Charge 6
2025-11-12T21:03:53Z,107.0,Charge 6
2025-11-12T21:03:55Z,109.0,Charge 6
2025-11-12T21:03:57Z,108.0,Charge 6
2025-11-12T21:04:00Z,108.0,Charge 6
2025-11-12T21:04:01Z,107.0,Charge 6
2025-11-12T21:04:03Z,109.0,Charge 6
2025-11-12T21:04:05Z,110.0,Charge 6
2025-11-12T21:04:08Z,109.0,Charge 6
2025-11-12T21:04:10Z,108.0,Charge 6
2025-11-12T21:04:13Z,108.0,Charge 6
2025-11-12T21:04:14Z,107.0,Charge 6
2025-11-12T21:04:16Z,106.0,Charge 6
2025-11-12T21:04:19Z,106.0,Charge 6
2025-11-12T21:04:22Z,106.0,Charge 6
2025-11-12T21:04:24Z,107.0,Charge 6
2025-11-12T21:04:26Z,106.0,Charge 6
2025-11-12T21:04:29Z,107.0,Charge 6
2025-11-12T21:04:32Z,107.0,Charge 6
2025-11-12T21:04:33Z,109.0,Charge 6
2025-11-12T21:04:35Z,111.0,Charge 6
2025-11-12T21:04:38Z,111.0,Charge 6
2025-11-12T21:04:39Z,107.0,Charge 6
2025-11-12T21:04:41Z,109.0,Charge 6
2025-11-12T21:04:43Z,104.0,Charge 6
2025-11-12T21:04:45Z,103.0,Charge 6
2025-11-12T21:04:48Z,103.0,Charge 6
2025-11-12T21:04:51Z,101.0,Charge 6
2025-11-12T21:04:53Z,103.0,Charge 6
2025-11-12T21:04:54Z,104.0,Charge 6
2025-11-12T21:04:57Z,104.0,Charge 6
2025-11-12T21:04:58Z,101.0,Charge 6
2025-11-12T21:05:00Z,99.0,Charge 6
2025-11-12T21:05:02Z,98.0,Charge 6
2025-11-12T21:05:04Z,100.0,Charge 6
2025-11-12T21:05:06Z,101.0,Charge 6
2025-11-12T21:05:08Z,99.0,Charge 6
2025-11-12T21:05:10Z,94.0,Charge 6
2025-11-12T21:05:12Z,93.0,Charge 6
2025-11-12T21:05:14Z,95.0,Charge 6
2025-11-12T21:05:16Z,95.0,Charge 6
2025-11-12T21:05:17Z,94.0,Charge 6
2025-11-12T21:05:20Z,94.0,Charge 6
2025-11-12T21:05:21Z,94.0,Charge 6
2025-11-12T21:05:23Z,95.0,Charge 6
2025-11-12T21:05:26Z,95.0,Charge 6
2025-11-12T21:05:27Z,96.0,Charge 6
2025-11-12T21:05:29Z,98.0,Charge 6
2025-11-12T21:05:31Z,103.0,Charge 6
2025-11-12T21:05:33Z,105.0,Charge 6
2025-11-12T21:05:35Z,103.0,Charge 6
2025-11-12T21:05:37Z,101.0,Charge 6
2025-11-12T21:05:39Z,95.0,Charge 6
2025-11-12T21:05:41Z,93.0,Charge 6
2025-11-12T21:05:42Z,92.0,Charge 6
2025-11-12T21:05:44Z,91.0,Charge 6
2025-11-12T21:05:46Z,90.0,Charge 6
2025-11-12T21:05:48Z,91.0,Charge 6
2025-11-12T21:05:50Z,89.0,Charge 6
2025-11-12T21:05:52Z,94.0,Charge 6
2025-11-12T21:05:54Z,96.0,Charge 6
2025-11-12T21:05:56Z,97.0,Charge 6
2025-11-12T21:05:58Z,98.0,Charge 6
2025-11-12T21:06:00Z,94.0,Charge 6
2025-11-12T21:06:02Z,95.0,Charge 6
2025-11-12T21:06:04Z,96.0,Charge 6
2025-11-12T21:06:05Z,97.0,Charge 6
2025-11-12T21:06:08Z,97.0,Charge 6
2025-11-12T21:06:09Z,99.0,Charge 6
2025-11-12T21:06:12Z,99.0,Charge 6
2025-11-12T21:06:13Z,98.0,Charge 6
2025-11-12T21:06:15Z,102.0,Charge 6
2025-11-12T21:06:18Z,102.0,Charge 6
2025-11-12T21:06:19Z,101.0,Charge 6
2025-11-12T21:06:21Z,100.0,Charge 6
2025-11-12T21:06:23Z,99.0,Charge 6
2025-11-12T21:06:25Z,101.0,Charge 6
2025-11-12T21:06:27Z,102.0,Charge 6
2025-11-12T21:06:29Z,103.0,Charge 6
2025-11-12T21:06:30Z,104.0,Charge 6
2025-11-12T21:06:32Z,105.0,Charge 6
2025-11-12T21:06:35Z,105.0,Charge 6
2025-11-12T21:06:36Z,105.0,Charge 6
2025-11-12T21:06:39Z,105.0,Charge 6
2025-11-12T21:06:42Z,104.0,Charge 6
2025-11-12T21:06:45Z,104.0,Charge 6
2025-11-12T21:06:48Z,104.0,Charge 6
2025-11-12T21:06:50Z,103.0,Charge 6
2025-11-12T21:06:52Z,99.0,Charge 6
2025-11-12T21:06:53Z,98.0,Charge 6
2025-11-12T21:06:56Z,98.0,Charge 6
2025-11-12T21:06:57Z,99.0,Charge 6
2025-11-12T21:06:59Z,101.0,Charge 6
2025-11-12T21:07:01Z,100.0,Charge 6
2025-11-12T21:07:04Z,100.0,Charge 6
2025-11-12T21:07:07Z,100.0,Charge 6
2025-11-12T21:07:09Z,101.0,Charge 6
2025-11-12T21:07:11Z,102.0,Charge 6
2025-11-12T21:07:14Z,102.0,Charge 6
2025-11-12T21:07:17Z,102.0,Charge 6
2025-11-12T21:07:20Z,102.0,Charge 6
2025-11-12T21:07:23Z,102.0,Charge 6
2025-11-12T21:07:26Z,102.0,Charge 6
2025-11-12T21:07:28Z,103.0,Charge 6
2025-11-12T21:07:30Z,105.0,Charge 6
2025-11-12T21:07:33Z,105.0,Charge 6
2025-11-12T21:07:36Z,104.0,Charge 6
2025-11-12T21:07:39Z,104.0,Charge 6
2025-11-12T21:07:40Z,105.0,Charge 6
2025-11-12T21:07:41Z,106.0,Charge 6
2025-11-12T21:07:43Z,107.0,Charge 6
2025-11-12T21:07:45Z,108.0,Charge 6
2025-11-12T21:07:47Z,107.0,Charge 6
2025-11-12T21:07:50Z,107.0,Charge 6
2025-11-12T21:07:53Z,107.0,Charge 6
2025-11-12T21:07:55Z,108.0,Charge 6
2025-11-12T21:07:58Z,108.0,Charge 6
2025-11-12T21:08:01Z,107.0,Charge 6
2025-11-12T21:08:04Z,107.0,Charge 6
2025-11-12T21:08:05Z,108.0,Charge 6
2025-11-12T21:08:06Z,107.0,Charge 6
2025-11-12T21:08:09Z,107.0,Charge 6
2025-11-12T21:08:10Z,109.0,Charge 6
2025-11-12T21:08:12Z,110.0,Charge 6
2025-11-12T21:08:15Z,110.0,Charge 6
2025-11-12T21:08:18Z,110.0,Charge 6
2025-11-12T21:08:20Z,111.0,Charge 6
2025-11-12T21:08:22Z,109.0,Charge 6
2025-11-12T21:08:25Z,109.0,Charge 6
2025-11-12T21:08:26Z,108.0,Charge 6
2025-11-12T21:08:29Z,109.0,Charge 6
2025-11-12T21:08:32Z,109.0,Charge 6
2025-11-12T21:08:35Z,109.0,Charge 6
2025-11-12T21:08:37Z,108.0,Charge 6
2025-11-12T21:08:40Z,108.0,Charge 6
2025-11-12T21:08:43Z,107.0,Charge 6
2025-11-12T21:08:45Z,108.0,Charge 6
2025-11-12T21:08:48Z,108.0,Charge 6
2025-11-12T21:08:49Z,106.0,Charge 6
2025-11-12T21:08:51Z,105.0,Charge 6
2025-11-12T21:08:54Z,106.0,Charge 6
2025-11-12T21:08:57Z,106.0,Charge 6
2025-11-12T21:08:58Z,105.0,Charge 6
2025-11-12T21:09:00Z,106.0,Charge 6
2025-11-12T21:09:02Z,105.0,Charge 6
2025-11-12T21:09:04Z,104.0,Charge 6
2025-11-12T21:09:06Z,103.0,Charge 6
2025-11-12T21:09:08Z,101.0,Charge 6
2025-11-12T21:09:10Z,103.0,Charge 6
2025-11-12T21:09:12Z,102.0,Charge 6
2025-11-12T21:09:14Z,104.0,Charge 6
2025-11-12T21:09:17Z,106.0,Charge 6
2025-11-12T21:09:20Z,106.0,Charge 6
2025-11-12T21:09:21Z,107.0,Charge 6
2025-11-12T21:09:24Z,107.0,Charge 6
2025-11-12T21:09:25Z,106.0,Charge 6
2025-11-12T21:09:28Z,106.0,Charge 6
2025-11-12T21:09:31Z,106.0,Charge 6
2025-11-12T21:09:34Z,106.0,Charge 6
2025-11-12T21:09:37Z,105.0,Charge 6
2025-11-12T21:09:39Z,106.0,Charge 6
2025-11-12T21:09:42Z,104.0,Charge 6
2025-11-12T21:09:44Z,102.0,Charge 6
2025-11-12T21:09:46Z,101.0,Charge 6
2025-11-12T21:09:48Z,100.0,Charge 6
2025-11-12T21:09:50Z,101.0,Charge 6
2025-11-12T21:09:52Z,102.0,Charge 6
2025-11-12T21:09:54Z,101.0,Charge 6
2025-11-12T21:09:57Z,101.0,Charge 6
2025-11-12T21:10:00Z,100.0,Charge 6
2025-11-12T21:10:02Z,99.0,Charge 6
2025-11-12T21:10:04Z,100.0,Charge 6
2025-11-12T21:10:05Z,101.0,Charge 6
2025-11-12T21:10:07Z,102.0,Charge 6
2025-11-12T21:10:09Z,100.0,Charge 6
2025-11-12T21:10:11Z,97.0,Charge 6
2025-11-12T21:10:13Z,96.0,Charge 6
2025-11-12T21:10:16Z,96.0,Charge 6
2025-11-12T21:10:17Z,97.0,Charge 6
2025-11-12T21:10:19Z,98.0,Charge 6
2025-11-12T21:10:21Z,98.0,Charge 6
2025-11-12T21:10:23Z,95.0,Charge 6
2025-11-12T21:10:25Z,93.0,Charge 6
2025-11-12T21:10:28Z,93.0,Charge 6
2025-11-12T21:10:29Z,94.0,Charge 6
2025-11-12T21:10:30Z,93.0,Charge 6
2025-11-12T21:10:32Z,92.0,Charge 6
2025-11-12T21:10:34Z,94.0,Charge 6
2025-11-12T21:10:36Z,95.0,Charge 6
2025-11-12T21:10:38Z,96.0,Charge 6
2025-11-12T21:10:40Z,98.0,Charge 6
2025-11-12T21:10:42Z,103.0,Charge 6
2025-11-12T21:10:44Z,106.0,Charge 6
2025-11-12T21:10:46Z,108.0,Charge 6
2025-11-12T21:10:48Z,109.0,Charge 6
2025-11-12T21:10:50Z,107.0,Charge 6
2025-11-12T21:10:52Z,104.0,Charge 6
2025-11-12T21:10:55Z,106.0,Charge 6
2025-11-12T21:10:57Z,107.0,Charge 6
2025-11-12T21:10:59Z,108.0,Charge 6
2025-11-12T21:11:01Z,110.0,Charge 6
2025-11-12T21:11:04Z,110.0,Charge 6
2025-11-12T21:11:05Z,112.0,Charge 6
2025-11-12T21:11:08Z,112.0,Charge 6
2025-11-12T21:11:09Z,113.0,Charge 6
2025-11-12T21:11:11Z,114.0,Charge 6
2025-11-12T21:11:14Z,114.0,Charge 6
2025-11-12T21:11:17Z,115.0,Charge 6
2025-11-12T21:11:20Z,116.0,Charge 6
2025-11-12T21:11:23Z,116.0,Charge 6
2025-11-12T21:11:24Z,115.0,Charge 6
2025-11-12T21:11:26Z,114.0,Charge 6
2025-11-12T21:11:29Z,114.0,Charge 6
2025-11-12T21:11:30Z,113.0,Charge 6
2025-11-12T21:11:33Z,113.0,Charge 6
2025-11-12T21:11:34Z,112.0,Charge 6
2025-11-12T21:11:36Z,111.0,Charge 6
2025-11-12T21:11:38Z,110.0,Charge 6
2025-11-12T21:11:41Z,110.0,Charge 6
2025-11-12T21:11:44Z,110.0,Charge 6
2025-11-12T21:11:45Z,112.0,Charge 6
2025-11-12T21:11:47Z,114.0,Charge 6
2025-11-12T21:11:50Z,114.0,Charge 6
2025-11-12T21:11:51Z,115.0,Charge 6
2025-11-12T21:11:54Z,115.0,Charge 6
2025-11-12T21:11:55Z,114.0,Charge 6
2025-11-12T21:11:57Z,118.0,Charge 6
2025-11-12T21:11:59Z,120.0,Charge 6
2025-11-12T21:12:01Z,122.0,Charge 6
2025-11-12T21:12:04Z,122.0,Charge 6
2025-11-12T21:12:07Z,122.0,Charge 6
2025-11-12T21:12:10Z,122.0,Charge 6
2025-11-12T21:12:13Z,122.0,Charge 6
2025-11-12T21:12:14Z,123.0,Charge 6
2025-11-12T21:12:16Z,124.0,Charge 6
2025-11-12T21:12:18Z,123.0,Charge 6
2025-11-12T21:12:21Z,123.0,Charge 6
2025-11-12T21:12:24Z,122.0,Charge 6
2025-11-12T21:12:27Z,122.0,Charge 6
2025-11-12T21:12:30Z,122.0,Charge 6
2025-11-12T21:12:33Z,120.0,Charge 6
2025-11-12T21:12:35Z,119.0,Charge 6
2025-11-12T21:12:37Z,118.0,Charge 6
2025-11-12T21:12:39Z,116.0,Charge 6
2025-11-12T21:12:41Z,115.0,Charge 6
2025-11-12T21:12:43Z,116.0,Charge 6
2025-11-12T21:12:46Z,116.0,Charge 6
2025-11-12T21:12:47Z,118.0,Charge 6
2025-11-12T21:12:50Z,118.0,Charge 6
2025-11-12T21:12:53Z,117.0,Charge 6
2025-11-12T21:12:54Z,116.0,Charge 6
2025-11-12T21:12:57Z,116.0,Charge 6
2025-11-12T21:12:58Z,117.0,Charge 6
2025-11-12T21:13:00Z,118.0,Charge 6
2025-11-12T21:13:03Z,118.0,Charge 6
2025-11-12T21:13:04Z,120.0,Charge 6
2025-11-12T21:13:07Z,120.0,Charge 6
2025-11-12T21:13:08Z,121.0,Charge 6
2025-11-12T21:13:10Z,122.0,Charge 6
2025-11-12T21:13:12Z,123.0,Charge 6
2025-11-12T21:13:14Z,122.0,Charge 6
2025-11-12T21:13:16Z,121.0,Charge 6
2025-11-12T21:13:17Z,120.0,Charge 6
2025-11-12T21:13:20Z,120.0,Charge 6
2025-11-12T21:13:23Z,120.0,Charge 6
2025-11-12T21:13:25Z,118.0,Charge 6
2025-11-12T21:13:27Z,116.0,Charge 6
2025-11-12T21:13:29Z,114.0,Charge 6
2025-11-12T21:13:31Z,113.0,Charge 6
2025-11-12T21:13:34Z,113.0,Charge 6
2025-11-12T21:13:37Z,114.0,Charge 6
2025-11-12T21:13:39Z,114.0,Charge 6
2025-11-12T21:13:42Z,114.0,Charge 6
2025-11-12T21:13:45Z,114.0,Charge 6
2025-11-12T21:13:46Z,115.0,Charge 6
2025-11-12T21:13:49Z,115.0,Charge 6
2025-11-12T21:13:50Z,116.0,Charge 6
2025-11-12T21:13:53Z,116.0,Charge 6
2025-11-12T21:13:56Z,116.0,Charge 6
2025-11-12T21:13:58Z,117.0,Charge 6
2025-11-12T21:14:01Z,117.0,Charge 6
2025-11-12T21:14:04Z,117.0,Charge 6
2025-11-12T21:14:05Z,118.0,Charge 6
2025-11-12T21:14:07Z,119.0,Charge 6
2025-11-12T21:14:09Z,120.0,Charge 6
2025-11-12T21:14:11Z,121.0,Charge 6
2025-11-12T21:14:13Z,122.0,Charge 6
2025-11-12T21:14:15Z,120.0,Charge 6
2025-11-12T21:14:17Z,119.0,Charge 6
2025-11-12T21:14:19Z,117.0,Charge 6
2025-11-12T21:14:21Z,118.0,Charge 6
2025-11-12T21:14:23Z,120.0,Charge 6
2025-11-12T21:14:26Z,120.0,Charge 6
2025-11-12T21:14:29Z,119.0,Charge 6
2025-11-12T21:14:30Z,118.0,Charge 6
2025-11-12T21:14:33Z,118.0,Charge 6
2025-11-12T21:14:34Z,117.0,Charge 6
2025-11-12T21:14:36Z,118.0,Charge 6
2025-11-12T21:14:38Z,119.0,Charge 6
2025-11-12T21:14:40Z,120.0,Charge 6
2025-11-12T21:14:43Z,120.0,Charge 6
2025-11-12T21:14:44Z,119.0,Charge 6
2025-11-12T21:14:46Z,118.0,Charge 6
2025-11-12T21:14:48Z,117.0,Charge 6
2025-11-12T21:14:50Z,116.0,Charge 6
2025-11-12T21:14:52Z,115.0,Charge 6
2025-11-12T21:14:53Z,113.0,Charge 6
2025-11-12T21:14:55Z,112.0,Charge 6
2025-11-12T21:14:57Z,113.0,Charge 6
2025-11-12T21:14:59Z,114.0,Charge 6
2025-11-12T21:15:01Z,116.0,Charge 6
2025-11-12T21:15:03Z,118.0,Charge 6
2025-11-12T21:15:06Z,118.0,Charge 6
2025-11-12T21:15:09Z,118.0,Charge 6
2025-11-12T21:15:11Z,119.0,Charge 6
2025-11-12T21:15:13Z,124.0,Charge 6
2025-11-12T21:15:15Z,125.0,Charge 6
2025-11-12T21:15:17Z,126.0,Charge 6
2025-11-12T21:15:18Z,125.0,Charge 6
2025-11-12T21:15:20Z,124.0,Charge 6
2025-11-12T21:15:22Z,123.0,Charge 6
2025-11-12T21:15:25Z,123.0,Charge 6
2025-11-12T21:15:28Z,122.0,Charge 6
2025-11-12T21:15:31Z,122.0,Charge 6
2025-11-12T21:15:32Z,121.0,Charge 6
2025-11-12T21:15:34Z,119.0,Charge 6
2025-11-12T21:15:36Z,115.0,Charge 6
2025-11-12T21:15:38Z,114.0,Charge 6
2025-11-12T21:15:40Z,112.0,Charge 6
2025-11-12T21:15:41Z,111.0,Charge 6
2025-11-12T21:15:44Z,111.0,Charge 6
2025-11-12T21:15:45Z,113.0,Charge 6
2025-11-12T21:15:47Z,116.0,Charge 6
2025-11-12T21:15:49Z,115.0,Charge 6
2025-11-12T21:15:52Z,115.0,Charge 6
2025-11-12T21:15:55Z,114.0,Charge 6
2025-11-12T21:15:58Z,114.0,Charge 6
2025-11-12T21:16:01Z,113.0,Charge 6
2025-11-12T21:16:03Z,112.0,Charge 6
2025-11-12T21:16:06Z,112.0,Charge 6
2025-11-12T21:16:09Z,112.0,Charge 6
2025-11-12T21:16:10Z,111.0,Charge 6
2025-11-12T21:16:12Z,112.0,Charge 6
2025-11-12T21:16:14Z,111.0,Charge 6
2025-11-12T21:16:16Z,109.0,Charge 6
2025-11-12T21:16:18Z,106.0,Charge 6
2025-11-12T21:16:20Z,107.0,Charge 6
2025-11-12T21:16:22Z,109.0,Charge 6
2025-11-12T21:16:25Z,109.0,Charge 6
2025-11-12T21:16:28Z,109.0,Charge 6
2025-11-12T21:16:29Z,110.0,Charge 6
2025-11-12T21:16:31Z,108.0,Charge 6
2025-11-12T21:16:33Z,107.0,Charge 6
2025-11-12T21:16:36Z,107.0,Charge 6
2025-11-12T21:16:37Z,106.0,Charge 6
2025-11-12T21:16:39Z,107.0,Charge 6
2025-11-12T21:16:41Z,106.0,Charge 6
2025-11-12T21:16:44Z,106.0,Charge 6
2025-11-12T21:16:47Z,108.0,Charge 6
2025-11-12T21:16:49Z,107.0,Charge 6
2025-11-12T21:16:51Z,106.0,Charge 6
2025-11-12T21:16:54Z,106.0,Charge 6
2025-11-12T21:16:57Z,106.0,Charge 6
2025-11-12T21:16:58Z,105.0,Charge 6
2025-11-12T21:17:01Z,105.0,Charge 6
2025-11-12T21:17:02Z,104.0,Charge 6
2025-11-12T21:17:05Z,104.0,Charge 6
2025-11-12T21:17:06Z,105.0,Charge 6
2025-11-12T21:17:08Z,104.0,Charge 6
2025-11-12T21:17:10Z,103.0,Charge 6
2025-11-12T21:17:12Z,101.0,Charge 6
2025-11-12T21:17:14Z,102.0,Charge 6
2025-11-12T21:17:16Z,101.0,Charge 6
2025-11-12T21:17:17Z,100.0,Charge 6
2025-11-12T21:17:20Z,100.0,Charge 6
2025-11-12T21:17:21Z,98.0,Charge 6
2025-11-12T21:17:24Z,98.0,Charge 6
2025-11-12T21:17:27Z,99.0,Charge 6
2025-11-12T21:17:30Z,99.0,Charge 6
2025-11-12T21:17:31Z,98.0,Charge 6
2025-11-12T21:17:33Z,99.0,Charge 6
2025-11-12T21:17:35Z,100.0,Charge 6
2025-11-12T21:17:37Z,99.0,Charge 6
2025-11-12T21:17:39Z,98.0,Charge 6
2025-11-12T21:17:41Z,95.0,Charge 6
2025-11-12T21:17:42Z,94.0,Charge 6
2025-11-12T21:17:44Z,96.0,Charge 6
2025-11-12T21:17:46Z,97.0,Charge 6
2025-11-12T21:17:49Z,97.0,Charge 6
2025-11-12T21:17:50Z,96.0,Charge 6
2025-11-12T21:17:52Z,95.0,Charge 6
2025-11-12T21:17:54Z,94.0,Charge 6
2025-11-12T21:17:56Z,90.0,Charge 6
2025-11-12T21:17:58Z,88.0,Charge 6
2025-11-12T21:18:00Z,89.0,Charge 6
2025-11-12T21:18:02Z,91.0,Charge 6
2025-11-12T21:18:05Z,92.0,Charge 6
2025-11-12T21:18:07Z,95.0,Charge 6
2025-11-12T21:18:09Z,96.0,Charge 6
2025-11-12T21:18:12Z,96.0,Charge 6
2025-11-12T21:18:15Z,97.0,Charge 6
2025-11-12T21:18:17Z,95.0,Charge 6
2025-11-12T21:18:19Z,97.0,Charge 6
2025-11-12T21:18:21Z,100.0,Charge 6
2025-11-12T21:18:24Z,100.0,Charge 6
2025-11-12T21:18:25Z,101.0,Charge 6
2025-11-12T21:18:27Z,103.0,Charge 6
2025-11-12T21:18:29Z,102.0,Charge 6
2025-11-12T21:18:32Z,102.0,Charge 6
2025-11-12T21:18:34Z,99.0,Charge 6
2025-11-12T21:18:36Z,96.0,Charge 6
2025-11-12T21:18:39Z,96.0,Charge 6
2025-11-12T21:18:42Z,94.0,Charge 6
2025-11-12T21:18:45Z,94.0,Charge 6
2025-11-12T21:18:48Z,96.0,Charge 6
2025-11-12T21:18:51Z,96.0,Charge 6
2025-11-12T21:18:52Z,95.0,Charge 6
2025-11-12T21:18:53Z,94.0,Charge 6
2025-11-12T21:18:56Z,94.0,Charge 6
2025-11-12T21:18:57Z,93.0,Charge 6
2025-11-12T21:18:59Z,94.0,Charge 6
2025-11-12T21:19:02Z,94.0,Charge 6
2025-11-12T21:19:05Z,93.0,Charge 6
2025-11-12T21:19:08Z,93.0,Charge 6
2025-11-12T21:19:11Z,93.0,Charge 6
2025-11-12T21:19:14Z,93.0,Charge 6
2025-11-12T21:19:15Z,92.0,Charge 6
2025-11-12T21:19:17Z,94.0,Charge 6
2025-11-12T21:19:20Z,94.0,Charge 6
2025-11-12T21:19:23Z,94.0,Charge 6
2025-11-12T21:19:26Z,92.0,Charge 6
2025-11-12T21:19:28Z,91.0,Charge 6
2025-11-12T21:19:31Z,91.0,Charge 6
2025-11-12T21:19:32Z,90.0,Charge 6
2025-11-12T21:19:34Z,89.0,Charge 6
2025-11-12T21:19:36Z,88.0,Charge 6
2025-11-12T21:19:39Z,88.0,Charge 6
2025-11-12T21:19:40Z,90.0,Charge 6
2025-11-12T21:19:41Z,91.0,Charge 6
2025-11-12T21:19:43Z,92.0,Charge 6
2025-11-12T21:19:45Z,91.0,Charge 6
2025-11-12T21:19:48Z,91.0,Charge 6
2025-11-12T21:19:49Z,90.0,Charge 6
2025-11-12T21:19:51Z,87.0,Charge 6
2025-11-12T21:19:53Z,83.0,Charge 6
2025-11-12T21:19:55Z,80.0,Charge 6
2025-11-12T21:19:58Z,80.0,Charge 6
2025-11-12T21:19:59Z,82.0,Charge 6
2025-11-12T21:20:01Z,84.0,Charge 6
2025-11-12T21:20:03Z,85.0,Charge 6
2025-11-12T21:20:05Z,84.0,Charge 6
2025-11-12T21:20:06Z,83.0,Charge 6
2025-11-12T21:20:09Z,83.0,Charge 6
2025-11-12T21:20:10Z,84.0,Charge 6
2025-11-12T21:20:13Z,84.0,Charge 6
2025-11-12T21:20:14Z,84.0,Charge 6
2025-11-12T21:20:16Z,83.0,Charge 6
2025-11-12T21:20:18Z,84.0,Charge 6
2025-11-12T21:20:20Z,86.0,Charge 6
2025-11-12T21:20:22Z,88.0,Charge 6
2025-11-12T21:20:24Z,90.0,Charge 6
2025-11-12T21:20:27Z,90.0,Charge 6
2025-11-12T21:20:30Z,90.0,Charge 6
2025-11-12T21:20:31Z,91.0,Charge 6
2025-11-12T21:20:34Z,91.0,Charge 6
2025-11-12T21:20:37Z,91.0,Charge 6
2025-11-12T21:20:39Z,92.0,Charge 6
2025-11-12T21:20:41Z,91.0,Charge 6
2025-11-12T21:20:43Z,90.0,Charge 6
2025-11-12T21:20:46Z,90.0,Charge 6
2025-11-12T21:20:49Z,91.0,Charge 6
2025-11-12T21:20:51Z,92.0,Charge 6
2025-11-12T21:20:54Z,92.0,Charge 6
2025-11-12T21:20:57Z,92.0,Charge 6
2025-11-12T21:20:58Z,94.0,Charge 6
2025-11-12T21:21:00Z,93.0,Charge 6
2025-11-12T21:21:02Z,92.0,Charge 6
2025-11-12T21:21:04Z,91.0,Charge 6
2025-11-12T21:21:06Z,90.0,Charge 6
2025-11-12T21:21:08Z,91.0,Charge 6
2025-11-12T21:21:11Z,91.0,Charge 6
2025-11-12T21:21:12Z,92.0,Charge 6
2025-11-12T21:21:15Z,92.0,Charge 6
2025-11-12T21:21:16Z,93.0,Charge 6
2025-11-12T21:21:17Z,94.0,Charge 6
2025-11-12T21:21:20Z,94.0,Charge 6
2025-11-12T21:21:23Z,91.0,Charge 6
2025-11-12T21:21:25Z,91.0,Charge 6
2025-11-12T21:21:27Z,92.0,Charge 6
2025-11-12T21:21:30Z,92.0,Charge 6
2025-11-12T21:21:33Z,93.0,Charge 6
2025-11-12T21:21:35Z,92.0,Charge 6
2025-11-12T21:21:37Z,88.0,Charge 6
2025-11-12T21:21:39Z,86.0,Charge 6
2025-11-12T21:21:41Z,87.0,Charge 6
2025-11-12T21:21:44Z,89.0,Charge 6
2025-11-12T21:21:46Z,91.0,Charge 6
2025-11-12T21:21:48Z,93.0,Charge 6
2025-11-12T21:21:50Z,94.0,Charge 6
2025-11-12T21:21:52Z,93.0,Charge 6
2025-11-12T21:21:54Z,92.0,Charge 6
2025-11-12T21:21:56Z,93.0,Charge 6
2025-11-12T21:21:58Z,91.0,Charge 6
2025-11-12T21:22:00Z,89.0,Charge 6
2025-11-12T21:22:02Z,90.0,Charge 6
2025-11-12T21:22:04Z,88.0,Charge 6
2025-11-12T21:22:07Z,88.0,Charge 6
2025-11-12T21:22:09Z,87.0,Charge 6
2025-11-12T21:22:11Z,86.0,Charge 6
2025-11-12T21:22:14Z,86.0,Charge 6
2025-11-12T21:22:15Z,88.0,Charge 6
2025-11-12T21:22:18Z,88.0,Charge 6
2025-11-12T21:22:19Z,87.0,Charge 6
2025-11-12T21:22:21Z,88.0,Charge 6
2025-11-12T21:22:23Z,90.0,Charge 6
2025-11-12T21:22:25Z,89.0,Charge 6
2025-11-12T21:22:27Z,88.0,Charge 6
2025-11-12T21:22:29Z,87.0,Charge 6
2025-11-12T21:22:30Z,88.0,Charge 6
2025-11-12T21:22:33Z,88.0,Charge 6
2025-11-12T21:22:34Z,87.0,Charge 6
2025-11-12T21:22:36Z,88.0,Charge 6
2025-11-12T21:22:38Z,91.0,Charge 6
2025-11-12T21:22:41Z,91.0,Charge 6
2025-11-12T21:22:42Z,89.0,Charge 6
2025-11-12T21:22:44Z,88.0,Charge 6
2025-11-12T21:22:46Z,86.0,Charge 6
2025-11-12T21:22:48Z,84.0,Charge 6
2025-11-12T21:22:51Z,84.0,Charge 6
2025-11-12T21:22:52Z,84.0,Charge 6
2025-11-12T21:22:53Z,86.0,Charge 6
2025-11-12T21:22:56Z,86.0,Charge 6
2025-11-12T21:22:59Z,86.0,Charge 6
2025-11-12T21:23:01Z,88.0,Charge 6
2025-11-12T21:23:03Z,89.0,Charge 6
2025-11-12T21:23:05Z,88.0,Charge 6
2025-11-12T21:23:08Z,88.0,Charge 6
2025-11-12T21:23:09Z,87.0,Charge 6
2025-11-12T21:23:12Z,87.0,Charge 6
2025-11-12T21:23:15Z,88.0,Charge 6
2025-11-12T21:23:18Z,87.0,Charge 6
2025-11-12T21:23:20Z,88.0,Charge 6
2025-11-12T21:23:23Z,88.0,Charge 6
2025-11-12T21:23:24Z,89.0,Charge 6
2025-11-12T21:23:27Z,89.0,Charge 6
2025-11-12T21:23:28Z,88.0,Charge 6
2025-11-12T21:23:31Z,88.0,Charge 6
2025-11-12T21:23:32Z,86.0,Charge 6
2025-11-12T21:23:35Z,86.0,Charge 6
2025-11-12T21:23:36Z,87.0,Charge 6
2025-11-12T21:23:39Z,87.0,Charge 6
2025-11-12T21:23:40Z,88.0,Charge 6
2025-11-12T21:23:43Z,89.0,Charge 6
2025-11-12T21:23:45Z,90.0,Charge 6
2025-11-12T21:23:48Z,90.0,Charge 6
2025-11-12T21:23:49Z,89.0,Charge 6
2025-11-12T21:23:51Z,88.0,Charge 6
2025-11-12T21:23:54Z,88.0,Charge 6
2025-11-12T21:23:55Z,88.0,Charge 6
2025-11-12T21:23:58Z,88.0,Charge 6
2025-11-12T21:24:01Z,89.0,Charge 6
2025-11-12T21:24:04Z,89.0,Charge 6
2025-11-12T21:24:05Z,88.0,Charge 6
2025-11-12T21:24:08Z,88.0,Charge 6
2025-11-12T21:24:11Z,88.0,Charge 6
2025-11-12T21:24:14Z,88.0,Charge 6
2025-11-12T21:24:16Z,89.0,Charge 6
2025-11-12T21:24:19Z,89.0,Charge 6
2025-11-12T21:24:20Z,88.0,Charge 6
2025-11-12T21:24:23Z,88.0,Charge 6
2025-11-12T21:24:26Z,88.0,Charge 6
2025-11-12T21:24:29Z,88.0,Charge 6
2025-11-12T21:24:32Z,88.0,Charge 6
2025-11-12T21:24:33Z,90.0,Charge 6
2025-11-12T21:24:36Z,90.0,Charge 6
2025-11-12T21:24:39Z,90.0,Charge 6
2025-11-12T21:24:41Z,89.0,Charge 6
2025-11-12T21:24:44Z,89.0,Charge 6
2025-11-12T21:24:47Z,90.0,Charge 6
2025-11-12T21:24:50Z,90.0,Charge 6
2025-11-12T21:24:51Z,90.0,Charge 6
2025-11-12T21:24:53Z,90.0,Charge 6
2025-11-12T21:24:54Z,91.0,Charge 6
2025-11-12T21:24:57Z,91.0,Charge 6
2025-11-12T21:25:00Z,90.0,Charge 6
2025-11-12T21:25:03Z,90.0,Charge 6
2025-11-12T21:25:04Z,91.0,Charge 6
2025-11-12T21:25:06Z,92.0,Charge 6
2025-11-12T21:25:08Z,91.0,Charge 6
2025-11-12T21:25:10Z,90.0,Charge 6
2025-11-12T21:25:12Z,91.0,Charge 6
2025-11-12T21:25:14Z,92.0,Charge 6
2025-11-12T21:25:16Z,91.0,Charge 6
2025-11-12T21:25:17Z,93.0,Charge 6
2025-11-12T21:25:20Z,93.0,Charge 6
2025-11-12T21:25:21Z,92.0,Charge 6
2025-11-12T21:25:23Z,91.0,Charge 6
2025-11-12T21:25:25Z,89.0,Charge 6
2025-11-12T21:25:27Z,88.0,Charge 6
2025-11-12T21:25:29Z,87.0,Charge 6
2025-11-12T21:25:31Z,88.0,Charge 6
2025-11-12T21:25:33Z,89.0,Charge 6
2025-11-12T21:25:35Z,90.0,Charge 6
2025-11-12T21:25:38Z,90.0,Charge 6
2025-11-12T21:25:39Z,91.0,Charge 6
2025-11-12T21:25:41Z,91.0,Charge 6
2025-11-12T21:25:42Z,90.0,Charge 6
2025-11-12T21:25:44Z,91.0,Charge 6
2025-11-12T21:25:46Z,92.0,Charge 6
2025-11-12T21:25:49Z,92.0,Charge 6
2025-11-12T21:25:50Z,91.0,Charge 6
2025-11-12T21:25:52Z,90.0,Charge 6
2025-11-12T21:25:55Z,90.0,Charge 6
2025-11-12T21:25:58Z,86.0,Charge 6
2025-11-12T21:26:00Z,85.0,Charge 6
2025-11-12T21:26:02Z,88.0,Charge 6
2025-11-12T21:26:04Z,87.0,Charge 6
2025-11-12T21:26:07Z,88.0,Charge 6
2025-11-12T21:26:10Z,88.0,Charge 6
2025-11-12T21:26:11Z,87.0,Charge 6
2025-11-12T21:26:13Z,85.0,Charge 6
2025-11-12T21:26:16Z,85.0,Charge 6
2025-11-12T21:26:17Z,85.0,Charge 6
2025-11-12T21:26:19Z,86.0,Charge 6
2025-11-12T21:26:21Z,87.0,Charge 6
2025-11-12T21:26:23Z,86.0,Charge 6
2025-11-12T21:26:25Z,87.0,Charge 6
2025-11-12T21:26:27Z,89.0,Charge 6
2025-11-12T21:26:30Z,90.0,Charge 6
2025-11-12T21:26:32Z,93.0,Charge 6
2025-11-12T21:26:34Z,92.0,Charge 6
2025-11-12T21:26:37Z,92.0,Charge 6
2025-11-12T21:26:38Z,93.0,Charge 6
2025-11-12T21:26:41Z,93.0,Charge 6
2025-11-12T21:26:42Z,90.0,Charge 6
2025-11-12T21:26:45Z,90.0,Charge 6
2025-11-12T21:26:46Z,89.0,Charge 6
2025-11-12T21:26:49Z,89.0,Charge 6
2025-11-12T21:26:52Z,89.0,Charge 6
2025-11-12T21:26:53Z,88.0,Charge 6
2025-11-12T21:26:55Z,89.0,Charge 6
2025-11-12T21:26:57Z,90.0,Charge 6
2025-11-12T21:27:00Z,90.0,Charge 6
2025-11-12T21:27:03Z,89.0,Charge 6
2025-11-12T21:27:06Z,89.0,Charge 6
2025-11-12T21:27:09Z,90.0,Charge 6
2025-11-12T21:27:12Z,90.0,Charge 6
2025-11-12T21:27:15Z,91.0,Charge 6
2025-11-12T21:27:17Z,92.0,Charge 6
2025-11-12T21:27:18Z,92.0,Charge 6
2025-11-12T21:27:21Z,92.0,Charge 6
2025-11-12T21:27:22Z,91.0,Charge 6
2025-11-12T21:27:24Z,90.0,Charge 6
2025-11-12T21:27:26Z,89.0,Charge 6
2025-11-12T21:27:28Z,87.0,Charge 6
2025-11-12T21:27:30Z,86.0,Charge 6
2025-11-12T21:27:32Z,87.0,Charge 6
2025-11-12T21:27:34Z,88.0,Charge 6
2025-11-12T21:27:36Z,87.0,Charge 6
2025-11-12T21:27:39Z,87.0,Charge 6
2025-11-12T21:27:40Z,88.0,Charge 6
2025-11-12T21:27:41Z,86.0,Charge 6
2025-11-12T21:27:43Z,87.0,Charge 6
2025-11-12T21:27:45Z,88.0,Charge 6
2025-11-12T21:27:47Z,89.0,Charge 6
2025-11-12T21:27:49Z,90.0,Charge 6
2025-11-12T21:27:51Z,91.0,Charge 6
2025-11-12T21:27:53Z,92.0,Charge 6
2025-11-12T21:27:55Z,91.0,Charge 6
2025-11-12T21:27:58Z,91.0,Charge 6
2025-11-12T21:28:01Z,91.0,Charge 6
2025-11-12T21:28:03Z,92.0,Charge 6
2025-11-12T21:28:05Z,93.0,Charge 6
2025-11-12T21:28:06Z,95.0,Charge 6
2025-11-12T21:28:08Z,100.0,Charge 6
2025-11-12T21:28:10Z,102.0,Charge 6
2025-11-12T21:28:12Z,103.0,Charge 6
2025-11-12T21:28:15Z,103.0,Charge 6
2025-11-12T21:28:16Z,98.0,Charge 6
2025-11-12T21:28:18Z,96.0,Charge 6
2025-11-12T21:28:21Z,96.0,Charge 6
2025-11-12T21:28:22Z,98.0,Charge 6
2025-11-12T21:28:24Z,99.0,Charge 6
2025-11-12T21:28:26Z,101.0,Charge 6
2025-11-12T21:28:29Z,99.0,Charge 6
2025-11-12T21:28:32Z,99.0,Charge 6
2025-11-12T21:28:33Z,100.0,Charge 6
2025-11-12T21:28:36Z,100.0,Charge 6
2025-11-12T21:28:37Z,99.0,Charge 6
2025-11-12T21:28:39Z,98.0,Charge 6
2025-11-12T21:28:42Z,98.0,Charge 6
2025-11-12T21:28:45Z,99.0,Charge 6
2025-11-12T21:28:47Z,101.0,Charge 6
2025-11-12T21:28:49Z,102.0,Charge 6
2025-11-12T21:28:52Z,102.0,Charge 6
2025-11-12T21:28:55Z,102.0,Charge 6
2025-11-12T21:28:56Z,103.0,Charge 6
2025-11-12T21:28:59Z,103.0,Charge 6
2025-11-12T21:29:00Z,102.0,Charge 6
2025-11-12T21:29:02Z,103.0,Charge 6
2025-11-12T21:29:04Z,104.0,Charge 6
2025-11-12T21:29:06Z,103.0,Charge 6
2025-11-12T21:29:08Z,99.0,Charge 6
2025-11-12T21:29:10Z,100.0,Charge 6
2025-11-12T21:29:12Z,102.0,Charge 6
2025-11-12T21:29:14Z,103.0,Charge 6
2025-11-12T21:29:16Z,101.0,Charge 6
2025-11-12T21:29:17Z,98.0,Charge 6
2025-11-12T21:29:19Z,96.0,Charge 6
2025-11-12T21:29:22Z,96.0,Charge 6
2025-11-12T21:29:25Z,96.0,Charge 6
2025-11-12T21:29:27Z,95.0,Charge 6
2025-11-12T21:29:30Z,95.0,Charge 6
2025-11-12T21:29:31Z,96.0,Charge 6
2025-11-12T21:29:33Z,97.0,Charge 6
2025-11-12T21:29:35Z,98.0,Charge 6
2025-11-12T21:29:37Z,100.0,Charge 6
2025-11-12T21:29:39Z,97.0,Charge 6
2025-11-12T21:29:42Z,98.0,Charge 6
2025-11-12T21:29:44Z,96.0,Charge 6
2025-11-12T21:29:46Z,94.0,Charge 6
2025-11-12T21:29:49Z,94.0,Charge 6
2025-11-12T21:29:52Z,96.0,Charge 6
2025-11-12T21:29:54Z,97.0,Charge 6
2025-11-12T21:29:56Z,95.0,Charge 6
2025-11-12T21:29:58Z,94.0,Charge 6
2025-11-12T21:30:00Z,92.0,Charge 6
2025-11-12T21:30:02Z,91.0,Charge 6
2025-11-12T21:30:04Z,90.0,Charge 6
2025-11-12T21:30:07Z,91.0,Charge 6
2025-11-12T21:30:09Z,91.0,Charge 6
2025-11-12T21:30:11Z,92.0,Charge 6
2025-11-12T21:30:13Z,91.0,Charge 6
2025-11-12T21:30:16Z,91.0,Charge 6
2025-11-12T21:30:19Z,93.0,Charge 6
2025-11-12T21:30:21Z,92.0,Charge 6
2025-11-12T21:30:23Z,93.0,Charge 6
2025-11-12T21:30:25Z,94.0,Charge 6
2025-11-12T21:30:27Z,100.0,Charge 6
2025-11-12T21:30:29Z,96.0,Charge 6
2025-11-12T21:30:30Z,95.0,Charge 6
2025-11-12T21:30:32Z,96.0,Charge 6
2025-11-12T21:30:35Z,96.0,Charge 6
2025-11-12T21:30:36Z,94.0,Charge 6
2025-11-12T21:30:38Z,91.0,Charge 6
2025-11-12T21:30:40Z,90.0,Charge 6
2025-11-12T21:30:43Z,90.0,Charge 6
2025-11-12T21:30:44Z,92.0,Charge 6
2025-11-12T21:30:47Z,92.0,Charge 6
2025-11-12T21:30:50Z,94.0,Charge 6
2025-11-12T21:30:52Z,95.0,Charge 6
2025-11-12T21:30:55Z,94.0,Charge 6
2025-11-12T21:30:58Z,94.0,Charge 6
2025-11-12T21:31:01Z,95.0,Charge 6
2025-11-12T21:31:03Z,102.0,Charge 6
2025-11-12T21:31:05Z,98.0,Charge 6
2025-11-12T21:31:07Z,95.0,Charge 6
2025-11-12T21:31:09Z,94.0,Charge 6
2025-11-12T21:31:11Z,96.0,Charge 6
2025-11-12T21:31:13Z,99.0,Charge 6
2025-11-12T21:31:16Z,99.0,Charge 6
2025-11-12T21:31:17Z,100.0,Charge 6
2025-11-12T21:31:20Z,100.0,Charge 6
2025-11-12T21:31:22Z,98.0,Charge 6
2025-11-12T21:31:24Z,97.0,Charge 6
2025-11-12T21:31:26Z,96.0,Charge 6
2025-11-12T21:31:29Z,96.0,Charge 6
2025-11-12T21:31:30Z,95.0,Charge 6
2025-11-12T21:31:32Z,94.0,Charge 6
2025-11-12T21:31:34Z,92.0,Charge 6
2025-11-12T21:31:37Z,92.0,Charge 6
2025-11-12T21:31:40Z,92.0,Charge 6
2025-11-12T21:31:41Z,93.0,Charge 6
2025-11-12T21:31:43Z,98.0,Charge 6
2025-11-12T21:31:45Z,97.0,Charge 6
2025-11-12T21:31:47Z,94.0,Charge 6
2025-11-12T21:31:49Z,90.0,Charge 6
2025-11-12T21:31:51Z,87.0,Charge 6
2025-11-12T21:31:53Z,87.0,Charge 6
2025-11-12T21:31:55Z,88.0,Charge 6
2025-11-12T21:31:57Z,89.0,Charge 6
2025-11-12T21:31:59Z,90.0,Charge 6
2025-11-12T21:32:02Z,90.0,Charge 6
2025-11-12T21:32:05Z,88.0,Charge 6
2025-11-12T21:32:06Z,88.0,Charge 6
2025-11-12T21:32:09Z,88.0,Charge 6
2025-11-12T21:32:10Z,87.0,Charge 6
2025-11-12T21:32:12Z,88.0,Charge 6
2025-11-12T21:32:15Z,88.0,Charge 6
2025-11-12T21:32:16Z,89.0,Charge 6
2025-11-12T21:32:18Z,91.0,Charge 6
2025-11-12T21:32:20Z,92.0,Charge 6
2025-11-12T21:32:22Z,92.0,Charge 6
2025-11-12T21:32:24Z,91.0,Charge 6
2025-11-12T21:32:26Z,90.0,Charge 6
2025-11-12T21:32:28Z,88.0,Charge 6
2025-11-12T21:32:31Z,89.0,Charge 6
2025-11-12T21:32:33Z,90.0,Charge 6
2025-11-12T21:32:35Z,92.0,Charge 6
2025-11-12T21:32:38Z,92.0,Charge 6
2025-11-12T21:32:39Z,91.0,Charge 6
2025-11-12T21:32:41Z,90.0,Charge 6
2025-11-12T21:32:43Z,89.0,Charge 6
2025-11-12T21:32:46Z,89.0,Charge 6
2025-11-12T21:32:47Z,90.0,Charge 6
2025-11-12T21:32:49Z,92.0,Charge 6
2025-11-12T21:32:52Z,92.0,Charge 6
2025-11-12T21:32:55Z,92.0,Charge 6
2025-11-12T21:32:56Z,94.0,Charge 6
2025-11-12T21:32:59Z,94.0,Charge 6
2025-11-12T21:33:00Z,93.0,Charge 6
2025-11-12T21:33:02Z,90.0,Charge 6
2025-11-12T21:33:04Z,91.0,Charge 6
2025-11-12T21:33:06Z,93.0,Charge 6
2025-11-12T21:33:08Z,95.0,Charge 6
2025-11-12T21:33:11Z,95.0,Charge 6
2025-11-12T21:33:12Z,93.0,Charge 6
2025-11-12T21:33:14Z,92.0,Charge 6
2025-11-12T21:33:16Z,92.0,Charge 6
2025-11-12T21:33:17Z,94.0,Charge 6
2025-11-12T21:33:20Z,94.0,Charge 6
2025-11-12T21:33:23Z,95.0,Charge 6
2025-11-12T21:33:25Z,96.0,Charge 6
2025-11-12T21:33:27Z,97.0,Charge 6
2025-11-12T21:33:30Z,97.0,Charge 6
2025-11-12T21:33:31Z,95.0,Charge 6
2025-11-12T21:33:33Z,94.0,Charge 6
2025-11-12T21:33:35Z,96.0,Charge 6
2025-11-12T21:33:37Z,100.0,Charge 6
2025-11-12T21:33:40Z,100.0,Charge 6
2025-11-12T21:33:41Z,98.0,Charge 6
2025-11-12T21:33:42Z,98.0,Charge 6
2025-11-12T21:33:45Z,98.0,Charge 6
2025-11-12T21:33:46Z,98.0,Charge 6
2025-11-12T21:33:48Z,100.0,Charge 6
2025-11-12T21:33:51Z,100.0,Charge 6
2025-11-12T21:33:52Z,98.0,Charge 6
2025-11-12T21:33:54Z,99.0,Charge 6
2025-11-12T21:33:56Z,99.0,Charge 6
2025-11-12T21:33:58Z,96.0,Charge 6
2025-11-12T21:34:01Z,96.0,Charge 6
2025-11-12T21:34:02Z,97.0,Charge 6
2025-11-12T21:34:04Z,96.0,Charge 6
2025-11-12T21:34:05Z,97.0,Charge 6
2025-11-12T21:34:08Z,97.0,Charge 6
2025-11-12T21:34:09Z,96.0,Charge 6
2025-11-12T21:34:11Z,95.0,Charge 6
2025-11-12T21:34:13Z,96.0,Charge 6
2025-11-12T21:34:15Z,96.0,Charge 6
2025-11-12T21:34:17Z,97.0,Charge 6
2025-11-12T21:34:19Z,96.0,Charge 6
2025-11-12T21:34:21Z,95.0,Charge 6
2025-11-12T21:34:24Z,95.0,Charge 6
2025-11-12T21:34:25Z,94.0,Charge 6
2025-11-12T21:34:28Z,94.0,Charge 6
2025-11-12T21:34:30Z,96.0,Charge 6
2025-11-12T21:34:32Z,97.0,Charge 6
2025-11-12T21:34:34Z,96.0,Charge 6
2025-11-12T21:34:36Z,92.0,Charge 6
2025-11-12T21:34:38Z,93.0,Charge 6
2025-11-12T21:34:40Z,95.0,Charge 6
2025-11-12T21:34:42Z,96.0,Charge 6
2025-11-12T21:34:44Z,94.0,Charge 6
2025-11-12T21:34:46Z,92.0,Charge 6
2025-11-12T21:34:48Z,92.0,Charge 6
2025-11-12T21:34:50Z,93.0,Charge 6
2025-11-12T21:34:52Z,95.0,Charge 6
2025-11-12T21:34:53Z,96.0,Charge 6
2025-11-12T21:34:55Z,95.0,Charge 6
2025-11-12T21:34:57Z,92.0,Charge 6
2025-11-12T21:34:59Z,93.0,Charge 6
2025-11-12T21:35:01Z,95.0,Charge 6
2025-11-12T21:35:03Z,92.0,Charge 6
2025-11-12T21:35:05Z,93.0,Charge 6
2025-11-12T21:35:07Z,94.0,Charge 6
2025-11-12T21:35:09Z,95.0,Charge 6
2025-11-12T21:35:11Z,93.0,Charge 6
2025-11-12T21:35:13Z,92.0,Charge 6
2025-11-12T21:35:16Z,92.0,Charge 6
2025-11-12T21:35:17Z,93.0,Charge 6
2025-11-12T21:35:18Z,94.0,Charge 6
2025-11-12T21:35:20Z,92.0,Charge 6
2025-11-12T21:35:22Z,87.0,Charge 6
2025-11-12T21:35:24Z,89.0,Charge 6
2025-11-12T21:35:26Z,90.0,Charge 6
2025-11-12T21:35:28Z,93.0,Charge 6
2025-11-12T21:35:30Z,94.0,Charge 6
2025-11-12T21:35:33Z,94.0,Charge 6
2025-11-12T21:35:36Z,94.0,Charge 6
2025-11-12T21:35:38Z,93.0,Charge 6
2025-11-12T21:35:41Z,94.0,Charge 6
2025-11-12T21:35:44Z,94.0,Charge 6
2025-11-12T21:35:45Z,94.0,Charge 6
2025-11-12T21:35:48Z,94.0,Charge 6
2025-11-12T21:35:51Z,93.0,Charge 6
2025-11-12T21:35:54Z,93.0,Charge 6
2025-11-12T21:35:55Z,94.0,Charge 6
2025-11-12T21:35:57Z,96.0,Charge 6
2025-11-12T21:36:00Z,96.0,Charge 6
2025-11-12T21:36:01Z,92.0,Charge 6
2025-11-12T21:36:03Z,94.0,Charge 6
2025-11-12T21:36:05Z,95.0,Charge 6
2025-11-12T21:36:06Z,94.0,Charge 6
2025-11-12T21:36:08Z,95.0,Charge 6
2025-11-12T21:36:10Z,94.0,Charge 6
2025-11-12T21:36:13Z,94.0,Charge 6
2025-11-12T21:36:16Z,93.0,Charge 6
2025-11-12T21:36:19Z,93.0,Charge 6
2025-11-12T21:36:22Z,93.0,Charge 6
2025-11-12T21:36:24Z,94.0,Charge 6
2025-11-12T21:36:26Z,97.0,Charge 6
2025-11-12T21:36:28Z,95.0,Charge 6
2025-11-12T21:36:29Z,94.0,Charge 6
2025-11-12T21:36:32Z,94.0,Charge 6
2025-11-12T21:36:33Z,93.0,Charge 6
2025-11-12T21:36:36Z,93.0,Charge 6
2025-11-12T21:36:39Z,93.0,Charge 6
2025-11-12T21:36:41Z,90.0,Charge 6
2025-11-12T21:36:43Z,91.0,Charge 6
2025-11-12T21:36:45Z,93.0,Charge 6
2025-11-12T21:36:48Z,93.0,Charge 6
2025-11-12T21:36:51Z,94.0,Charge 6
2025-11-12T21:36:53Z,95.0,Charge 6
2025-11-12T21:36:54Z,96.0,Charge 6
2025-11-12T21:36:56Z,95.0,Charge 6
2025-11-12T21:36:58Z,94.0,Charge 6
2025-11-12T21:37:01Z,94.0,Charge 6
2025-11-12T21:37:04Z,94.0,Charge 6
2025-11-12T21:37:07Z,94.0,Charge 6
2025-11-12T21:37:10Z,94.0,Charge 6
2025-11-12T21:37:12Z,95.0,Charge 6
2025-11-12T21:37:15Z,95.0,Charge 6
2025-11-12T21:37:18Z,95.0,Charge 6
2025-11-12T21:37:21Z,94.0,Charge 6
2025-11-12T21:37:24Z,94.0,Charge 6
2025-11-12T21:37:25Z,95.0,Charge 6
2025-11-12T21:37:28Z,95.0,Charge 6
2025-11-12T21:37:29Z,92.0,Charge 6
2025-11-12T21:37:31Z,91.0,Charge 6
2025-11-12T21:37:33Z,92.0,Charge 6
2025-11-12T21:37:35Z,93.0,Charge 6
2025-11-12T21:37:37Z,94.0,Charge 6
2025-11-12T21:37:40Z,94.0,Charge 6
2025-11-12T21:37:41Z,93.0,Charge 6
2025-11-12T21:37:42Z,92.0,Charge 6
2025-11-12T21:37:45Z,92.0,Charge 6
2025-11-12T21:37:46Z,93.0,Charge 6
2025-11-12T21:37:48Z,94.0,Charge 6
2025-11-12T21:37:51Z,94.0,Charge 6
2025-11-12T21:37:52Z,92.0,Charge 6
2025-11-12T21:37:54Z,91.0,Charge 6
2025-11-12T21:37:57Z,91.0,Charge 6
2025-11-12T21:37:58Z,92.0,Charge 6
2025-11-12T21:38:01Z,92.0,Charge 6
2025-11-12T21:38:02Z,93.0,Charge 6
2025-11-12T21:38:04Z,93.0,Charge 6
2025-11-12T21:38:05Z,92.0,Charge 6
2025-11-12T21:38:07Z,91.0,Charge 6
2025-11-12T21:38:09Z,92.0,Charge 6
2025-11-12T21:38:12Z,92.0,Charge 6
2025-11-12T21:38:13Z,94.0,Charge 6
2025-11-12T21:38:16Z,94.0,Charge 6
2025-11-12T21:38:19Z,92.0,Charge 6
2025-11-12T21:38:22Z,92.0,Charge 6
2025-11-12T21:38:23Z,93.0,Charge 6
2025-11-12T21:38:26Z,93.0,Charge 6
2025-11-12T21:38:27Z,94.0,Charge 6
2025-11-12T21:38:30Z,94.0,Charge 6
2025-11-12T21:38:32Z,93.0,Charge 6
2025-11-12T21:38:35Z,93.0,Charge 6
2025-11-12T21:38:36Z,94.0,Charge 6
2025-11-12T21:38:38Z,96.0,Charge 6
2025-11-12T21:38:41Z,96.0,Charge 6
2025-11-12T21:38:42Z,97.0,Charge 6
2025-11-12T21:38:44Z,99.0,Charge 6
2025-11-12T21:38:46Z,97.0,Charge 6
2025-11-12T21:38:48Z,96.0,Charge 6
2025-11-12T21:38:50Z,94.0,Charge 6
2025-11-12T21:38:53Z,93.0,Charge 6
2025-11-12T21:38:55Z,94.0,Charge 6
2025-11-12T21:38:57Z,95.0,Charge 6
2025-11-12T21:39:00Z,95.0,Charge 6
2025-11-12T21:39:03Z,95.0,Charge 6
2025-11-12T21:39:05Z,95.0,Charge 6
2025-11-12T21:39:07Z,94.0,Charge 6
2025-11-12T21:39:09Z,96.0,Charge 6
2025-11-12T21:39:11Z,98.0,Charge 6
2025-11-12T21:39:13Z,97.0,Charge 6
2025-11-12T21:39:15Z,95.0,Charge 6
2025-11-12T21:39:18Z,94.0,Charge 6
2025-11-12T21:39:20Z,95.0,Charge 6
2025-11-12T21:39:23Z,95.0,Charge 6
2025-11-12T21:39:24Z,93.0,Charge 6
2025-11-12T21:39:27Z,93.0,Charge 6
2025-11-12T21:39:28Z,95.0,Charge 6
2025-11-12T21:39:30Z,96.0,Charge 6
2025-11-12T21:39:33Z,96.0,Charge 6
2025-11-12T21:39:34Z,97.0,Charge 6
2025-11-12T21:39:37Z,97.0,Charge 6
2025-11-12T21:39:38Z,95.0,Charge 6
2025-11-12T21:39:40Z,94.0,Charge 6
2025-11-12T21:39:43Z,93.0,Charge 6
2025-11-12T21:39:45Z,94.0,Charge 6
2025-11-12T21:39:48Z,94.0,Charge 6
2025-11-12T21:39:49Z,93.0,Charge 6
2025-11-12T21:39:51Z,94.0,Charge 6
2025-11-12T21:39:53Z,95.0,Charge 6
2025-11-12T21:39:55Z,96.0,Charge 6
2025-11-12T21:39:57Z,95.0,Charge 6
2025-11-12T21:39:59Z,94.0,Charge 6
2025-11-12T21:40:01Z,92.0,Charge 6
2025-11-12T21:40:03Z,92.0,Charge 6
2025-11-12T21:40:05Z,92.0,Charge 6
2025-11-12T21:40:06Z,91.0,Charge 6
2025-11-12T21:40:08Z,90.0,Charge 6
2025-11-12T21:40:10Z,91.0,Charge 6
2025-11-12T21:40:12Z,92.0,Charge 6
2025-11-12T21:40:15Z,92.0,Charge 6
2025-11-12T21:40:16Z,93.0,Charge 6
2025-11-12T21:40:18Z,94.0,Charge 6
2025-11-12T21:40:20Z,95.0,Charge 6
2025-11-12T21:40:22Z,97.0,Charge 6
2025-11-12T21:40:24Z,98.0,Charge 6
2025-11-12T21:40:27Z,98.0,Charge 6
2025-11-12T21:40:28Z,96.0,Charge 6
2025-11-12T21:40:29Z,95.0,Charge 6
2025-11-12T21:40:31Z,94.0,Charge 6
2025-11-12T21:40:33Z,93.0,Charge 6
2025-11-12T21:40:35Z,93.0,Charge 6
2025-11-12T21:40:37Z,92.0,Charge 6
2025-11-12T21:40:39Z,93.0,Charge 6
2025-11-12T21:40:42Z,93.0,Charge 6
2025-11-12T21:40:43Z,94.0,Charge 6
2025-11-12T21:40:46Z,94.0,Charge 6
2025-11-12T21:40:47Z,93.0,Charge 6
2025-11-12T21:40:50Z,93.0,Charge 6
2025-11-12T21:40:53Z,91.0,Charge 6
2025-11-12T21:40:54Z,90.0,Charge 6
2025-11-12T21:40:56Z,88.0,Charge 6
2025-11-12T21:40:59Z,88.0,Charge 6
2025-11-12T21:41:02Z,88.0,Charge 6
2025-11-12T21:41:04Z,86.0,Charge 6
2025-11-12T21:41:07Z,86.0,Charge 6
2025-11-12T21:41:08Z,89.0,Charge 6
2025-11-12T21:41:10Z,90.0,Charge 6
2025-11-12T21:41:13Z,90.0,Charge 6
2025-11-12T21:41:14Z,91.0,Charge 6
2025-11-12T21:41:16Z,92.0,Charge 6
2025-11-12T21:41:19Z,91.0,Charge 6
2025-11-12T21:41:22Z,91.0,Charge 6
2025-11-12T21:41:23Z,90.0,Charge 6
2025-11-12T21:41:26Z,90.0,Charge 6
2025-11-12T21:41:27Z,89.0,Charge 6
2025-11-12T21:41:29Z,90.0,Charge 6
2025-11-12T21:41:31Z,90.0,Charge 6
2025-11-12T21:41:34Z,90.0,Charge 6
2025-11-12T21:41:37Z,90.0,Charge 6
2025-11-12T21:41:40Z,90.0,Charge 6
2025-11-12T21:41:41Z,91.0,Charge 6
2025-11-12T21:41:44Z,91.0,Charge 6
2025-11-12T21:41:47Z,91.0,Charge 6
2025-11-12T21:41:48Z,90.0,Charge 6
2025-11-12T21:41:51Z,90.0,Charge 6
2025-11-12T21:41:54Z,89.0,Charge 6
2025-11-12T21:41:56Z,88.0,Charge 6
2025-11-12T21:41:59Z,88.0,Charge 6
2025-11-12T21:42:02Z,88.0,Charge 6
2025-11-12T21:42:04Z,89.0,Charge 6
2025-11-12T21:42:07Z,89.0,Charge 6
2025-11-12T21:42:09Z,88.0,Charge 6
2025-11-12T21:42:12Z,88.0,Charge 6
2025-11-12T21:42:15Z,89.0,Charge 6
2025-11-12T21:42:18Z,89.0,Charge 6
2025-11-12T21:42:19Z,88.0,Charge 6
2025-11-12T21:42:22Z,88.0,Charge 6
2025-11-12T21:42:25Z,87.0,Charge 6
2025-11-12T21:42:27Z,88.0,Charge 6
2025-11-12T21:42:30Z,88.0,Charge 6
2025-11-12T21:42:33Z,88.0,Charge 6
2025-11-12T21:42:36Z,88.0,Charge 6
2025-11-12T21:42:38Z,89.0,Charge 6
2025-11-12T21:42:40Z,88.0,Charge 6
2025-11-12T21:42:43Z,88.0,Charge 6
2025-11-12T21:42:46Z,87.0,Charge 6
2025-11-12T21:42:48Z,88.0,Charge 6
2025-11-12T21:42:51Z,88.0,Charge 6
2025-11-12T21:42:52Z,87.0,Charge 6
2025-11-12T21:42:53Z,88.0,Charge 6
2025-11-12T21:42:56Z,88.0,Charge 6
2025-11-12T21:42:59Z,88.0,Charge 6
2025-11-12T21:43:02Z,88.0,Charge 6
2025-11-12T21:43:03Z,90.0,Charge 6
2025-11-12T21:43:05Z,88.0,Charge 6
2025-11-12T21:43:08Z,88.0,Charge 6
2025-11-12T21:43:09Z,87.0,Charge 6
2025-11-12T21:43:12Z,87.0,Charge 6
2025-11-12T21:43:13Z,88.0,Charge 6
2025-11-12T21:43:16Z,88.0,Charge 6
2025-11-12T21:43:17Z,89.0,Charge 6
2025-11-12T21:43:20Z,88.0,Charge 6
2025-11-12T21:43:22Z,88.0,Charge 6
2025-11-12T21:43:25Z,88.0,Charge 6
2025-11-12T21:43:26Z,88.0,Charge 6
2025-11-12T21:43:29Z,88.0,Charge 6
2025-11-12T21:43:32Z,88.0,Charge 6
2025-11-12T21:43:35Z,88.0,Charge 6
2025-11-12T21:43:38Z,88.0,Charge 6
2025-11-12T21:43:40Z,87.0,Charge 6
2025-11-12T21:43:41Z,87.0,Charge 6
2025-11-12T21:43:43Z,86.0,Charge 6
2025-11-12T21:43:46Z,86.0,Charge 6
2025-11-12T21:43:49Z,86.0,Charge 6
2025-11-12T21:43:52Z,86.0,Charge 6
2025-11-12T21:43:53Z,87.0,Charge 6
2025-11-12T21:43:55Z,86.0,Charge 6
2025-11-12T21:43:58Z,86.0,Charge 6
2025-11-12T21:44:01Z,88.0,Charge 6
2025-11-12T21:44:04Z,88.0,Charge 6
2025-11-12T21:44:06Z,89.0,Charge 6
2025-11-12T21:44:08Z,90.0,Charge 6
2025-11-12T21:44:10Z,92.0,Charge 6
2025-11-12T21:44:13Z,92.0,Charge 6
2025-11-12T21:44:14Z,93.0,Charge 6
2025-11-12T21:44:17Z,93.0,Charge 6
2025-11-12T21:44:18Z,94.0,Charge 6
2025-11-12T21:44:21Z,94.0,Charge 6
2025-11-12T21:44:22Z,93.0,Charge 6
2025-11-12T21:44:25Z,93.0,Charge 6
2025-11-12T21:44:26Z,94.0,Charge 6
2025-11-12T21:44:28Z,95.0,Charge 6
2025-11-12T21:44:29Z,94.0,Charge 6
2025-11-12T21:44:32Z,94.0,Charge 6
2025-11-12T21:44:35Z,94.0,Charge 6
2025-11-12T21:44:38Z,94.0,Charge 6
2025-11-12T21:44:39Z,95.0,Charge 6
2025-11-12T21:44:41Z,94.0,Charge 6
2025-11-12T21:44:43Z,95.0,Charge 6
2025-11-12T21:44:45Z,96.0,Charge 6
2025-11-12T21:44:47Z,98.0,Charge 6
2025-11-12T21:44:49Z,99.0,Charge 6
2025-11-12T21:44:51Z,98.0,Charge 6
2025-11-12T21:44:53Z,99.0,Charge 6
2025-11-12T21:44:54Z,102.0,Charge 6
2025-11-12T21:44:56Z,98.0,Charge 6
2025-11-12T21:44:58Z,93.0,Charge 6
2025-11-12T21:45:00Z,92.0,Charge 6
2025-11-12T21:45:02Z,91.0,Charge 6
2025-11-12T21:45:05Z,91.0,Charge 6
2025-11-12T21:45:06Z,93.0,Charge 6
2025-11-12T21:45:08Z,95.0,Charge 6
2025-11-12T21:45:10Z,94.0,Charge 6
2025-11-12T21:45:13Z,94.0,Charge 6
2025-11-12T21:45:14Z,95.0,Charge 6
2025-11-12T21:45:16Z,96.0,Charge 6
2025-11-12T21:45:19Z,96.0,Charge 6
2025-11-12T21:45:22Z,96.0,Charge 6
2025-11-12T21:45:23Z,97.0,Charge 6
2025-11-12T21:45:25Z,98.0,Charge 6
2025-11-12T21:45:27Z,96.0,Charge 6
2025-11-12T21:45:29Z,96.0,Charge 6
2025-11-12T21:45:32Z,96.0,Charge 6
2025-11-12T21:45:35Z,94.0,Charge 6
2025-11-12T21:45:37Z,89.0,Charge 6
2025-11-12T21:45:39Z,88.0,Charge 6
2025-11-12T21:45:41Z,89.0,Charge 6
2025-11-12T21:45:42Z,92.0,Charge 6
2025-11-12T21:45:44Z,95.0,Charge 6
2025-11-12T21:45:46Z,98.0,Charge 6
2025-11-12T21:45:48Z,99.0,Charge 6
2025-11-12T21:45:50Z,98.0,Charge 6
2025-11-12T21:45:52Z,97.0,Charge 6
2025-11-12T21:45:55Z,97.0,Charge 6
2025-11-12T21:45:56Z,94.0,Charge 6
2025-11-12T21:45:58Z,93.0,Charge 6
2025-11-12T21:46:00Z,94.0,Charge 6
2025-11-12T21:46:03Z,94.0,Charge 6
2025-11-12T21:46:04Z,96.0,Charge 6
2025-11-12T21:46:05Z,97.0,Charge 6
2025-11-12T21:46:07Z,95.0,Charge 6
2025-11-12T21:46:09Z,94.0,Charge 6
2025-11-12T21:46:12Z,94.0,Charge 6
2025-11-12T21:46:13Z,96.0,Charge 6
2025-11-12T21:46:15Z,97.0,Charge 6
2025-11-12T21:46:17Z,96.0,Charge 6
2025-11-12T21:46:19Z,94.0,Charge 6
2025-11-12T21:46:21Z,95.0,Charge 6
2025-11-12T21:46:23Z,96.0,Charge 6
2025-11-12T21:46:25Z,97.0,Charge 6
2025-11-12T21:46:27Z,98.0,Charge 6
2025-11-12T21:46:29Z,99.0,Charge 6
2025-11-12T21:46:30Z,101.0,Charge 6
2025-11-12T21:46:32Z,103.0,Charge 6
2025-11-12T21:46:34Z,102.0,Charge 6
2025-11-12T21:46:36Z,103.0,Charge 6
2025-11-12T21:46:38Z,106.0,Charge 6
2025-11-12T21:46:40Z,105.0,Charge 6
2025-11-12T21:46:42Z,102.0,Charge 6
2025-11-12T21:46:44Z,101.0,Charge 6
2025-11-12T21:46:46Z,98.0,Charge 6
2025-11-12T21:46:48Z,94.0,Charge 6
2025-11-12T21:46:51Z,94.0,Charge 6
2025-11-12T21:46:52Z,93.0,Charge 6
2025-11-12T21:46:53Z,95.0,Charge 6
2025-11-12T21:46:55Z,98.0,Charge 6
2025-11-12T21:46:57Z,101.0,Charge 6
2025-11-12T21:46:59Z,102.0,Charge 6
2025-11-12T21:47:01Z,103.0,Charge 6
2025-11-12T21:47:04Z,103.0,Charge 6
2025-11-12T21:47:05Z,104.0,Charge 6
2025-11-12T21:47:07Z,103.0,Charge 6
2025-11-12T21:47:09Z,101.0,Charge 6
2025-11-12T21:47:11Z,100.0,Charge 6
2025-11-12T21:47:14Z,100.0,Charge 6
2025-11-12T21:47:17Z,100.0,Charge 6
2025-11-12T21:47:18Z,102.0,Charge 6
2025-11-12T21:47:21Z,102.0,Charge 6
2025-11-12T21:47:22Z,102.0,Charge 6
2025-11-12T21:47:24Z,103.0,Charge 6
2025-11-12T21:47:26Z,104.0,Charge 6
2025-11-12T21:47:28Z,105.0,Charge 6
2025-11-12T21:47:31Z,105.0,Charge 6
2025-11-12T21:47:34Z,106.0,Charge 6
2025-11-12T21:47:36Z,107.0,Charge 6
2025-11-12T21:47:38Z,108.0,Charge 6
2025-11-12T21:47:41Z,108.0,Charge 6
2025-11-12T21:47:43Z,107.0,Charge 6
2025-11-12T21:47:45Z,106.0,Charge 6
2025-11-12T21:47:48Z,106.0,Charge 6
2025-11-12T21:47:51Z,106.0,Charge 6
2025-11-12T21:47:53Z,105.0,Charge 6
2025-11-12T21:47:56Z,105.0,Charge 6
2025-11-12T21:47:57Z,104.0,Charge 6
2025-11-12T21:48:00Z,104.0,Charge 6
2025-11-12T21:48:03Z,104.0,Charge 6
2025-11-12T21:48:06Z,103.0,Charge 6
2025-11-12T21:48:09Z,103.0,Charge 6
2025-11-12T21:48:12Z,105.0,Charge 6
2025-11-12T21:48:14Z,104.0,Charge 6
2025-11-12T21:48:16Z,103.0,Charge 6
2025-11-12T21:48:18Z,100.0,Charge 6
2025-11-12T21:48:21Z,100.0,Charge 6
2025-11-12T21:48:24Z,100.0,Charge 6
2025-11-12T21:48:26Z,102.0,Charge 6
2025-11-12T21:48:28Z,103.0,Charge 6
2025-11-12T21:48:29Z,104.0,Charge 6
2025-11-12T21:48:32Z,104.0,Charge 6
2025-11-12T21:48:33Z,103.0,Charge 6
2025-11-12T21:48:35Z,102.0,Charge 6
2025-11-12T21:48:37Z,100.0,Charge 6
2025-11-12T21:48:40Z,100.0,Charge 6
2025-11-12T21:48:43Z,100.0,Charge 6
2025-11-12T21:48:45Z,101.0,Charge 6
2025-11-12T21:48:48Z,101.0,Charge 6
2025-11-12T21:48:49Z,100.0,Charge 6
2025-11-12T21:48:52Z,100.0,Charge 6
2025-11-12T21:48:54Z,99.0,Charge 6
2025-11-12T21:48:57Z,99.0,Charge 6
2025-11-12T21:48:58Z,97.0,Charge 6
2025-11-12T21:49:00Z,96.0,Charge 6
2025-11-12T21:49:02Z,98.0,Charge 6
2025-11-12T21:49:05Z,98.0,Charge 6
2025-11-12T21:49:06Z,96.0,Charge 6
2025-11-12T21:49:08Z,93.0,Charge 6
2025-11-12T21:49:10Z,91.0,Charge 6
2025-11-12T21:49:12Z,90.0,Charge 6
2025-11-12T21:49:15Z,90.0,Charge 6
2025-11-12T21:49:17Z,89.0,Charge 6
2025-11-12T21:49:19Z,88.0,Charge 6
2025-11-12T21:49:21Z,87.0,Charge 6
2025-11-12T21:49:23Z,90.0,Charge 6
2025-11-12T21:49:25Z,93.0,Charge 6
2025-11-12T21:49:27Z,92.0,Charge 6
2025-11-12T21:49:29Z,96.0,Charge 6
2025-11-12T21:49:32Z,96.0,Charge 6
2025-11-12T21:49:35Z,95.0,Charge 6
2025-11-12T21:49:37Z,97.0,Charge 6
2025-11-12T21:49:39Z,96.0,Charge 6
2025-11-12T21:49:41Z,94.0,Charge 6
2025-11-12T21:49:42Z,95.0,Charge 6
2025-11-12T21:49:44Z,96.0,Charge 6
2025-11-12T21:49:46Z,94.0,Charge 6
2025-11-12T21:49:48Z,90.0,Charge 6
2025-11-12T21:49:50Z,88.0,Charge 6
2025-11-12T21:49:52Z,86.0,Charge 6
2025-11-12T21:49:54Z,84.0,Charge 6
2025-11-12T21:49:57Z,84.0,Charge 6
2025-11-12T21:49:58Z,84.0,Charge 6
2025-11-12T21:50:00Z,83.0,Charge 6
2025-11-12T21:50:02Z,82.0,Charge 6
2025-11-12T21:50:05Z,82.0,Charge 6
2025-11-12T21:50:07Z,84.0,Charge 6
2025-11-12T21:50:10Z,84.0,Charge 6
2025-11-12T21:50:13Z,83.0,Charge 6
2025-11-12T21:50:15Z,82.0,Charge 6
2025-11-12T21:50:18Z,82.0,Charge 6
2025-11-12T21:50:21Z,82.0,Charge 6
2025-11-12T21:50:23Z,83.0,Charge 6
2025-11-12T21:50:25Z,83.0,Charge 6
2025-11-12T21:50:27Z,82.0,Charge 6
2025-11-12T21:50:29Z,83.0,Charge 6
2025-11-12T21:50:30Z,84.0,Charge 6
2025-11-12T21:50:33Z,84.0,Charge 6
2025-11-12T21:50:36Z,84.0,Charge 6
2025-11-12T21:50:39Z,84.0,Charge 6
2025-11-12T21:50:40Z,82.0,Charge 6
2025-11-12T21:50:42Z,84.0,Charge 6
2025-11-12T21:50:44Z,86.0,Charge 6
2025-11-12T21:50:46Z,85.0,Charge 6
2025-11-12T21:50:48Z,81.0,Charge 6
2025-11-12T21:50:50Z,77.0,Charge 6
2025-11-12T21:50:52Z,75.0,Charge 6
2025-11-12T21:50:55Z,76.0,Charge 6
2025-11-12T21:50:57Z,78.0,Charge 6
2025-11-12T21:50:59Z,81.0,Charge 6
2025-11-12T21:51:02Z,81.0,Charge 6
2025-11-12T21:51:03Z,81.0,Charge 6
2025-11-12T21:51:05Z,82.0,Charge 6
2025-11-12T21:51:07Z,83.0,Charge 6
2025-11-12T21:51:09Z,83.0,Charge 6
2025-11-12T21:51:11Z,82.0,Charge 6
2025-11-12T21:51:14Z,82.0,Charge 6
2025-11-12T21:51:15Z,83.0,Charge 6
2025-11-12T21:51:18Z,82.0,Charge 6
2025-11-12T21:51:20Z,81.0,Charge 6
2025-11-12T21:51:22Z,80.0,Charge 6
2025-11-12T21:51:24Z,80.0,Charge 6
2025-11-12T21:51:27Z,80.0,Charge 6
2025-11-12T21:51:28Z,78.0,Charge 6
2025-11-12T21:51:30Z,76.0,Charge 6
2025-11-12T21:51:32Z,76.0,Charge 6
2025-11-12T21:51:34Z,75.0,Charge 6
2025-11-12T21:51:36Z,75.0,Charge 6
2025-11-12T21:51:38Z,75.0,Charge 6
2025-11-12T21:51:40Z,74.0,Charge 6
2025-11-12T21:51:43Z,73.0,Charge 6
2025-11-12T21:51:45Z,77.0,Charge 6
2025-11-12T21:51:47Z,85.0,Charge 6
2025-11-12T21:51:49Z,84.0,Charge 6
2025-11-12T21:51:51Z,82.0,Charge 6
2025-11-12T21:51:53Z,81.0,Charge 6
2025-11-12T21:51:55Z,82.0,Charge 6
2025-11-12T21:51:58Z,82.0,Charge 6
2025-11-12T21:52:01Z,83.0,Charge 6
2025-11-12T21:52:03Z,82.0,Charge 6
2025-11-12T21:52:06Z,83.0,Charge 6
2025-11-12T21:52:08Z,82.0,Charge 6
2025-11-12T21:52:10Z,82.0,Charge 6
2025-11-12T21:52:13Z,82.0,Charge 6
2025-11-12T21:52:14Z,81.0,Charge 6
2025-11-12T21:52:17Z,81.0,Charge 6
2025-11-12T21:52:18Z,82.0,Charge 6
2025-11-12T21:52:20Z,83.0,Charge 6
2025-11-12T21:52:23Z,83.0,Charge 6
2025-11-12T21:52:24Z,82.0,Charge 6
2025-11-12T21:52:26Z,81.0,Charge 6
2025-11-12T21:52:28Z,81.0,Charge 6
2025-11-12T21:52:31Z,81.0,Charge 6
2025-11-12T21:52:33Z,82.0,Charge 6
2025-11-12T21:52:35Z,82.0,Charge 6
2025-11-12T21:52:38Z,82.0,Charge 6
2025-11-12T21:52:39Z,83.0,Charge 6
2025-11-12T21:52:41Z,84.0,Charge 6
2025-11-12T21:52:44Z,84.0,Charge 6
2025-11-12T21:52:45Z,85.0,Charge 6
2025-11-12T21:52:47Z,84.0,Charge 6
2025-11-12T21:52:49Z,83.0,Charge 6
2025-11-12T21:52:52Z,83.0,Charge 6
2025-11-12T21:52:53Z,84.0,Charge 6
2025-11-12T21:52:54Z,85.0,Charge 6
2025-11-12T21:52:56Z,86.0,Charge 6
2025-11-12T21:52:58Z,87.0,Charge 6
2025-11-12T21:53:00Z,86.0,Charge 6
2025-11-12T21:53:03Z,86.0,Charge 6
2025-11-12T21:53:06Z,87.0,Charge 6
2025-11-12T21:53:08Z,86.0,Charge 6
2025-11-12T21:53:10Z,85.0,Charge 6
2025-11-12T21:53:13Z,85.0,Charge 6
2025-11-12T21:53:14Z,85.0,Charge 6
2025-11-12T21:53:16Z,84.0,Charge 6
2025-11-12T21:53:17Z,83.0,Charge 6
2025-11-12T21:53:19Z,82.0,Charge 6
2025-11-12T21:53:21Z,82.0,Charge 6
2025-11-12T21:53:24Z,82.0,Charge 6
2025-11-12T21:53:27Z,83.0,Charge 6
2025-11-12T21:53:29Z,84.0,Charge 6
2025-11-12T21:53:32Z,84.0,Charge 6
2025-11-12T21:53:33Z,85.0,Charge 6
2025-11-12T21:53:35Z,84.0,Charge 6
2025-11-12T21:53:38Z,84.0,Charge 6
2025-11-12T21:53:41Z,85.0,Charge 6
2025-11-12T21:53:44Z,84.0,Charge 6
2025-11-12T21:53:46Z,83.0,Charge 6
2025-11-12T21:53:48Z,82.0,Charge 6
2025-11-12T21:53:50Z,83.0,Charge 6
2025-11-12T21:53:52Z,84.0,Charge 6
2025-11-12T21:53:54Z,83.0,Charge 6
2025-11-12T21:53:56Z,82.0,Charge 6
2025-11-12T21:53:59Z,82.0,Charge 6
2025-11-12T21:54:00Z,81.0,Charge 6
2025-11-12T21:54:03Z,81.0,Charge 6
2025-11-12T21:54:06Z,81.0,Charge 6
2025-11-12T21:54:07Z,82.0,Charge 6
2025-11-12T21:54:09Z,83.0,Charge 6
2025-11-12T21:54:11Z,84.0,Charge 6
2025-11-12T21:54:13Z,83.0,Charge 6
2025-11-12T21:54:16Z,83.0,Charge 6
2025-11-12T21:54:17Z,84.0,Charge 6
2025-11-12T21:54:20Z,84.0,Charge 6
2025-11-12T21:54:21Z,84.0,Charge 6
2025-11-12T21:54:24Z,84.0,Charge 6
2025-11-12T21:54:25Z,84.0,Charge 6
2025-11-12T21:54:28Z,84.0,Charge 6
2025-11-12T21:54:29Z,84.0,Charge 6
2025-11-12T21:54:32Z,84.0,Charge 6
2025-11-12T21:54:34Z,84.0,Charge 6
2025-11-12T21:54:36Z,85.0,Charge 6
2025-11-12T21:54:39Z,85.0,Charge 6
2025-11-12T21:54:40Z,84.0,Charge 6
2025-11-12T21:54:42Z,84.0,Charge 6
2025-11-12T21:54:45Z,84.0,Charge 6
2025-11-12T21:54:46Z,83.0,Charge 6
2025-11-12T21:54:48Z,82.0,Charge 6
2025-11-12T21:54:51Z,82.0,Charge 6
2025-11-12T21:54:54Z,82.0,Charge 6
2025-11-12T21:54:57Z,83.0,Charge 6
2025-11-12T21:54:59Z,84.0,Charge 6
2025-11-12T21:55:01Z,84.0,Charge 6
2025-11-12T21:55:04Z,84.0,Charge 6
2025-11-12T21:55:07Z,84.0,Charge 6
2025-11-12T21:55:09Z,85.0,Charge 6
2025-11-12T21:55:11Z,84.0,Charge 6
2025-11-12T21:55:13Z,84.0,Charge 6
2025-11-12T21:55:16Z,84.0,Charge 6
2025-11-12T21:55:19Z,84.0,Charge 6
2025-11-12T21:55:22Z,84.0,Charge 6
2025-11-12T21:55:25Z,84.0,Charge 6
2025-11-12T21:55:28Z,83.0,Charge 6
2025-11-12T21:55:31Z,83.0,Charge 6
2025-11-12T21:55:32Z,84.0,Charge 6
2025-11-12T21:55:34Z,86.0,Charge 6
2025-11-12T21:55:37Z,86.0,Charge 6
2025-11-12T21:55:40Z,86.0,Charge 6
2025-11-12T21:55:41Z,84.0,Charge 6
2025-11-12T21:55:43Z,83.0,Charge 6
2025-11-12T21:55:45Z,82.0,Charge 6
2025-11-12T21:55:48Z,82.0,Charge 6
2025-11-12T21:55:49Z,82.0,Charge 6
2025-11-12T21:55:52Z,82.0,Charge 6
2025-11-12T21:55:53Z,82.0,Charge 6
2025-11-12T21:55:55Z,84.0,Charge 6
2025-11-12T21:55:58Z,84.0,Charge 6
2025-11-12T21:55:59Z,82.0,Charge 6
2025-11-12T21:56:02Z,82.0,Charge 6
2025-11-12T21:56:03Z,83.0,Charge 6
2025-11-12T21:56:05Z,82.0,Charge 6
2025-11-12T21:56:08Z,81.0,Charge 6
2025-11-12T21:56:11Z,81.0,Charge 6
2025-11-12T21:56:14Z,81.0,Charge 6
2025-11-12T21:56:16Z,81.0,Charge 6
2025-11-12T21:56:18Z,82.0,Charge 6
2025-11-12T21:56:20Z,83.0,Charge 6
2025-11-12T21:56:22Z,85.0,Charge 6
2025-11-12T21:56:24Z,86.0,Charge 6
2025-11-12T21:56:26Z,84.0,Charge 6
2025-11-12T21:56:28Z,83.0,Charge 6
2025-11-12T21:56:29Z,84.0,Charge 6
2025-11-12T21:56:32Z,84.0,Charge 6
2025-11-12T21:56:33Z,85.0,Charge 6
2025-11-12T21:56:36Z,85.0,Charge 6
2025-11-12T21:56:37Z,83.0,Charge 6
2025-11-12T21:56:39Z,82.0,Charge 6
2025-11-12T21:56:42Z,82.0,Charge 6
2025-11-12T21:56:43Z,83.0,Charge 6
2025-11-12T21:56:45Z,85.0,Charge 6
2025-11-12T21:56:47Z,83.0,Charge 6
2025-11-12T21:56:49Z,79.0,Charge 6
2025-11-12T21:56:51Z,75.0,Charge 6
2025-11-12T21:56:53Z,73.0,Charge 6
2025-11-12T21:56:54Z,74.0,Charge 6
2025-11-12T21:56:57Z,74.0,Charge 6
2025-11-12T21:56:58Z,76.0,Charge 6
2025-11-12T21:57:00Z,79.0,Charge 6
2025-11-12T21:57:02Z,80.0,Charge 6
2025-11-12T21:57:05Z,80.0,Charge 6
2025-11-12T21:57:08Z,81.0,Charge 6
2025-11-12T21:57:10Z,83.0,Charge 6
2025-11-12T21:57:13Z,83.0,Charge 6
2025-11-12T21:57:14Z,82.0,Charge 6
2025-11-12T21:57:16Z,81.0,Charge 6
2025-11-12T21:57:17Z,80.0,Charge 6
2025-11-12T21:57:19Z,80.0,Charge 6
2025-11-12T21:57:21Z,83.0,Charge 6
2025-11-12T21:57:23Z,85.0,Charge 6
2025-11-12T21:57:25Z,86.0,Charge 6
2025-11-12T21:57:27Z,87.0,Charge 6
2025-11-12T21:57:29Z,86.0,Charge 6
2025-11-12T21:57:31Z,84.0,Charge 6
2025-11-12T21:57:34Z,84.0,Charge 6
2025-11-12T21:57:35Z,85.0,Charge 6
2025-11-12T21:57:38Z,85.0,Charge 6
2025-11-12T21:57:41Z,86.0,Charge 6
2025-11-12T21:57:42Z,85.0,Charge 6
2025-11-12T21:57:44Z,84.0,Charge 6
2025-11-12T21:57:46Z,81.0,Charge 6
2025-11-12T21:57:48Z,79.0,Charge 6
2025-11-12T21:57:50Z,78.0,Charge 6
2025-11-12T21:57:53Z,78.0,Charge 6
2025-11-12T21:57:54Z,80.0,Charge 6
2025-11-12T21:57:56Z,82.0,Charge 6
2025-11-12T21:57:59Z,82.0,Charge 6
2025-11-12T21:58:00Z,80.0,Charge 6
2025-11-12T21:58:02Z,79.0,Charge 6
2025-11-12T21:58:04Z,78.0,Charge 6
2025-11-12T21:58:05Z,80.0,Charge 6
2025-11-12T21:58:07Z,82.0,Charge 6
2025-11-12T21:58:09Z,84.0,Charge 6
2025-11-12T21:58:12Z,84.0,Charge 6
2025-11-12T21:58:15Z,86.0,Charge 6
2025-11-12T21:58:17Z,88.0,Charge 6
2025-11-12T21:58:19Z,90.0,Charge 6
2025-11-12T21:58:21Z,88.0,Charge 6
2025-11-12T21:58:23Z,84.0,Charge 6
2025-11-12T21:58:25Z,82.0,Charge 6
2025-11-12T21:58:27Z,82.0,Charge 6
2025-11-12T21:58:29Z,83.0,Charge 6
2025-11-12T21:58:30Z,82.0,Charge 6
2025-11-12T21:58:33Z,82.0,Charge 6
2025-11-12T21:58:34Z,84.0,Charge 6
2025-11-12T21:58:36Z,85.0,Charge 6
2025-11-12T21:58:38Z,86.0,Charge 6
2025-11-12T21:58:40Z,89.0,Charge 6
2025-11-12T21:58:42Z,91.0,Charge 6
2025-11-12T21:58:44Z,89.0,Charge 6
2025-11-12T21:58:46Z,88.0,Charge 6
2025-11-12T21:58:48Z,90.0,Charge 6
2025-11-12T21:58:51Z,90.0,Charge 6
2025-11-12T21:58:52Z,91.0,Charge 6
2025-11-12T21:58:55Z,88.0,Charge 6
2025-11-12T21:58:57Z,92.0,Charge 6
2025-11-12T21:58:59Z,92.0,Charge 6
2025-11-12T21:59:01Z,95.0,Charge 6
2025-11-12T21:59:04Z,95.0,Charge 6
2025-11-12T21:59:05Z,93.0,Charge 6
2025-11-12T21:59:07Z,89.0,Charge 6
2025-11-12T21:59:10Z,89.0,Charge 6
2025-11-12T21:59:13Z,89.0,Charge 6
2025-11-12T21:59:16Z,89.0,Charge 6
2025-11-12T21:59:19Z,89.0,Charge 6
2025-11-12T21:59:20Z,88.0,Charge 6
2025-11-12T21:59:23Z,88.0,Charge 6
2025-11-12T21:59:26Z,88.0,Charge 6
2025-11-12T21:59:28Z,89.0,Charge 6
2025-11-12T21:59:30Z,88.0,Charge 6
2025-11-12T21:59:33Z,88.0,Charge 6
2025-11-12T21:59:34Z,90.0,Charge 6
2025-11-12T21:59:36Z,89.0,Charge 6
2025-11-12T21:59:38Z,90.0,Charge 6
2025-11-12T21:59:40Z,93.0,Charge 6
2025-11-12T21:59:41Z,92.0,Charge 6
2025-11-12T21:59:43Z,90.0,Charge 6
2025-11-12T21:59:45Z,89.0,Charge 6
2025-11-12T21:59:48Z,89.0,Charge 6
2025-11-12T21:59:49Z,90.0,Charge 6
2025-11-12T21:59:51Z,91.0,Charge 6
2025-11-12T21:59:53Z,90.0,Charge 6
2025-11-12T21:59:55Z,91.0,Charge 6
2025-11-12T21:59:57Z,92.0,Charge 6
2025-11-12T21:59:59Z,91.0,Charge 6
2025-11-12T22:00:02Z,91.0,Charge 6
2025-11-12T22:00:03Z,93.0,Charge 6
2025-11-12T22:00:05Z,92.0,Charge 6
2025-11-12T22:00:08Z,92.0,Charge 6
2025-11-12T22:00:11Z,92.0,Charge 6
2025-11-12T22:00:14Z,90.0,Charge 6
2025-11-12T22:00:16Z,89.0,Charge 6
2025-11-12T22:00:18Z,87.0,Charge 6
2025-11-12T22:00:21Z,87.0,Charge 6
2025-11-12T22:00:24Z,87.0,Charge 6
2025-11-12T22:00:26Z,88.0,Charge 6
2025-11-12T22:00:28Z,89.0,Charge 6
2025-11-12T22:00:31Z,90.0,Charge 6
2025-11-12T22:00:33Z,89.0,Charge 6
2025-11-12T22:00:36Z,89.0,Charge 6
2025-11-12T22:00:39Z,90.0,Charge 6
2025-11-12T22:00:41Z,91.0,Charge 6
2025-11-12T22:00:43Z,94.0,Charge 6
2025-11-12T22:00:45Z,99.0,Charge 6
2025-11-12T22:00:47Z,96.0,Charge 6
2025-11-12T22:00:50Z,96.0,Charge 6
2025-11-12T22:00:51Z,97.0,Charge 6
2025-11-12T22:00:53Z,95.0,Charge 6
2025-11-12T22:00:54Z,94.0,Charge 6
2025-11-12T22:00:56Z,95.0,Charge 6
2025-11-12T22:00:58Z,95.0,Charge 6
2025-11-12T22:01:00Z,94.0,Charge 6
2025-11-12T22:01:02Z,97.0,Charge 6
2025-11-12T22:01:04Z,102.0,Charge 6
2025-11-12T22:01:06Z,103.0,Charge 6
2025-11-12T22:01:08Z,106.0,Charge 6
2025-11-12T22:01:10Z,105.0,Charge 6
2025-11-12T22:01:13Z,105.0,Charge 6
2025-11-12T22:01:16Z,105.0,Charge 6
2025-11-12T22:01:19Z,106.0,Charge 6
2025-11-12T22:01:22Z,106.0,Charge 6
2025-11-12T22:01:23Z,103.0,Charge 6
2025-11-12T22:01:26Z,103.0,Charge 6
2025-11-12T22:01:29Z,102.0,Charge 6
2025-11-12T22:01:32Z,102.0,Charge 6
2025-11-12T22:01:33Z,101.0,Charge 6
2025-11-12T22:01:35Z,100.0,Charge 6
2025-11-12T22:01:37Z,98.0,Charge 6
2025-11-12T22:01:39Z,97.0,Charge 6
2025-11-12T22:01:41Z,98.0,Charge 6
2025-11-12T22:01:44Z,98.0,Charge 6
2025-11-12T22:01:47Z,98.0,Charge 6
2025-11-12T22:01:50Z,100.0,Charge 6
2025-11-12T22:01:53Z,100.0,Charge 6
2025-11-12T22:01:54Z,99.0,Charge 6
2025-11-12T22:01:56Z,98.0,Charge 6
2025-11-12T22:01:59Z,98.0,Charge 6
2025-11-12T22:02:00Z,96.0,Charge 6
2025-11-12T22:02:02Z,94.0,Charge 6
2025-11-12T22:02:04Z,92.0,Charge 6
2025-11-12T22:02:07Z,93.0,Charge 6
2025-11-12T22:02:09Z,94.0,Charge 6
2025-11-12T22:02:12Z,94.0,Charge 6
2025-11-12T22:02:13Z,95.0,Charge 6
2025-11-12T22:02:16Z,95.0,Charge 6
2025-11-12T22:02:17Z,96.0,Charge 6
2025-11-12T22:02:19Z,95.0,Charge 6
2025-11-12T22:02:21Z,94.0,Charge 6
2025-11-12T22:02:23Z,92.0,Charge 6
2025-11-12T22:02:25Z,91.0,Charge 6
2025-11-12T22:02:27Z,96.0,Charge 6
2025-11-12T22:02:30Z,97.0,Charge 6
2025-11-12T22:02:32Z,98.0,Charge 6
2025-11-12T22:02:35Z,98.0,Charge 6
2025-11-12T22:02:36Z,97.0,Charge 6
2025-11-12T22:02:38Z,98.0,Charge 6
2025-11-12T22:02:41Z,98.0,Charge 6
2025-11-12T22:02:42Z,100.0,Charge 6
2025-11-12T22:02:44Z,101.0,Charge 6
2025-11-12T22:02:46Z,100.0,Charge 6
2025-11-12T22:02:48Z,101.0,Charge 6
2025-11-12T22:02:50Z,100.0,Charge 6
2025-11-12T22:02:53Z,99.0,Charge 6
2025-11-12T22:02:55Z,98.0,Charge 6
2025-11-12T22:02:57Z,99.0,Charge 6
2025-11-12T22:03:00Z,99.0,Charge 6
2025-11-12T22:03:01Z,100.0,Charge 6
2025-11-12T22:03:03Z,101.0,Charge 6
2025-11-12T22:03:05Z,103.0,Charge 6
2025-11-12T22:03:07Z,104.0,Charge 6
2025-11-12T22:03:09Z,102.0,Charge 6
2025-11-12T22:03:11Z,97.0,Charge 6
2025-11-12T22:03:13Z,95.0,Charge 6
2025-11-12T22:03:16Z,95.0,Charge 6
2025-11-12T22:03:17Z,94.0,Charge 6
2025-11-12T22:03:18Z,91.0,Charge 6
2025-11-12T22:03:20Z,90.0,Charge 6
2025-11-12T22:03:22Z,89.0,Charge 6
2025-11-12T22:03:24Z,88.0,Charge 6
2025-11-12T22:03:27Z,88.0,Charge 6
2025-11-12T22:03:28Z,90.0,Charge 6
2025-11-12T22:03:30Z,91.0,Charge 6
2025-11-12T22:03:32Z,92.0,Charge 6
2025-11-12T22:03:34Z,91.0,Charge 6
2025-11-12T22:03:36Z,89.0,Charge 6
2025-11-12T22:03:38Z,86.0,Charge 6
2025-11-12T22:03:40Z,84.0,Charge 6
2025-11-12T22:03:41Z,85.0,Charge 6
2025-11-12T22:03:44Z,85.0,Charge 6
2025-11-12T22:03:45Z,84.0,Charge 6
2025-11-12T22:03:48Z,84.0,Charge 6
2025-11-12T22:03:49Z,87.0,Charge 6
2025-11-12T22:03:51Z,89.0,Charge 6
2025-11-12T22:03:53Z,91.0,Charge 6
2025-11-12T22:03:55Z,92.0,Charge 6
2025-11-12T22:03:58Z,92.0,Charge 6
2025-11-12T22:03:59Z,94.0,Charge 6
2025-11-12T22:04:01Z,98.0,Charge 6
2025-11-12T22:04:03Z,99.0,Charge 6
2025-11-12T22:04:06Z,99.0,Charge 6
2025-11-12T22:04:08Z,101.0,Charge 6
2025-11-12T22:04:10Z,102.0,Charge 6
2025-11-12T22:04:12Z,100.0,Charge 6
2025-11-12T22:04:15Z,100.0,Charge 6
2025-11-12T22:04:16Z,101.0,Charge 6
2025-11-12T22:04:19Z,101.0,Charge 6
2025-11-12T22:04:22Z,101.0,Charge 6
2025-11-12T22:04:24Z,98.0,Charge 6
2025-11-12T22:04:26Z,94.0,Charge 6
2025-11-12T22:04:28Z,93.0,Charge 6
2025-11-12T22:04:29Z,94.0,Charge 6
2025-11-12T22:04:31Z,96.0,Charge 6
2025-11-12T22:04:33Z,98.0,Charge 6
2025-11-12T22:04:35Z,97.0,Charge 6
2025-11-12T22:04:37Z,93.0,Charge 6
2025-11-12T22:04:39Z,99.0,Charge 6
2025-11-12T22:04:41Z,100.0,Charge 6
2025-11-12T22:04:43Z,99.0,Charge 6
2025-11-12T22:04:45Z,98.0,Charge 6
2025-11-12T22:04:47Z,97.0,Charge 6
2025-11-12T22:04:50Z,97.0,Charge 6
2025-11-12T22:04:51Z,98.0,Charge 6
2025-11-12T22:04:53Z,100.0,Charge 6
2025-11-12T22:04:54Z,99.0,Charge 6
2025-11-12T22:04:56Z,97.0,Charge 6
2025-11-12T22:04:58Z,96.0,Charge 6
2025-11-12T22:05:00Z,97.0,Charge 6
2025-11-12T22:05:03Z,97.0,Charge 6
2025-11-12T22:05:06Z,95.0,Charge 6
2025-11-12T22:05:08Z,92.0,Charge 6
2025-11-12T22:05:10Z,89.0,Charge 6
2025-11-12T22:05:12Z,91.0,Charge 6
2025-11-12T22:05:14Z,93.0,Charge 6
2025-11-12T22:05:16Z,96.0,Charge 6
2025-11-12T22:05:19Z,96.0,Charge 6
2025-11-12T22:05:22Z,96.0,Charge 6
2025-11-12T22:05:25Z,97.0,Charge 6
2025-11-12T22:05:27Z,98.0,Charge 6
2025-11-12T22:05:30Z,98.0,Charge 6
2025-11-12T22:05:33Z,101.0,Charge 6
2025-11-12T22:05:35Z,104.0,Charge 6
2025-11-12T22:05:37Z,107.0,Charge 6
2025-11-12T22:05:39Z,110.0,Charge 6
2025-11-12T22:05:42Z,109.0,Charge 6
2025-11-12T22:05:44Z,108.0,Charge 6
2025-11-12T22:05:46Z,108.0,Charge 6
2025-11-12T22:05:49Z,108.0,Charge 6
2025-11-12T22:05:50Z,108.0,Charge 6
2025-11-12T22:05:52Z,108.0,Charge 6
2025-11-12T22:05:54Z,109.0,Charge 6
2025-11-12T22:05:57Z,109.0,Charge 6
2025-11-12T22:05:58Z,110.0,Charge 6
2025-11-12T22:06:01Z,110.0,Charge 6
2025-11-12T22:06:02Z,111.0,Charge 6
2025-11-12T22:06:04Z,112.0,Charge 6
2025-11-12T22:06:05Z,110.0,Charge 6
2025-11-12T22:06:07Z,107.0,Charge 6
2025-11-12T22:06:09Z,105.0,Charge 6
2025-11-12T22:06:12Z,105.0,Charge 6
2025-11-12T22:06:13Z,106.0,Charge 6
2025-11-12T22:06:16Z,106.0,Charge 6
2025-11-12T22:06:19Z,106.0,Charge 6
2025-11-12T22:06:21Z,107.0,Charge 6
2025-11-12T22:06:23Z,108.0,Charge 6
2025-11-12T22:06:25Z,109.0,Charge 6
2025-11-12T22:06:27Z,110.0,Charge 6
2025-11-12T22:06:29Z,110.0,Charge 6
2025-11-12T22:06:30Z,111.0,Charge 6
2025-11-12T22:06:33Z,111.0,Charge 6
2025-11-12T22:06:34Z,110.0,Charge 6
2025-11-12T22:06:36Z,111.0,Charge 6
2025-11-12T22:06:38Z,113.0,Charge 6
2025-11-12T22:06:40Z,115.0,Charge 6
2025-11-12T22:06:42Z,118.0,Charge 6
2025-11-12T22:06:44Z,119.0,Charge 6
2025-11-12T22:06:46Z,120.0,Charge 6
2025-11-12T22:06:48Z,119.0,Charge 6
2025-11-12T22:06:50Z,120.0,Charge 6
2025-11-12T22:06:53Z,120.0,Charge 6
2025-11-12T22:06:55Z,119.0,Charge 6
2025-11-12T22:06:57Z,120.0,Charge 6
2025-11-12T22:07:00Z,120.0,Charge 6
2025-11-12T22:07:03Z,120.0,Charge 6
2025-11-12T22:07:05Z,121.0,Charge 6
2025-11-12T22:07:07Z,122.0,Charge 6
2025-11-12T22:07:10Z,122.0,Charge 6
2025-11-12T22:07:11Z,123.0,Charge 6
2025-11-12T22:07:13Z,122.0,Charge 6
2025-11-12T22:07:16Z,122.0,Charge 6
2025-11-12T22:07:17Z,123.0,Charge 6
2025-11-12T22:07:18Z,124.0,Charge 6
2025-11-12T22:07:21Z,124.0,Charge 6
2025-11-12T22:07:24Z,124.0,Charge 6
2025-11-12T22:07:27Z,124.0,Charge 6
2025-11-12T22:07:30Z,125.0,Charge 6
2025-11-12T22:07:32Z,126.0,Charge 6
2025-11-12T22:07:35Z,126.0,Charge 6
2025-11-12T22:07:38Z,126.0,Charge 6
2025-11-12T22:07:41Z,126.0,Charge 6
2025-11-12T22:07:43Z,126.0,Charge 6
2025-11-12T22:07:45Z,127.0,Charge 6
2025-11-12T22:07:47Z,128.0,Charge 6
2025-11-12T22:07:50Z,128.0,Charge 6
2025-11-12T22:07:53Z,128.0,Charge 6
2025-11-12T22:07:56Z,128.0,Charge 6
2025-11-12T22:07:59Z,128.0,Charge 6
2025-11-12T22:08:01Z,127.0,Charge 6
2025-11-12T22:08:03Z,126.0,Charge 6
2025-11-12T22:08:06Z,128.0,Charge 6
2025-11-12T22:08:09Z,128.0,Charge 6
2025-11-12T22:08:12Z,128.0,Charge 6
2025-11-12T22:08:15Z,128.0,Charge 6
2025-11-12T22:08:18Z,127.0,Charge 6
2025-11-12T22:08:20Z,126.0,Charge 6
2025-11-12T22:08:22Z,124.0,Charge 6
2025-11-12T22:08:24Z,121.0,Charge 6
2025-11-12T22:08:26Z,119.0,Charge 6
2025-11-12T22:08:28Z,117.0,Charge 6
2025-11-12T22:08:29Z,116.0,Charge 6
2025-11-12T22:08:31Z,116.0,Charge 6
2025-11-12T22:08:33Z,113.0,Charge 6
2025-11-12T22:08:35Z,112.0,Charge 6
2025-11-12T22:08:38Z,112.0,Charge 6
2025-11-12T22:08:41Z,110.0,Charge 6
2025-11-12T22:08:44Z,110.0,Charge 6
2025-11-12T22:08:45Z,111.0,Charge 6
2025-11-12T22:08:47Z,114.0,Charge 6
2025-11-12T22:08:49Z,116.0,Charge 6
2025-11-12T22:08:51Z,116.0,Charge 6
2025-11-12T22:08:53Z,116.0,Charge 6
2025-11-12T22:08:56Z,114.0,Charge 6
2025-11-12T22:08:59Z,114.0,Charge 6
2025-11-12T22:09:02Z,114.0,Charge 6
2025-11-12T22:09:04Z,112.0,Charge 6
2025-11-12T22:09:06Z,110.0,Charge 6
2025-11-12T22:09:08Z,109.0,Charge 6
2025-11-12T22:09:10Z,108.0,Charge 6
2025-11-12T22:09:12Z,110.0,Charge 6
2025-11-12T22:09:14Z,113.0,Charge 6
2025-11-12T22:09:17Z,111.0,Charge 6
2025-11-12T22:09:19Z,109.0,Charge 6
2025-11-12T22:09:21Z,108.0,Charge 6
2025-11-12T22:09:24Z,108.0,Charge 6
2025-11-12T22:09:27Z,107.0,Charge 6
2025-11-12T22:09:29Z,104.0,Charge 6
2025-11-12T22:09:31Z,106.0,Charge 6
2025-11-12T22:09:33Z,107.0,Charge 6
2025-11-12T22:09:35Z,105.0,Charge 6
2025-11-12T22:09:38Z,105.0,Charge 6
2025-11-12T22:09:39Z,103.0,Charge 6
2025-11-12T22:09:41Z,102.0,Charge 6
2025-11-12T22:09:42Z,104.0,Charge 6
2025-11-12T22:09:44Z,105.0,Charge 6
2025-11-12T22:09:46Z,106.0,Charge 6
2025-11-12T22:09:48Z,103.0,Charge 6
2025-11-12T22:09:50Z,104.0,Charge 6
2025-11-12T22:09:52Z,106.0,Charge 6
2025-11-12T22:09:54Z,107.0,Charge 6
2025-11-12T22:09:56Z,106.0,Charge 6
2025-11-12T22:09:58Z,105.0,Charge 6
2025-11-12T22:10:01Z,105.0,Charge 6
2025-11-12T22:10:04Z,104.0,Charge 6
2025-11-12T22:10:05Z,102.0,Charge 6
2025-11-12T22:10:08Z,102.0,Charge 6
2025-11-12T22:10:09Z,104.0,Charge 6
2025-11-12T22:10:12Z,104.0,Charge 6
2025-11-12T22:10:13Z,105.0,Charge 6
2025-11-12T22:10:15Z,104.0,Charge 6
2025-11-12T22:10:17Z,103.0,Charge 6
2025-11-12T22:10:19Z,104.0,Charge 6
2025-11-12T22:10:22Z,104.0,Charge 6
2025-11-12T22:10:23Z,105.0,Charge 6
2025-11-12T22:10:25Z,106.0,Charge 6
2025-11-12T22:10:28Z,106.0,Charge 6
2025-11-12T22:10:29Z,107.0,Charge 6
2025-11-12T22:10:32Z,107.0,Charge 6
2025-11-12T22:10:35Z,107.0,Charge 6
2025-11-12T22:10:36Z,106.0,Charge 6
2025-11-12T22:10:38Z,107.0,Charge 6
2025-11-12T22:10:40Z,106.0,Charge 6
2025-11-12T22:10:42Z,106.0,Charge 6
2025-11-12T22:10:45Z,106.0,Charge 6
2025-11-12T22:10:46Z,105.0,Charge 6
2025-11-12T22:10:49Z,105.0,Charge 6
2025-11-12T22:10:52Z,106.0,Charge 6
2025-11-12T22:10:55Z,106.0,Charge 6
2025-11-12T22:10:57Z,107.0,Charge 6
2025-11-12T22:10:59Z,108.0,Charge 6
2025-11-12T22:11:01Z,109.0,Charge 6
2025-11-12T22:11:03Z,110.0,Charge 6
2025-11-12T22:11:05Z,111.0,Charge 6
2025-11-12T22:11:07Z,112.0,Charge 6
2025-11-12T22:11:09Z,113.0,Charge 6
2025-11-12T22:11:12Z,113.0,Charge 6
2025-11-12T22:11:15Z,113.0,Charge 6
2025-11-12T22:11:17Z,114.0,Charge 6
2025-11-12T22:11:18Z,113.0,Charge 6
2025-11-12T22:11:20Z,114.0,Charge 6
2025-11-12T22:11:22Z,115.0,Charge 6
2025-11-12T22:11:24Z,113.0,Charge 6
2025-11-12T22:11:26Z,114.0,Charge 6
2025-11-12T22:11:29Z,114.0,Charge 6
2025-11-12T22:11:32Z,114.0,Charge 6
2025-11-12T22:11:34Z,113.0,Charge 6
2025-11-12T22:11:37Z,113.0,Charge 6
2025-11-12T22:11:38Z,112.0,Charge 6
2025-11-12T22:11:40Z,105.0,Charge 6
2025-11-12T22:11:41Z,107.0,Charge 6
2025-11-12T22:11:43Z,114.0,Charge 6
2025-11-12T22:11:45Z,109.0,Charge 6
2025-11-12T22:11:47Z,107.0,Charge 6
2025-11-12T22:11:49Z,102.0,Charge 6
2025-11-12T22:11:51Z,101.0,Charge 6
2025-11-12T22:11:53Z,100.0,Charge 6
2025-11-12T22:11:56Z,100.0,Charge 6
2025-11-12T22:11:59Z,101.0,Charge 6
2025-11-12T22:12:01Z,103.0,Charge 6
2025-11-12T22:12:03Z,101.0,Charge 6
2025-11-12T22:12:05Z,102.0,Charge 6
2025-11-12T22:12:06Z,101.0,Charge 6
2025-11-12T22:12:08Z,99.0,Charge 6
2025-11-12T22:12:10Z,98.0,Charge 6
2025-11-12T22:12:13Z,98.0,Charge 6
2025-11-12T22:12:14Z,98.0,Charge 6
2025-11-12T22:12:16Z,96.0,Charge 6
2025-11-12T22:12:18Z,95.0,Charge 6
2025-11-12T22:12:20Z,96.0,Charge 6
2025-11-12T22:12:23Z,96.0,Charge 6
2025-11-12T22:12:24Z,98.0,Charge 6
2025-11-12T22:12:27Z,98.0,Charge 6
2025-11-12T22:12:30Z,98.0,Charge 6
2025-11-12T22:12:31Z,99.0,Charge 6
2025-11-12T22:12:34Z,99.0,Charge 6
2025-11-12T22:12:37Z,99.0,Charge 6
2025-11-12T22:12:39Z,98.0,Charge 6
2025-11-12T22:12:41Z,99.0,Charge 6
2025-11-12T22:12:44Z,99.0,Charge 6
2025-11-12T22:12:47Z,99.0,Charge 6
2025-11-12T22:12:50Z,99.0,Charge 6
2025-11-12T22:12:51Z,100.0,Charge 6
2025-11-12T22:12:53Z,101.0,Charge 6
2025-11-12T22:12:54Z,102.0,Charge 6
2025-11-12T22:12:56Z,100.0,Charge 6
2025-11-12T22:12:59Z,100.0,Charge 6
2025-11-12T22:13:00Z,99.0,Charge 6
2025-11-12T22:13:02Z,100.0,Charge 6
2025-11-12T22:13:04Z,99.0,Charge 6
2025-11-12T22:13:07Z,99.0,Charge 6
2025-11-12T22:13:08Z,98.0,Charge 6
2025-11-12T22:13:11Z,98.0,Charge 6
2025-11-12T22:13:14Z,99.0,Charge 6
2025-11-12T22:13:17Z,99.0,Charge 6
2025-11-12T22:13:20Z,99.0,Charge 6
2025-11-12T22:13:21Z,98.0,Charge 6
2025-11-12T22:13:24Z,98.0,Charge 6
2025-11-12T22:13:27Z,99.0,Charge 6
2025-11-12T22:13:29Z,100.0,Charge 6
2025-11-12T22:13:32Z,100.0,Charge 6
2025-11-12T22:13:33Z,98.0,Charge 6
2025-11-12T22:13:36Z,98.0,Charge 6
2025-11-12T22:13:37Z,100.0,Charge 6
2025-11-12T22:13:39Z,100.0,Charge 6
2025-11-12T22:13:41Z,99.0,Charge 6
2025-11-12T22:13:42Z,98.0,Charge 6
2025-11-12T22:13:45Z,98.0,Charge 6
2025-11-12T22:13:48Z,98.0,Charge 6
2025-11-12T22:13:50Z,97.0,Charge 6
2025-11-12T22:13:52Z,94.0,Charge 6
2025-11-12T22:13:54Z,90.0,Charge 6
2025-11-12T22:13:56Z,92.0,Charge 6
2025-11-12T22:13:58Z,91.0,Charge 6
2025-11-12T22:14:01Z,91.0,Charge 6
2025-11-12T22:14:02Z,90.0,Charge 6
2025-11-12T22:14:04Z,91.0,Charge 6
2025-11-12T22:14:07Z,94.0,Charge 6
2025-11-12T22:14:09Z,93.0,Charge 6
2025-11-12T22:14:11Z,92.0,Charge 6
2025-11-12T22:14:14Z,92.0,Charge 6
2025-11-12T22:14:15Z,90.0,Charge 6
2025-11-12T22:14:17Z,92.0,Charge 6
2025-11-12T22:14:19Z,94.0,Charge 6
2025-11-12T22:14:22Z,94.0,Charge 6
2025-11-12T22:14:23Z,92.0,Charge 6
2025-11-12T22:14:26Z,92.0,Charge 6
2025-11-12T22:14:29Z,91.0,Charge 6
2025-11-12T22:14:32Z,90.0,Charge 6
2025-11-12T22:14:34Z,91.0,Charge 6
2025-11-12T22:14:36Z,86.0,Charge 6
2025-11-12T22:14:38Z,85.0,Charge 6
2025-11-12T22:14:40Z,87.0,Charge 6
2025-11-12T22:14:42Z,88.0,Charge 6
2025-11-12T22:14:44Z,88.0,Charge 6
2025-11-12T22:14:47Z,88.0,Charge 6
2025-11-12T22:14:50Z,89.0,Charge 6
2025-11-12T22:14:52Z,91.0,Charge 6
2025-11-12T22:14:55Z,90.0,Charge 6
2025-11-12T22:14:57Z,91.0,Charge 6
2025-11-12T22:15:00Z,91.0,Charge 6
2025-11-12T22:15:03Z,90.0,Charge 6
2025-11-12T22:15:05Z,89.0,Charge 6
2025-11-12T22:15:07Z,88.0,Charge 6
2025-11-12T22:15:09Z,89.0,Charge 6
2025-11-12T22:15:11Z,87.0,Charge 6
2025-11-12T22:15:13Z,85.0,Charge 6
2025-11-12T22:15:15Z,88.0,Charge 6
2025-11-12T22:15:17Z,90.0,Charge 6
2025-11-12T22:15:20Z,88.0,Charge 6
2025-11-12T22:15:22Z,83.0,Charge 6
2025-11-12T22:15:24Z,82.0,Charge 6
2025-11-12T22:15:27Z,82.0,Charge 6
2025-11-12T22:15:30Z,83.0,Charge 6
2025-11-12T22:15:33Z,83.0,Charge 6
2025-11-12T22:15:36Z,83.0,Charge 6
2025-11-12T22:15:38Z,84.0,Charge 6
2025-11-12T22:15:40Z,83.0,Charge 6
2025-11-12T22:15:41Z,82.0,Charge 6
2025-11-12T22:15:44Z,82.0,Charge 6
2025-11-12T22:15:47Z,83.0,Charge 6
2025-11-12T22:15:49Z,84.0,Charge 6
2025-11-12T22:15:51Z,83.0,Charge 6
2025-11-12T22:15:53Z,82.0,Charge 6
2025-11-12T22:15:55Z,83.0,Charge 6
2025-11-12T22:15:58Z,83.0,Charge 6
2025-11-12T22:15:59Z,84.0,Charge 6
2025-11-12T22:16:02Z,84.0,Charge 6
2025-11-12T22:16:03Z,83.0,Charge 6
2025-11-12T22:16:05Z,84.0,Charge 6
2025-11-12T22:16:08Z,84.0,Charge 6
2025-11-12T22:16:11Z,84.0,Charge 6
2025-11-12T22:16:14Z,86.0,Charge 6
2025-11-12T22:16:16Z,87.0,Charge 6
2025-11-12T22:16:18Z,88.0,Charge 6
2025-11-12T22:16:20Z,87.0,Charge 6
2025-11-12T22:16:22Z,86.0,Charge 6
2025-11-12T22:16:25Z,86.0,Charge 6
2025-11-12T22:16:28Z,86.0,Charge 6
2025-11-12T22:16:29Z,88.0,Charge 6
2025-11-12T22:16:32Z,88.0,Charge 6
2025-11-12T22:16:35Z,88.0,Charge 6
2025-11-12T22:16:38Z,88.0,Charge 6
2025-11-12T22:16:39Z,87.0,Charge 6
2025-11-12T22:16:41Z,88.0,Charge 6
2025-11-12T22:16:43Z,88.0,Charge 6
2025-11-12T22:16:46Z,88.0,Charge 6
2025-11-12T22:16:47Z,87.0,Charge 6
2025-11-12T22:16:49Z,87.0,Charge 6
2025-11-12T22:16:51Z,86.0,Charge 6
2025-11-12T22:16:53Z,86.0,Charge 6
2025-11-12T22:16:54Z,85.0,Charge 6
2025-11-12T22:16:56Z,86.0,Charge 6
2025-11-12T22:16:59Z,86.0,Charge 6
2025-11-12T22:17:02Z,86.0,Charge 6
2025-11-12T22:17:04Z,84.0,Charge 6
2025-11-12T22:17:07Z,84.0,Charge 6
2025-11-12T22:17:08Z,86.0,Charge 6
2025-11-12T22:17:11Z,86.0,Charge 6
2025-11-12T22:17:14Z,86.0,Charge 6
2025-11-12T22:17:17Z,86.0,Charge 6
2025-11-12T22:17:20Z,86.0,Charge 6
2025-11-12T22:17:23Z,85.0,Charge 6
2025-11-12T22:17:25Z,85.0,Charge 6
2025-11-12T22:17:27Z,84.0,Charge 6
2025-11-12T22:17:29Z,85.0,Charge 6
2025-11-12T22:17:31Z,86.0,Charge 6
2025-11-12T22:17:34Z,86.0,Charge 6
2025-11-12T22:17:37Z,86.0,Charge 6
2025-11-12T22:17:39Z,88.0,Charge 6
2025-11-12T22:17:41Z,90.0,Charge 6
2025-11-12T22:17:42Z,89.0,Charge 6
2025-11-12T22:17:44Z,88.0,Charge 6
2025-11-12T22:17:46Z,86.0,Charge 6
2025-11-12T22:17:49Z,86.0,Charge 6
2025-11-12T22:17:50Z,85.0,Charge 6
2025-11-12T22:17:52Z,84.0,Charge 6
2025-11-12T22:17:54Z,84.0,Charge 6
2025-11-12T22:17:57Z,84.0,Charge 6
2025-11-12T22:18:00Z,84.0,Charge 6
2025-11-12T22:18:02Z,84.0,Charge 6
2025-11-12T22:18:05Z,85.0,Charge 6
2025-11-12T22:18:08Z,85.0,Charge 6
2025-11-12T22:18:09Z,84.0,Charge 6
2025-11-12T22:18:12Z,84.0,Charge 6
2025-11-12T22:18:13Z,84.0,Charge 6
2025-11-12T22:18:15Z,85.0,Charge 6
2025-11-12T22:18:17Z,86.0,Charge 6
2025-11-12T22:18:19Z,84.0,Charge 6
2025-11-12T22:18:21Z,85.0,Charge 6
2025-11-12T22:18:23Z,86.0,Charge 6
2025-11-12T22:18:26Z,86.0,Charge 6
2025-11-12T22:18:27Z,85.0,Charge 6
2025-11-12T22:18:30Z,85.0,Charge 6
2025-11-12T22:18:32Z,84.0,Charge 6
2025-11-12T22:18:35Z,84.0,Charge 6
2025-11-12T22:18:38Z,84.0,Charge 6
2025-11-12T22:18:41Z,84.0,Charge 6
2025-11-12T22:18:44Z,85.0,Charge 6
2025-11-12T22:18:46Z,86.0,Charge 6
2025-11-12T22:18:48Z,85.0,Charge 6
2025-11-12T22:18:50Z,84.0,Charge 6
2025-11-12T22:18:53Z,84.0,Charge 6
2025-11-12T22:18:56Z,84.0,Charge 6
2025-11-12T22:18:59Z,84.0,Charge 6
2025-11-12T22:19:01Z,84.0,Charge 6
2025-11-12T22:19:03Z,86.0,Charge 6
2025-11-12T22:19:06Z,86.0,Charge 6
2025-11-12T22:19:07Z,85.0,Charge 6
2025-11-12T22:19:09Z,84.0,Charge 6
2025-11-12T22:19:11Z,85.0,Charge 6
2025-11-12T22:19:14Z,85.0,Charge 6
2025-11-12T22:19:15Z,84.0,Charge 6
2025-11-12T22:19:18Z,84.0,Charge 6
2025-11-12T22:19:20Z,82.0,Charge 6
2025-11-12T22:19:23Z,82.0,Charge 6
2025-11-12T22:19:24Z,83.0,Charge 6
2025-11-12T22:19:26Z,84.0,Charge 6
2025-11-12T22:19:29Z,84.0,Charge 6
2025-11-12T22:19:30Z,83.0,Charge 6
2025-11-12T22:19:32Z,82.0,Charge 6
2025-11-12T22:19:35Z,82.0,Charge 6
2025-11-12T22:19:36Z,84.0,Charge 6
2025-11-12T22:19:39Z,84.0,Charge 6
2025-11-12T22:19:40Z,85.0,Charge 6
2025-11-12T22:19:43Z,84.0,Charge 6
2025-11-12T22:19:45Z,83.0,Charge 6
2025-11-12T22:19:47Z,84.0,Charge 6
2025-11-12T22:19:50Z,84.0,Charge 6
2025-11-12T22:19:53Z,82.0,Charge 6
2025-11-12T22:19:55Z,81.0,Charge 6
2025-11-12T22:19:58Z,81.0,Charge 6
2025-11-12T22:19:59Z,82.0,Charge 6
2025-11-12T22:20:02Z,82.0,Charge 6
2025-11-12T22:20:05Z,83.0,Charge 6
2025-11-12T22:20:06Z,84.0,Charge 6
2025-11-12T22:20:08Z,85.0,Charge 6
2025-11-12T22:20:10Z,86.0,Charge 6
2025-11-12T22:20:13Z,86.0,Charge 6
2025-11-12T22:20:16Z,86.0,Charge 6
2025-11-12T22:20:18Z,85.0,Charge 6
2025-11-12T22:20:21Z,85.0,Charge 6
2025-11-12T22:20:24Z,85.0,Charge 6
2025-11-12T22:20:26Z,86.0,Charge 6
2025-11-12T22:20:29Z,86.0,Charge 6
2025-11-12T22:20:31Z,89.0,Charge 6
2025-11-12T22:20:33Z,92.0,Charge 6
2025-11-12T22:20:35Z,90.0,Charge 6
2025-11-12T22:20:37Z,89.0,Charge 6
2025-11-12T22:20:40Z,89.0,Charge 6
2025-11-12T22:20:43Z,90.0,Charge 6
2025-11-12T22:20:46Z,90.0,Charge 6
2025-11-12T22:20:49Z,90.0,Charge 6
2025-11-12T22:20:51Z,87.0,Charge 6
2025-11-12T22:20:53Z,86.0,Charge 6
2025-11-12T22:20:54Z,86.0,Charge 6
2025-11-12T22:20:57Z,86.0,Charge 6
2025-11-12T22:20:58Z,84.0,Charge 6
2025-11-12T22:21:01Z,84.0,Charge 6
2025-11-12T22:21:04Z,84.0,Charge 6
2025-11-12T22:21:06Z,84.0,Charge 6
2025-11-12T22:21:08Z,85.0,Charge 6
2025-11-12T22:21:10Z,84.0,Charge 6
2025-11-12T22:21:13Z,84.0,Charge 6
2025-11-12T22:21:16Z,86.0,Charge 6
2025-11-12T22:21:19Z,86.0,Charge 6
2025-11-12T22:21:21Z,86.0,Charge 6
2025-11-12T22:21:23Z,87.0,Charge 6
2025-11-12T22:21:25Z,88.0,Charge 6
2025-11-12T22:21:28Z,88.0,Charge 6
2025-11-12T22:21:29Z,89.0,Charge 6
2025-11-12T22:21:32Z,89.0,Charge 6
2025-11-12T22:21:33Z,90.0,Charge 6
2025-11-12T22:21:35Z,91.0,Charge 6
2025-11-12T22:21:37Z,90.0,Charge 6
2025-11-12T22:21:39Z,89.0,Charge 6
2025-11-12T22:21:41Z,88.0,Charge 6
2025-11-12T22:21:42Z,87.0,Charge 6
2025-11-12T22:21:44Z,86.0,Charge 6
2025-11-12T22:21:47Z,86.0,Charge 6
2025-11-12T22:21:48Z,87.0,Charge 6
2025-11-12T22:21:50Z,86.0,Charge 6
2025-11-12T22:21:53Z,86.0,Charge 6
2025-11-12T22:21:56Z,86.0,Charge 6
2025-11-12T22:21:59Z,86.0,Charge 6
2025-11-12T22:22:02Z,86.0,Charge 6
2025-11-12T22:22:05Z,86.0,Charge 6
2025-11-12T22:22:08Z,86.0,Charge 6
2025-11-12T22:22:11Z,87.0,Charge 6
2025-11-12T22:22:13Z,88.0,Charge 6
2025-11-12T22:22:15Z,89.0,Charge 6
2025-11-12T22:22:17Z,88.0,Charge 6
2025-11-12T22:22:20Z,88.0,Charge 6
2025-11-12T22:22:21Z,87.0,Charge 6
2025-11-12T22:22:24Z,87.0,Charge 6
2025-11-12T22:22:27Z,86.0,Charge 6
2025-11-12T22:22:30Z,86.0,Charge 6
2025-11-12T22:22:33Z,86.0,Charge 6
2025-11-12T22:22:34Z,85.0,Charge 6
2025-11-12T22:22:36Z,86.0,Charge 6
2025-11-12T22:22:39Z,86.0,Charge 6
2025-11-12T22:22:42Z,85.0,Charge 6
2025-11-12T22:22:45Z,85.0,Charge 6
2025-11-12T22:22:46Z,84.0,Charge 6
2025-11-12T22:22:48Z,84.0,Charge 6
2025-11-12T22:22:50Z,85.0,Charge 6
2025-11-12T22:22:52Z,85.0,Charge 6
2025-11-12T22:22:53Z,85.0,Charge 6
2025-11-12T22:22:55Z,86.0,Charge 6
2025-11-12T22:22:57Z,87.0,Charge 6
2025-11-12T22:22:59Z,88.0,Charge 6
2025-11-12T22:23:02Z,88.0,Charge 6
2025-11-12T22:23:03Z,87.0,Charge 6
2025-11-12T22:23:06Z,87.0,Charge 6
2025-11-12T22:23:07Z,87.0,Charge 6
2025-11-12T22:23:09Z,88.0,Charge 6
2025-11-12T22:23:11Z,89.0,Charge 6
2025-11-12T22:23:14Z,89.0,Charge 6
2025-11-12T22:23:15Z,90.0,Charge 6
2025-11-12T22:23:17Z,89.0,Charge 6
2025-11-12T22:23:18Z,88.0,Charge 6
2025-11-12T22:23:20Z,89.0,Charge 6
2025-11-12T22:23:22Z,90.0,Charge 6
2025-11-12T22:23:24Z,90.0,Charge 6
2025-11-12T22:23:27Z,90.0,Charge 6
2025-11-12T22:23:28Z,88.0,Charge 6
2025-11-12T22:23:30Z,86.0,Charge 6
2025-11-12T22:23:32Z,85.0,Charge 6
2025-11-12T22:23:34Z,84.0,Charge 6
2025-11-12T22:23:37Z,84.0,Charge 6
2025-11-12T22:23:40Z,84.0,Charge 6
2025-11-12T22:23:43Z,84.0,Charge 6
2025-11-12T22:23:46Z,84.0,Charge 6
2025-11-12T22:23:47Z,85.0,Charge 6
2025-11-12T22:23:49Z,86.0,Charge 6
2025-11-12T22:23:51Z,87.0,Charge 6
2025-11-12T22:23:53Z,88.0,Charge 6
2025-11-12T22:23:55Z,86.0,Charge 6
2025-11-12T22:23:58Z,86.0,Charge 6
2025-11-12T22:24:01Z,86.0,Charge 6
2025-11-12T22:24:04Z,86.0,Charge 6
2025-11-12T22:24:05Z,85.0,Charge 6
2025-11-12T22:24:06Z,86.0,Charge 6
2025-11-12T22:24:08Z,87.0,Charge 6
2025-11-12T22:24:10Z,88.0,Charge 6
2025-11-12T22:24:12Z,89.0,Charge 6
2025-11-12T22:24:14Z,90.0,Charge 6
2025-11-12T22:24:16Z,89.0,Charge 6
2025-11-12T22:24:18Z,88.0,Charge 6
2025-11-12T22:24:21Z,88.0,Charge 6
2025-11-12T22:24:24Z,88.0,Charge 6
2025-11-12T22:24:27Z,88.0,Charge 6
2025-11-12T22:24:28Z,88.0,Charge 6
2025-11-12T22:24:31Z,88.0,Charge 6
2025-11-12T22:24:33Z,89.0,Charge 6
2025-11-12T22:24:35Z,90.0,Charge 6
2025-11-12T22:24:37Z,88.0,Charge 6
2025-11-12T22:24:40Z,88.0,Charge 6
2025-11-12T22:24:41Z,89.0,Charge 6
2025-11-12T22:24:43Z,90.0,Charge 6
2025-11-12T22:24:46Z,90.0,Charge 6
2025-11-12T22:24:47Z,90.0,Charge 6
2025-11-12T22:24:49Z,88.0,Charge 6
2025-11-12T22:24:52Z,88.0,Charge 6
2025-11-12T22:24:55Z,88.0,Charge 6
2025-11-12T22:24:56Z,86.0,Charge 6
2025-11-12T22:24:59Z,86.0,Charge 6
2025-11-12T22:25:02Z,86.0,Charge 6
2025-11-12T22:25:05Z,86.0,Charge 6
2025-11-12T22:25:06Z,85.0,Charge 6
2025-11-12T22:25:09Z,85.0,Charge 6
2025-11-12T22:25:10Z,86.0,Charge 6
2025-11-12T22:25:13Z,86.0,Charge 6
2025-11-12T22:25:16Z,84.0,Charge 6
2025-11-12T22:25:19Z,84.0,Charge 6
2025-11-12T22:25:22Z,84.0,Charge 6
2025-11-12T22:25:25Z,85.0,Charge 6
2025-11-12T22:25:27Z,86.0,Charge 6
2025-11-12T22:25:30Z,86.0,Charge 6
2025-11-12T22:25:31Z,87.0,Charge 6
2025-11-12T22:25:34Z,87.0,Charge 6
2025-11-12T22:25:35Z,88.0,Charge 6
2025-11-12T22:25:38Z,88.0,Charge 6
2025-11-12T22:25:41Z,87.0,Charge 6
2025-11-12T22:25:42Z,86.0,Charge 6
2025-11-12T22:25:45Z,86.0,Charge 6
2025-11-12T22:25:46Z,87.0,Charge 6
2025-11-12T22:25:49Z,87.0,Charge 6
2025-11-12T22:25:50Z,86.0,Charge 6
2025-11-12T22:25:52Z,86.0,Charge 6
2025-11-12T22:25:55Z,86.0,Charge 6
2025-11-12T22:25:56Z,87.0,Charge 6
2025-11-12T22:25:58Z,89.0,Charge 6
2025-11-12T22:26:00Z,90.0,Charge 6
2025-11-12T22:26:02Z,89.0,Charge 6
2025-11-12T22:26:04Z,88.0,Charge 6
2025-11-12T22:26:05Z,87.0,Charge 6
2025-11-12T22:26:08Z,87.0,Charge 6
2025-11-12T22:26:09Z,86.0,Charge 6
2025-11-12T22:26:11Z,85.0,Charge 6
2025-11-12T22:26:13Z,84.0,Charge 6
2025-11-12T22:26:15Z,82.0,Charge 6
2025-11-12T22:26:17Z,81.0,Charge 6
2025-11-12T22:26:20Z,81.0,Charge 6
2025-11-12T22:26:23Z,81.0,Charge 6
2025-11-12T22:26:25Z,82.0,Charge 6
2025-11-12T22:26:27Z,81.0,Charge 6
2025-11-12T22:26:30Z,82.0,Charge 6
2025-11-12T22:26:32Z,81.0,Charge 6
2025-11-12T22:26:34Z,82.0,Charge 6
2025-11-12T22:26:37Z,82.0,Charge 6
2025-11-12T22:26:38Z,82.0,Charge 6
2025-11-12T22:26:41Z,82.0,Charge 6
2025-11-12T22:26:44Z,82.0,Charge 6
2025-11-12T22:26:46Z,83.0,Charge 6
2025-11-12T22:26:48Z,84.0,Charge 6
2025-11-12T22:26:50Z,84.0,Charge 6
2025-11-12T22:26:52Z,85.0,Charge 6
2025-11-12T22:26:53Z,86.0,Charge 6
2025-11-12T22:26:55Z,87.0,Charge 6
2025-11-12T22:26:57Z,88.0,Charge 6
2025-11-12T22:27:00Z,88.0,Charge 6
2025-11-12T22:27:01Z,86.0,Charge 6
2025-11-12T22:27:03Z,84.0,Charge 6
2025-11-12T22:27:05Z,82.0,Charge 6
2025-11-12T22:27:08Z,82.0,Charge 6
2025-11-12T22:27:09Z,84.0,Charge 6
2025-11-12T22:27:12Z,84.0,Charge 6
2025-11-12T22:27:13Z,85.0,Charge 6
2025-11-12T22:27:15Z,84.0,Charge 6
2025-11-12T22:27:18Z,82.0,Charge 6
2025-11-12T22:27:20Z,82.0,Charge 6
2025-11-12T22:27:22Z,83.0,Charge 6
2025-11-12T22:27:24Z,85.0,Charge 6
2025-11-12T22:27:26Z,86.0,Charge 6
2025-11-12T22:27:29Z,86.0,Charge 6
2025-11-12T22:27:30Z,85.0,Charge 6
2025-11-12T22:27:33Z,85.0,Charge 6
2025-11-12T22:27:34Z,86.0,Charge 6
2025-11-12T22:27:37Z,86.0,Charge 6
2025-11-12T22:27:38Z,87.0,Charge 6
2025-11-12T22:27:41Z,88.0,Charge 6
2025-11-12T22:27:43Z,87.0,Charge 6
2025-11-12T22:27:45Z,86.0,Charge 6
2025-11-12T22:27:47Z,87.0,Charge 6
2025-11-12T22:27:49Z,88.0,Charge 6
2025-11-12T22:27:51Z,87.0,Charge 6
2025-11-12T22:27:53Z,86.0,Charge 6
2025-11-12T22:27:56Z,86.0,Charge 6
2025-11-12T22:27:57Z,87.0,Charge 6
2025-11-12T22:27:59Z,88.0,Charge 6
2025-11-12T22:28:01Z,88.0,Charge 6
2025-11-12T22:28:04Z,88.0,Charge 6
2025-11-12T22:28:05Z,88.0,Charge 6
2025-11-12T22:28:08Z,88.0,Charge 6
2025-11-12T22:28:10Z,89.0,Charge 6
2025-11-12T22:28:13Z,89.0,Charge 6
2025-11-12T22:28:14Z,88.0,Charge 6
2025-11-12T22:28:16Z,87.0,Charge 6
2025-11-12T22:28:18Z,86.0,Charge 6
2025-11-12T22:28:21Z,86.0,Charge 6
2025-11-12T22:28:24Z,86.0,Charge 6
2025-11-12T22:28:27Z,86.0,Charge 6
2025-11-12T22:28:28Z,87.0,Charge 6
2025-11-12T22:28:31Z,88.0,Charge 6
2025-11-12T22:28:34Z,88.0,Charge 6
2025-11-12T22:28:37Z,89.0,Charge 6
2025-11-12T22:28:39Z,90.0,Charge 6
2025-11-12T22:28:41Z,91.0,Charge 6
2025-11-12T22:28:43Z,91.0,Charge 6
2025-11-12T22:28:45Z,87.0,Charge 6
2025-11-12T22:28:48Z,87.0,Charge 6
2025-11-12T22:28:49Z,88.0,Charge 6
2025-11-12T22:28:51Z,90.0,Charge 6
2025-11-12T22:28:53Z,89.0,Charge 6
2025-11-12T22:28:54Z,88.0,Charge 6
2025-11-12T22:28:56Z,86.0,Charge 6
2025-11-12T22:28:59Z,86.0,Charge 6
2025-11-12T22:29:02Z,86.0,Charge 6
2025-11-12T22:29:05Z,86.0,Charge 6
2025-11-12T22:29:06Z,85.0,Charge 6
2025-11-12T22:29:08Z,84.0,Charge 6
2025-11-12T22:29:10Z,83.0,Charge 6
2025-11-12T22:29:13Z,83.0,Charge 6
2025-11-12T22:29:14Z,84.0,Charge 6
2025-11-12T22:29:17Z,84.0,Charge 6
2025-11-12T22:29:20Z,84.0,Charge 6
2025-11-12T22:29:21Z,84.0,Charge 6
2025-11-12T22:29:24Z,84.0,Charge 6
2025-11-12T22:29:27Z,83.0,Charge 6
2025-11-12T22:29:30Z,83.0,Charge 6
2025-11-12T22:29:31Z,84.0,Charge 6
2025-11-12T22:29:33Z,86.0,Charge 6
2025-11-12T22:29:35Z,88.0,Charge 6
2025-11-12T22:29:38Z,88.0,Charge 6
2025-11-12T22:29:39Z,88.0,Charge 6
2025-11-12T22:29:41Z,88.0,Charge 6
2025-11-12T22:29:44Z,88.0,Charge 6
2025-11-12T22:29:46Z,87.0,Charge 6
2025-11-12T22:29:49Z,87.0,Charge 6
2025-11-12T22:29:50Z,88.0,Charge 6
2025-11-12T22:29:53Z,88.0,Charge 6
2025-11-12T22:29:56Z,88.0,Charge 6
2025-11-12T22:29:59Z,88.0,Charge 6
2025-11-12T22:30:02Z,86.0,Charge 6
2025-11-12T22:30:04Z,85.0,Charge 6
2025-11-12T22:30:05Z,84.0,Charge 6
2025-11-12T22:30:08Z,84.0,Charge 6
2025-11-12T22:30:11Z,84.0,Charge 6
2025-11-12T22:30:13Z,83.0,Charge 6
2025-11-12T22:30:16Z,83.0,Charge 6
2025-11-12T22:30:17Z,84.0,Charge 6
2025-11-12T22:30:20Z,84.0,Charge 6
2025-11-12T22:30:23Z,83.0,Charge 6
2025-11-12T22:30:26Z,83.0,Charge 6
2025-11-12T22:30:29Z,84.0,Charge 6
2025-11-12T22:30:30Z,84.0,Charge 6
2025-11-12T22:30:32Z,83.0,Charge 6
2025-11-12T22:30:34Z,82.0,Charge 6
2025-11-12T22:30:36Z,83.0,Charge 6
2025-11-12T22:30:38Z,82.0,Charge 6
2025-11-12T22:30:40Z,81.0,Charge 6
2025-11-12T22:30:42Z,82.0,Charge 6
2025-11-12T22:30:44Z,84.0,Charge 6
2025-11-12T22:30:46Z,86.0,Charge 6
2025-11-12T22:30:49Z,86.0,Charge 6
2025-11-12T22:30:52Z,86.0,Charge 6
2025-11-12T22:30:53Z,86.0,Charge 6
2025-11-12T22:30:55Z,87.0,Charge 6
2025-11-12T22:30:58Z,87.0,Charge 6
2025-11-12T22:31:01Z,87.0,Charge 6
2025-11-12T22:31:03Z,88.0,Charge 6
2025-11-12T22:31:05Z,86.0,Charge 6
2025-11-12T22:31:07Z,84.0,Charge 6
2025-11-12T22:31:10Z,84.0,Charge 6
2025-11-12T22:31:11Z,85.0,Charge 6
2025-11-12T22:31:13Z,86.0,Charge 6
2025-11-12T22:31:16Z,86.0,Charge 6
2025-11-12T22:31:17Z,84.0,Charge 6
2025-11-12T22:31:20Z,84.0,Charge 6
2025-11-12T22:31:22Z,84.0,Charge 6
2025-11-12T22:31:25Z,84.0,Charge 6
2025-11-12T22:31:28Z,84.0,Charge 6
2025-11-12T22:31:30Z,85.0,Charge 6
2025-11-12T22:31:32Z,86.0,Charge 6
2025-11-12T22:31:35Z,86.0,Charge 6
2025-11-12T22:31:38Z,85.0,Charge 6
2025-11-12T22:31:41Z,84.0,Charge 6
2025-11-12T22:31:44Z,84.0,Charge 6
2025-11-12T22:31:45Z,83.0,Charge 6
2025-11-12T22:31:47Z,84.0,Charge 6
2025-11-12T22:31:50Z,84.0,Charge 6
2025-11-12T22:31:53Z,84.0,Charge 6
2025-11-12T22:31:56Z,84.0,Charge 6
2025-11-12T22:31:59Z,84.0,Charge 6
2025-11-12T22:32:02Z,84.0,Charge 6
2025-11-12T22:32:03Z,85.0,Charge 6
2025-11-12T22:32:05Z,86.0,Charge 6
2025-11-12T22:32:06Z,87.0,Charge 6
2025-11-12T22:32:08Z,88.0,Charge 6
2025-11-12T22:32:10Z,90.0,Charge 6
2025-11-12T22:32:13Z,90.0,Charge 6
2025-11-12T22:32:14Z,89.0,Charge 6
2025-11-12T22:32:16Z,88.0,Charge 6
2025-11-12T22:32:18Z,88.0,Charge 6
2025-11-12T22:32:20Z,87.0,Charge 6
2025-11-12T22:32:22Z,85.0,Charge 6
2025-11-12T22:32:24Z,84.0,Charge 6
2025-11-12T22:32:27Z,84.0,Charge 6
2025-11-12T22:32:30Z,84.0,Charge 6
2025-11-12T22:32:33Z,84.0,Charge 6
2025-11-12T22:32:36Z,84.0,Charge 6
2025-11-12T22:32:39Z,84.0,Charge 6
2025-11-12T22:32:42Z,84.0,Charge 6
2025-11-12T22:32:45Z,84.0,Charge 6
2025-11-12T22:32:47Z,82.0,Charge 6
2025-11-12T22:32:49Z,81.0,Charge 6
2025-11-12T22:32:51Z,82.0,Charge 6
2025-11-12T22:32:53Z,83.0,Charge 6
2025-11-12T22:32:54Z,84.0,Charge 6
2025-11-12T22:32:57Z,84.0,Charge 6
2025-11-12T22:32:58Z,85.0,Charge 6
2025-11-12T22:33:00Z,87.0,Charge 6
2025-11-12T22:33:02Z,88.0,Charge 6
2025-11-12T22:33:04Z,87.0,Charge 6
2025-11-12T22:33:06Z,86.0,Charge 6
2025-11-12T22:33:09Z,86.0,Charge 6
2025-11-12T22:33:12Z,86.0,Charge 6
2025-11-12T22:33:14Z,85.0,Charge 6
2025-11-12T22:33:17Z,85.0,Charge 6
2025-11-12T22:33:19Z,84.0,Charge 6
2025-11-12T22:33:22Z,84.0,Charge 6
2025-11-12T22:33:25Z,84.0,Charge 6
2025-11-12T22:33:27Z,85.0,Charge 6
2025-11-12T22:33:29Z,86.0,Charge 6
2025-11-12T22:33:31Z,84.0,Charge 6
2025-11-12T22:33:34Z,84.0,Charge 6
2025-11-12T22:33:37Z,84.0,Charge 6
2025-11-12T22:33:39Z,83.0,Charge 6
2025-11-12T22:33:42Z,83.0,Charge 6
2025-11-12T22:33:45Z,83.0,Charge 6
2025-11-12T22:33:46Z,81.0,Charge 6
2025-11-12T22:33:48Z,80.0,Charge 6
2025-11-12T22:33:51Z,80.0,Charge 6
2025-11-12T22:33:52Z,80.0,Charge 6
2025-11-12T22:33:54Z,81.0,Charge 6
2025-11-12T22:33:56Z,80.0,Charge 6
2025-11-12T22:33:59Z,80.0,Charge 6
2025-11-12T22:34:02Z,81.0,Charge 6
2025-11-12T22:34:04Z,83.0,Charge 6
2025-11-12T22:34:05Z,84.0,Charge 6
2025-11-12T22:34:07Z,84.0,Charge 6
2025-11-12T22:34:09Z,84.0,Charge 6
2025-11-12T22:34:11Z,86.0,Charge 6
2025-11-12T22:34:13Z,86.0,Charge 6
2025-11-12T22:34:15Z,87.0,Charge 6
2025-11-12T22:34:17Z,89.0,Charge 6
2025-11-12T22:34:19Z,88.0,Charge 6
2025-11-12T22:34:21Z,87.0,Charge 6
2025-11-12T22:34:24Z,87.0,Charge 6
2025-11-12T22:34:25Z,86.0,Charge 6
2025-11-12T22:34:27Z,89.0,Charge 6
2025-11-12T22:34:29Z,90.0,Charge 6
2025-11-12T22:34:32Z,89.0,Charge 6
2025-11-12T22:34:34Z,88.0,Charge 6
2025-11-12T22:34:36Z,86.0,Charge 6
2025-11-12T22:34:38Z,85.0,Charge 6
2025-11-12T22:34:41Z,85.0,Charge 6
2025-11-12T22:34:42Z,84.0,Charge 6
2025-11-12T22:34:44Z,82.0,Charge 6
2025-11-12T22:34:47Z,82.0,Charge 6
2025-11-12T22:34:48Z,82.0,Charge 6
2025-11-12T22:34:50Z,82.0,Charge 6
2025-11-12T22:34:52Z,82.0,Charge 6
2025-11-12T22:34:55Z,83.0,Charge 6
2025-11-12T22:34:57Z,85.0,Charge 6
2025-11-12T22:35:00Z,85.0,Charge 6
2025-11-12T22:35:03Z,83.0,Charge 6
2025-11-12T22:35:05Z,82.0,Charge 6
2025-11-12T22:35:07Z,83.0,Charge 6
2025-11-12T22:35:10Z,83.0,Charge 6
2025-11-12T22:35:11Z,84.0,Charge 6
2025-11-12T22:35:13Z,85.0,Charge 6
2025-11-12T22:35:15Z,86.0,Charge 6
2025-11-12T22:35:18Z,86.0,Charge 6
2025-11-12T22:35:20Z,85.0,Charge 6
2025-11-12T22:35:23Z,85.0,Charge 6
2025-11-12T22:35:24Z,86.0,Charge 6
2025-11-12T22:35:26Z,87.0,Charge 6
2025-11-12T22:35:28Z,85.0,Charge 6
2025-11-12T22:35:30Z,84.0,Charge 6
2025-11-12T22:35:33Z,84.0,Charge 6
2025-11-12T22:35:34Z,85.0,Charge 6
2025-11-12T22:35:36Z,84.0,Charge 6
2025-11-12T22:35:39Z,84.0,Charge 6
2025-11-12T22:35:40Z,85.0,Charge 6
2025-11-12T22:35:41Z,87.0,Charge 6
2025-11-12T22:35:44Z,87.0,Charge 6
2025-11-12T22:35:45Z,89.0,Charge 6
2025-11-12T22:35:48Z,89.0,Charge 6
2025-11-12T22:35:49Z,90.0,Charge 6
2025-11-12T22:35:52Z,90.0,Charge 6
2025-11-12T22:35:53Z,91.0,Charge 6
2025-11-12T22:35:56Z,91.0,Charge 6
2025-11-12T22:35:57Z,94.0,Charge 6
2025-11-12T22:35:59Z,100.0,Charge 6
2025-11-12T22:36:01Z,101.0,Charge 6
2025-11-12T22:36:04Z,101.0,Charge 6
2025-11-12T22:36:05Z,100.0,Charge 6
2025-11-12T22:36:06Z,99.0,Charge 6
2025-11-12T22:36:08Z,100.0,Charge 6
2025-11-12T22:36:11Z,100.0,Charge 6
2025-11-12T22:36:14Z,100.0,Charge 6
2025-11-12T22:36:17Z,100.0,Charge 6
2025-11-12T22:36:18Z,101.0,Charge 6
2025-11-12T22:36:20Z,100.0,Charge 6
2025-11-12T22:36:22Z,102.0,Charge 6
2025-11-12T22:36:24Z,101.0,Charge 6
2025-11-12T22:36:26Z,100.0,Charge 6
2025-11-12T22:36:29Z,100.0,Charge 6
2025-11-12T22:36:31Z,101.0,Charge 6
2025-11-12T22:36:34Z,101.0,Charge 6
2025-11-12T22:36:35Z,100.0,Charge 6
2025-11-12T22:36:38Z,100.0,Charge 6
2025-11-12T22:36:39Z,101.0,Charge 6
2025-11-12T22:36:41Z,102.0,Charge 6
2025-11-12T22:36:44Z,102.0,Charge 6
2025-11-12T22:36:45Z,103.0,Charge 6
2025-11-12T22:36:48Z,103.0,Charge 6
2025-11-12T22:36:51Z,103.0,Charge 6
2025-11-12T22:36:54Z,103.0,Charge 6
2025-11-12T22:36:56Z,102.0,Charge 6
2025-11-12T22:36:59Z,102.0,Charge 6
2025-11-12T22:37:00Z,101.0,Charge 6
2025-11-12T22:37:02Z,102.0,Charge 6
2025-11-12T22:37:04Z,101.0,Charge 6
2025-11-12T22:37:07Z,101.0,Charge 6
2025-11-12T22:37:08Z,99.0,Charge 6
2025-11-12T22:37:10Z,97.0,Charge 6
2025-11-12T22:37:12Z,94.0,Charge 6
2025-11-12T22:37:14Z,92.0,Charge 6
2025-11-12T22:37:16Z,95.0,Charge 6
2025-11-12T22:37:17Z,94.0,Charge 6
2025-11-12T22:37:19Z,91.0,Charge 6
2025-11-12T22:37:21Z,90.0,Charge 6
2025-11-12T22:37:23Z,89.0,Charge 6
2025-11-12T22:37:25Z,87.0,Charge 6
2025-11-12T22:37:27Z,86.0,Charge 6
2025-11-12T22:37:30Z,86.0,Charge 6
2025-11-12T22:37:31Z,86.0,Charge 6
2025-11-12T22:37:33Z,87.0,Charge 6
2025-11-12T22:37:35Z,86.0,Charge 6
2025-11-12T22:37:37Z,82.0,Charge 6
2025-11-12T22:37:39Z,81.0,Charge 6
2025-11-12T22:37:41Z,80.0,Charge 6
2025-11-12T22:37:42Z,79.0,Charge 6
2025-11-12T22:37:44Z,78.0,Charge 6
2025-11-12T22:37:46Z,78.0,Charge 6
2025-11-12T22:37:48Z,76.0,Charge 6
2025-11-12T22:37:51Z,76.0,Charge 6
2025-11-12T22:37:52Z,77.0,Charge 6
2025-11-12T22:37:54Z,78.0,Charge 6
2025-11-12T22:37:57Z,78.0,Charge 6
2025-11-12T22:37:58Z,79.0,Charge 6
2025-11-12T22:38:00Z,79.0,Charge 6
2025-11-12T22:38:03Z,79.0,Charge 6
2025-11-12T22:38:05Z,78.0,Charge 6
2025-11-12T22:38:08Z,78.0,Charge 6
2025-11-12T22:38:09Z,77.0,Charge 6
2025-11-12T22:38:11Z,77.0,Charge 6
2025-11-12T22:38:13Z,76.0,Charge 6
2025-11-12T22:38:15Z,76.0,Charge 6
2025-11-12T22:38:17Z,78.0,Charge 6
2025-11-12T22:38:19Z,78.0,Charge 6
2025-11-12T22:38:21Z,79.0,Charge 6
2025-11-12T22:38:23Z,80.0,Charge 6
2025-11-12T22:38:26Z,80.0,Charge 6
2025-11-12T22:38:27Z,81.0,Charge 6
2025-11-12T22:38:29Z,82.0,Charge 6
2025-11-12T22:38:30Z,83.0,Charge 6
2025-11-12T22:38:33Z,83.0,Charge 6
2025-11-12T22:38:36Z,83.0,Charge 6
2025-11-12T22:38:38Z,84.0,Charge 6
2025-11-12T22:38:40Z,83.0,Charge 6
2025-11-12T22:38:42Z,82.0,Charge 6
2025-11-12T22:38:45Z,82.0,Charge 6
2025-11-12T22:38:46Z,81.0,Charge 6
2025-11-12T22:38:48Z,80.0,Charge 6
2025-11-12T22:38:50Z,81.0,Charge 6
2025-11-12T22:38:52Z,82.0,Charge 6
2025-11-12T22:38:55Z,82.0,Charge 6
2025-11-12T22:38:57Z,81.0,Charge 6
2025-11-12T22:38:59Z,82.0,Charge 6
2025-11-12T22:39:02Z,82.0,Charge 6
2025-11-12T22:39:03Z,81.0,Charge 6
2025-11-12T22:39:05Z,80.0,Charge 6
2025-11-12T22:39:08Z,80.0,Charge 6
2025-11-12T22:39:11Z,79.0,Charge 6
2025-11-12T22:39:13Z,78.0,Charge 6
2025-11-12T22:39:16Z,78.0,Charge 6
2025-11-12T22:39:18Z,78.0,Charge 6
2025-11-12T22:39:21Z,78.0,Charge 6
2025-11-12T22:39:24Z,78.0,Charge 6
2025-11-12T22:39:26Z,79.0,Charge 6
2025-11-12T22:39:29Z,79.0,Charge 6
2025-11-12T22:39:30Z,80.0,Charge 6
2025-11-12T22:39:32Z,80.0,Charge 6
2025-11-12T22:39:34Z,81.0,Charge 6
2025-11-12T22:39:36Z,82.0,Charge 6
2025-11-12T22:39:38Z,80.0,Charge 6
2025-11-12T22:39:41Z,80.0,Charge 6
2025-11-12T22:39:43Z,79.0,Charge 6
2025-11-12T22:39:45Z,78.0,Charge 6
2025-11-12T22:39:48Z,78.0,Charge 6
2025-11-12T22:39:51Z,79.0,Charge 6
2025-11-12T22:39:53Z,80.0,Charge 6
2025-11-12T22:39:56Z,80.0,Charge 6
2025-11-12T22:39:59Z,80.0,Charge 6
2025-11-12T22:40:01Z,80.0,Charge 6
2025-11-12T22:40:04Z,80.0,Charge 6
2025-11-12T22:40:05Z,79.0,Charge 6
2025-11-12T22:40:06Z,78.0,Charge 6
2025-11-12T22:40:08Z,78.0,Charge 6
2025-11-12T22:40:10Z,81.0,Charge 6
2025-11-12T22:40:12Z,85.0,Charge 6
2025-11-12T22:40:14Z,82.0,Charge 6
2025-11-12T22:40:16Z,78.0,Charge 6
2025-11-12T22:40:18Z,77.0,Charge 6
2025-11-12T22:40:21Z,77.0,Charge 6
2025-11-12T22:40:22Z,76.0,Charge 6
2025-11-12T22:40:24Z,74.0,Charge 6
2025-11-12T22:40:26Z,76.0,Charge 6
2025-11-12T22:40:28Z,77.0,Charge 6
2025-11-12T22:40:29Z,78.0,Charge 6
2025-11-12T22:40:32Z,78.0,Charge 6
2025-11-12T22:40:33Z,77.0,Charge 6
2025-11-12T22:40:35Z,78.0,Charge 6
2025-11-12T22:40:37Z,80.0,Charge 6
2025-11-12T22:40:39Z,80.0,Charge 6
2025-11-12T22:40:41Z,80.0,Charge 6
2025-11-12T22:40:43Z,79.0,Charge 6
2025-11-12T22:40:45Z,80.0,Charge 6
2025-11-12T22:40:47Z,80.0,Charge 6
2025-11-12T22:40:50Z,80.0,Charge 6
2025-11-12T22:40:53Z,81.0,Charge 6
2025-11-12T22:40:54Z,82.0,Charge 6
2025-11-12T22:40:56Z,80.0,Charge 6
2025-11-12T22:40:59Z,80.0,Charge 6
2025-11-12T22:41:02Z,80.0,Charge 6
2025-11-12T22:41:05Z,80.0,Charge 6
2025-11-12T22:41:06Z,80.0,Charge 6
2025-11-12T22:41:09Z,80.0,Charge 6
2025-11-12T22:41:12Z,82.0,Charge 6
2025-11-12T22:41:15Z,82.0,Charge 6
2025-11-12T22:41:18Z,82.0,Charge 6
2025-11-12T22:41:21Z,82.0,Charge 6
2025-11-12T22:41:23Z,80.0,Charge 6
2025-11-12T22:41:25Z,80.0,Charge 6
2025-11-12T22:41:28Z,80.0,Charge 6
2025-11-12T22:41:31Z,80.0,Charge 6
2025-11-12T22:41:33Z,78.0,Charge 6
2025-11-12T22:41:36Z,78.0,Charge 6
2025-11-12T22:41:39Z,78.0,Charge 6
2025-11-12T22:41:42Z,78.0,Charge 6
2025-11-12T22:41:44Z,79.0,Charge 6
2025-11-12T22:41:47Z,79.0,Charge 6
2025-11-12T22:41:48Z,78.0,Charge 6
2025-11-12T22:41:50Z,79.0,Charge 6
2025-11-12T22:41:52Z,83.0,Charge 6
2025-11-12T22:41:54Z,84.0,Charge 6
2025-11-12T22:41:56Z,86.0,Charge 6
2025-11-12T22:41:58Z,83.0,Charge 6
2025-11-12T22:42:01Z,83.0,Charge 6
2025-11-12T22:42:02Z,86.0,Charge 6
2025-11-12T22:42:04Z,88.0,Charge 6
2025-11-12T22:42:07Z,85.0,Charge 6
2025-11-12T22:42:09Z,83.0,Charge 6
2025-11-12T22:42:12Z,83.0,Charge 6
2025-11-12T22:42:15Z,82.0,Charge 6
2025-11-12T22:42:17Z,80.0,Charge 6
2025-11-12T22:42:20Z,80.0,Charge 6
2025-11-12T22:42:23Z,80.0,Charge 6
2025-11-12T22:42:26Z,80.0,Charge 6
2025-11-12T22:42:29Z,80.0,Charge 6
2025-11-12T22:42:32Z,79.0,Charge 6
2025-11-12T22:42:34Z,78.0,Charge 6
2025-11-12T22:42:36Z,78.0,Charge 6
2025-11-12T22:42:38Z,78.0,Charge 6
2025-11-12T22:42:41Z,78.0,Charge 6
2025-11-12T22:42:42Z,79.0,Charge 6
2025-11-12T22:42:45Z,79.0,Charge 6
2025-11-12T22:42:46Z,80.0,Charge 6
2025-11-12T22:42:49Z,80.0,Charge 6
2025-11-12T22:42:50Z,82.0,Charge 6
2025-11-12T22:42:53Z,83.0,Charge 6
2025-11-12T22:42:56Z,83.0,Charge 6
2025-11-12T22:42:59Z,83.0,Charge 6
2025-11-12T22:43:01Z,83.0,Charge 6
2025-11-12T22:43:04Z,83.0,Charge 6
2025-11-12T22:43:07Z,82.0,Charge 6
2025-11-12T22:43:10Z,82.0,Charge 6
2025-11-12T22:43:13Z,81.0,Charge 6
2025-11-12T22:43:15Z,80.0,Charge 6
2025-11-12T22:43:18Z,80.0,Charge 6
2025-11-12T22:43:21Z,80.0,Charge 6
2025-11-12T22:43:24Z,80.0,Charge 6
2025-11-12T22:43:26Z,79.0,Charge 6
2025-11-12T22:43:28Z,80.0,Charge 6
2025-11-12T22:43:30Z,81.0,Charge 6
2025-11-12T22:43:32Z,82.0,Charge 6
2025-11-12T22:43:34Z,81.0,Charge 6
2025-11-12T22:43:36Z,80.0,Charge 6
2025-11-12T22:43:38Z,80.0,Charge 6
2025-11-12T22:43:40Z,81.0,Charge 6
2025-11-12T22:43:41Z,82.0,Charge 6
2025-11-12T22:43:44Z,82.0,Charge 6
2025-11-12T22:43:47Z,82.0,Charge 6
2025-11-12T22:43:49Z,82.0,Charge 6
2025-11-12T22:43:52Z,82.0,Charge 6
2025-11-12T22:43:55Z,82.0,Charge 6
2025-11-12T22:43:58Z,82.0,Charge 6
2025-11-12T22:43:59Z,83.0,Charge 6
2025-11-12T22:44:01Z,84.0,Charge 6
2025-11-12T22:44:03Z,83.0,Charge 6
2025-11-12T22:44:05Z,82.0,Charge 6
2025-11-12T22:44:08Z,82.0,Charge 6
2025-11-12T22:44:10Z,82.0,Charge 6
2025-11-12T22:44:13Z,82.0,Charge 6
2025-11-12T22:44:14Z,82.0,Charge 6
2025-11-12T22:44:17Z,82.0,Charge 6
2025-11-12T22:44:18Z,81.0,Charge 6
2025-11-12T22:44:20Z,82.0,Charge 6
2025-11-12T22:44:23Z,82.0,Charge 6
2025-11-12T22:44:24Z,83.0,Charge 6
2025-11-12T22:44:27Z,83.0,Charge 6
2025-11-12T22:44:28Z,82.0,Charge 6
2025-11-12T22:44:29Z,80.0,Charge 6
2025-11-12T22:44:31Z,81.0,Charge 6
2025-11-12T22:44:33Z,80.0,Charge 6
2025-11-12T22:44:35Z,81.0,Charge 6
2025-11-12T22:44:37Z,82.0,Charge 6
2025-11-12T22:44:39Z,81.0,Charge 6
2025-11-12T22:44:41Z,82.0,Charge 6
2025-11-12T22:44:44Z,82.0,Charge 6
2025-11-12T22:44:45Z,83.0,Charge 6
2025-11-12T22:44:47Z,82.0,Charge 6
2025-11-12T22:44:50Z,82.0,Charge 6
2025-11-12T22:44:53Z,83.0,Charge 6
2025-11-12T22:44:56Z,82.0,Charge 6
2025-11-12T22:44:59Z,82.0,Charge 6
2025-11-12T22:45:00Z,84.0,Charge 6
2025-11-12T22:45:02Z,83.0,Charge 6
2025-11-12T22:45:04Z,82.0,Charge 6
2025-11-12T22:45:07Z,82.0,Charge 6
2025-11-12T22:45:10Z,82.0,Charge 6
2025-11-12T22:45:13Z,82.0,Charge 6
2025-11-12T22:45:16Z,82.0,Charge 6
2025-11-12T22:45:19Z,82.0,Charge 6
2025-11-12T22:45:21Z,81.0,Charge 6
2025-11-12T22:45:24Z,81.0,Charge 6
2025-11-12T22:45:25Z,84.0,Charge 6
2025-11-12T22:45:27Z,85.0,Charge 6
2025-11-12T22:45:29Z,87.0,Charge 6
2025-11-12T22:45:31Z,90.0,Charge 6
2025-11-12T22:45:33Z,93.0,Charge 6
2025-11-12T22:45:35Z,101.0,Charge 6
2025-11-12T22:45:37Z,97.0,Charge 6
2025-11-12T22:45:39Z,95.0,Charge 6
2025-11-12T22:45:42Z,87.0,Charge 6
2025-11-12T22:45:45Z,87.0,Charge 6
2025-11-12T22:45:46Z,85.0,Charge 6
2025-11-12T22:45:48Z,84.0,Charge 6
2025-11-12T22:45:50Z,81.0,Charge 6
2025-11-12T22:45:52Z,83.0,Charge 6
2025-11-12T22:45:54Z,85.0,Charge 6
2025-11-12T22:45:56Z,86.0,Charge 6
2025-11-12T22:45:59Z,86.0,Charge 6
2025-11-12T22:46:02Z,87.0,Charge 6
2025-11-12T22:46:05Z,89.0,Charge 6
2025-11-12T22:46:07Z,88.0,Charge 6
2025-11-12T22:46:09Z,86.0,Charge 6
2025-11-12T22:46:11Z,87.0,Charge 6
2025-11-12T22:46:13Z,89.0,Charge 6
2025-11-12T22:46:15Z,87.0,Charge 6
2025-11-12T22:46:18Z,87.0,Charge 6
2025-11-12T22:46:19Z,88.0,Charge 6
2025-11-12T22:46:21Z,86.0,Charge 6
2025-11-12T22:46:23Z,85.0,Charge 6
2025-11-12T22:46:25Z,86.0,Charge 6
2025-11-12T22:46:27Z,87.0,Charge 6
2025-11-12T22:46:29Z,89.0,Charge 6
2025-11-12T22:46:30Z,97.0,Charge 6
2025-11-12T22:46:32Z,93.0,Charge 6
2025-11-12T22:46:34Z,94.0,Charge 6
2025-11-12T22:46:36Z,96.0,Charge 6
2025-11-12T22:46:39Z,96.0,Charge 6
2025-11-12T22:46:40Z,93.0,Charge 6
2025-11-12T22:46:42Z,89.0,Charge 6
2025-11-12T22:46:44Z,87.0,Charge 6
2025-11-12T22:46:46Z,87.0,Charge 6
2025-11-12T22:46:48Z,88.0,Charge 6
2025-11-12T22:46:51Z,88.0,Charge 6
2025-11-12T22:46:52Z,87.0,Charge 6
2025-11-12T22:46:53Z,86.0,Charge 6
2025-11-12T22:46:56Z,86.0,Charge 6
2025-11-12T22:46:59Z,85.0,Charge 6
2025-11-12T22:47:01Z,84.0,Charge 6
2025-11-12T22:47:03Z,83.0,Charge 6
2025-11-12T22:47:05Z,82.0,Charge 6
2025-11-12T22:47:08Z,82.0,Charge 6
2025-11-12T22:47:09Z,81.0,Charge 6
2025-11-12T22:47:11Z,80.0,Charge 6
2025-11-12T22:47:13Z,80.0,Charge 6
2025-11-12T22:47:16Z,80.0,Charge 6
2025-11-12T22:47:18Z,80.0,Charge 6
2025-11-12T22:47:20Z,80.0,Charge 6
2025-11-12T22:47:23Z,80.0,Charge 6
2025-11-12T22:47:24Z,79.0,Charge 6
2025-11-12T22:47:27Z,79.0,Charge 6
2025-11-12T22:47:28Z,80.0,Charge 6
2025-11-12T22:47:30Z,80.0,Charge 6
2025-11-12T22:47:32Z,82.0,Charge 6
2025-11-12T22:47:34Z,81.0,Charge 6
2025-11-12T22:47:36Z,80.0,Charge 6
2025-11-12T22:47:38Z,81.0,Charge 6
2025-11-12T22:47:40Z,82.0,Charge 6
2025-11-12T22:47:43Z,84.0,Charge 6
2025-11-12T22:47:46Z,84.0,Charge 6
2025-11-12T22:47:49Z,84.0,Charge 6
2025-11-12T22:47:52Z,84.0,Charge 6
2025-11-12T22:47:55Z,84.0,Charge 6
2025-11-12T22:47:58Z,84.0,Charge 6
2025-11-12T22:48:01Z,82.0,Charge 6
2025-11-12T22:48:03Z,82.0,Charge 6
2025-11-12T22:48:05Z,81.0,Charge 6
2025-11-12T22:48:08Z,82.0,Charge 6
2025-11-12T22:48:11Z,82.0,Charge 6
2025-11-12T22:48:12Z,81.0,Charge 6
2025-11-12T22:48:15Z,81.0,Charge 6
2025-11-12T22:48:18Z,83.0,Charge 6
2025-11-12T22:48:20Z,84.0,Charge 6
2025-11-12T22:48:22Z,83.0,Charge 6
2025-11-12T22:48:24Z,82.0,Charge 6
2025-11-12T22:48:26Z,83.0,Charge 6
2025-11-12T22:48:28Z,82.0,Charge 6
2025-11-12T22:48:29Z,82.0,Charge 6
2025-11-12T22:48:32Z,82.0,Charge 6
2025-11-12T22:48:33Z,82.0,Charge 6
2025-11-12T22:48:36Z,82.0,Charge 6
2025-11-12T22:48:39Z,81.0,Charge 6
2025-11-12T22:48:42Z,81.0,Charge 6
2025-11-12T22:48:45Z,81.0,Charge 6
2025-11-12T22:48:47Z,82.0,Charge 6
2025-11-12T22:48:49Z,83.0,Charge 6
2025-11-12T22:48:51Z,85.0,Charge 6
2025-11-12T22:48:53Z,86.0,Charge 6
2025-11-12T22:48:54Z,88.0,Charge 6
2025-11-12T22:48:56Z,89.0,Charge 6
2025-11-12T22:48:58Z,90.0,Charge 6
2025-11-12T22:49:00Z,92.0,Charge 6
2025-11-12T22:49:02Z,95.0,Charge 6
2025-11-12T22:49:04Z,92.0,Charge 6
2025-11-12T22:49:07Z,92.0,Charge 6
2025-11-12T22:49:10Z,90.0,Charge 6
2025-11-12T22:49:13Z,90.0,Charge 6
2025-11-12T22:49:14Z,88.0,Charge 6
2025-11-12T22:49:17Z,89.0,Charge 6
2025-11-12T22:49:19Z,90.0,Charge 6
2025-11-12T22:49:22Z,90.0,Charge 6
2025-11-12T22:49:23Z,92.0,Charge 6
2025-11-12T22:49:26Z,92.0,Charge 6
2025-11-12T22:49:27Z,91.0,Charge 6
2025-11-12T22:49:29Z,90.0,Charge 6
2025-11-12T22:49:31Z,90.0,Charge 6
2025-11-12T22:49:33Z,91.0,Charge 6
2025-11-12T22:49:36Z,91.0,Charge 6
2025-11-12T22:49:39Z,93.0,Charge 6
2025-11-12T22:49:41Z,94.0,Charge 6
2025-11-12T22:49:44Z,94.0,Charge 6
2025-11-12T22:49:46Z,94.0,Charge 6
2025-11-12T22:49:48Z,92.0,Charge 6
2025-11-12T22:49:50Z,91.0,Charge 6
2025-11-12T22:49:52Z,91.0,Charge 6
2025-11-12T22:49:54Z,91.0,Charge 6
2025-11-12T22:49:56Z,90.0,Charge 6
2025-11-12T22:49:59Z,90.0,Charge 6
2025-11-12T22:50:00Z,91.0,Charge 6
2025-11-12T22:50:02Z,90.0,Charge 6
2025-11-12T22:50:05Z,90.0,Charge 6
2025-11-12T22:50:07Z,89.0,Charge 6
2025-11-12T22:50:09Z,86.0,Charge 6
2025-11-12T22:50:11Z,85.0,Charge 6
2025-11-12T22:50:14Z,85.0,Charge 6
2025-11-12T22:50:15Z,86.0,Charge 6
2025-11-12T22:50:17Z,88.0,Charge 6
2025-11-12T22:50:20Z,88.0,Charge 6
2025-11-12T22:50:23Z,88.0,Charge 6
2025-11-12T22:50:25Z,90.0,Charge 6
2025-11-12T22:50:27Z,91.0,Charge 6
2025-11-12T22:50:29Z,92.0,Charge 6
2025-11-12T22:50:30Z,93.0,Charge 6
2025-11-12T22:50:32Z,92.0,Charge 6
2025-11-12T22:50:35Z,92.0,Charge 6
2025-11-12T22:50:36Z,93.0,Charge 6
2025-11-12T22:50:38Z,92.0,Charge 6
2025-11-12T22:50:40Z,91.0,Charge 6
2025-11-12T22:50:42Z,89.0,Charge 6
2025-11-12T22:50:44Z,90.0,Charge 6
2025-11-12T22:50:46Z,92.0,Charge 6
2025-11-12T22:50:48Z,91.0,Charge 6
2025-11-12T22:50:50Z,90.0,Charge 6
2025-11-12T22:50:53Z,91.0,Charge 6
2025-11-12T22:50:55Z,92.0,Charge 6
2025-11-12T22:50:57Z,94.0,Charge 6
2025-11-12T22:50:59Z,95.0,Charge 6
2025-11-12T22:51:01Z,94.0,Charge 6
2025-11-12T22:51:03Z,93.0,Charge 6
2025-11-12T22:51:05Z,93.0,Charge 6
2025-11-12T22:51:07Z,91.0,Charge 6
2025-11-12T22:51:09Z,89.0,Charge 6
2025-11-12T22:51:11Z,86.0,Charge 6
2025-11-12T22:51:13Z,85.0,Charge 6
2025-11-12T22:51:15Z,86.0,Charge 6
2025-11-12T22:51:17Z,87.0,Charge 6
2025-11-12T22:51:18Z,91.0,Charge 6
2025-11-12T22:51:20Z,97.0,Charge 6
2025-11-12T22:51:22Z,100.0,Charge 6
2025-11-12T22:51:24Z,102.0,Charge 6
2025-11-12T22:51:26Z,104.0,Charge 6
2025-11-12T22:51:28Z,102.0,Charge 6
2025-11-12T22:51:30Z,101.0,Charge 6
2025-11-12T22:51:32Z,99.0,Charge 6
2025-11-12T22:51:34Z,98.0,Charge 6
2025-11-12T22:51:36Z,97.0,Charge 6
2025-11-12T22:51:39Z,97.0,Charge 6
2025-11-12T22:51:40Z,98.0,Charge 6
2025-11-12T22:51:43Z,98.0,Charge 6
2025-11-12T22:51:46Z,98.0,Charge 6
2025-11-12T22:51:49Z,97.0,Charge 6
2025-11-12T22:51:51Z,96.0,Charge 6
2025-11-12T22:51:53Z,95.0,Charge 6
2025-11-12T22:51:55Z,93.0,Charge 6
2025-11-12T22:51:57Z,96.0,Charge 6
2025-11-12T22:51:59Z,101.0,Charge 6
2025-11-12T22:52:02Z,101.0,Charge 6
2025-11-12T22:52:03Z,99.0,Charge 6
2025-11-12T22:52:05Z,98.0,Charge 6
2025-11-12T22:52:06Z,97.0,Charge 6
2025-11-12T22:52:09Z,97.0,Charge 6
2025-11-12T22:52:12Z,98.0,Charge 6
2025-11-12T22:52:14Z,99.0,Charge 6
2025-11-12T22:52:16Z,101.0,Charge 6
2025-11-12T22:52:18Z,102.0,Charge 6
2025-11-12T22:52:20Z,103.0,Charge 6
2025-11-12T22:52:22Z,103.0,Charge 6
2025-11-12T22:52:24Z,103.0,Charge 6
2025-11-12T22:52:26Z,102.0,Charge 6
2025-11-12T22:52:28Z,99.0,Charge 6
2025-11-12T22:52:29Z,97.0,Charge 6
2025-11-12T22:52:31Z,98.0,Charge 6
2025-11-12T22:52:34Z,98.0,Charge 6
2025-11-12T22:52:35Z,97.0,Charge 6
2025-11-12T22:52:37Z,99.0,Charge 6
2025-11-12T22:52:40Z,99.0,Charge 6
2025-11-12T22:52:41Z,101.0,Charge 6
2025-11-12T22:52:43Z,102.0,Charge 6
2025-11-12T22:52:46Z,102.0,Charge 6
2025-11-12T22:52:47Z,103.0,Charge 6
2025-11-12T22:52:49Z,104.0,Charge 6
2025-11-12T22:52:51Z,106.0,Charge 6
2025-11-12T22:52:53Z,104.0,Charge 6
2025-11-12T22:52:54Z,102.0,Charge 6
2025-11-12T22:52:57Z,102.0,Charge 6
2025-11-12T22:53:00Z,104.0,Charge 6
2025-11-12T22:53:03Z,104.0,Charge 6
2025-11-12T22:53:04Z,103.0,Charge 6
2025-11-12T22:53:07Z,103.0,Charge 6
2025-11-12T22:53:10Z,103.0,Charge 6
2025-11-12T22:53:12Z,102.0,Charge 6
2025-11-12T22:53:14Z,100.0,Charge 6
2025-11-12T22:53:17Z,100.0,Charge 6
2025-11-12T22:53:19Z,96.0,Charge 6
2025-11-12T22:53:21Z,95.0,Charge 6
2025-11-12T22:53:23Z,92.0,Charge 6
2025-11-12T22:53:25Z,90.0,Charge 6
2025-11-12T22:53:27Z,91.0,Charge 6
2025-11-12T22:53:29Z,93.0,Charge 6
2025-11-12T22:53:32Z,93.0,Charge 6
2025-11-12T22:53:35Z,94.0,Charge 6
2025-11-12T22:53:37Z,93.0,Charge 6
2025-11-12T22:53:39Z,91.0,Charge 6
2025-11-12T22:53:41Z,90.0,Charge 6
2025-11-12T22:53:42Z,88.0,Charge 6
2025-11-12T22:53:44Z,87.0,Charge 6
2025-11-12T22:53:47Z,87.0,Charge 6
2025-11-12T22:53:48Z,86.0,Charge 6
2025-11-12T22:53:50Z,84.0,Charge 6
2025-11-12T22:53:52Z,84.0,Charge 6
2025-11-12T22:53:54Z,86.0,Charge 6
2025-11-12T22:53:56Z,84.0,Charge 6
2025-11-12T22:53:58Z,83.0,Charge 6
2025-11-12T22:54:00Z,83.0,Charge 6
2025-11-12T22:54:02Z,85.0,Charge 6
2025-11-12T22:54:04Z,87.0,Charge 6
2025-11-12T22:54:05Z,88.0,Charge 6
2025-11-12T22:54:08Z,88.0,Charge 6
2025-11-12T22:54:09Z,90.0,Charge 6
2025-11-12T22:54:12Z,90.0,Charge 6
2025-11-12T22:54:13Z,90.0,Charge 6
2025-11-12T22:54:15Z,91.0,Charge 6
2025-11-12T22:54:17Z,89.0,Charge 6
2025-11-12T22:54:19Z,88.0,Charge 6
2025-11-12T22:54:21Z,86.0,Charge 6
2025-11-12T22:54:24Z,86.0,Charge 6
2025-11-12T22:54:27Z,86.0,Charge 6
2025-11-12T22:54:30Z,86.0,Charge 6
2025-11-12T22:54:32Z,88.0,Charge 6
2025-11-12T22:54:34Z,89.0,Charge 6
2025-11-12T22:54:37Z,89.0,Charge 6
2025-11-12T22:54:38Z,86.0,Charge 6
2025-11-12T22:54:40Z,84.0,Charge 6
2025-11-12T22:54:42Z,82.0,Charge 6
2025-11-12T22:54:45Z,82.0,Charge 6
2025-11-12T22:54:46Z,81.0,Charge 6
2025-11-12T22:54:48Z,80.0,Charge 6
2025-11-12T22:54:50Z,82.0,Charge 6
2025-11-12T22:54:52Z,84.0,Charge 6
2025-11-12T22:54:55Z,84.0,Charge 6
2025-11-12T22:54:58Z,84.0,Charge 6
2025-11-12T22:55:01Z,84.0,Charge 6
2025-11-12T22:55:04Z,85.0,Charge 6
2025-11-12T22:55:06Z,86.0,Charge 6
2025-11-12T22:55:08Z,87.0,Charge 6
2025-11-12T22:55:10Z,86.0,Charge 6
2025-11-12T22:55:13Z,86.0,Charge 6
2025-11-12T22:55:16Z,86.0,Charge 6
2025-11-12T22:55:17Z,86.0,Charge 6
2025-11-12T22:55:19Z,85.0,Charge 6
2025-11-12T22:55:22Z,85.0,Charge 6
2025-11-12T22:55:23Z,85.0,Charge 6
2025-11-12T22:55:25Z,86.0,Charge 6
2025-11-12T22:55:27Z,88.0,Charge 6
2025-11-12T22:55:29Z,87.0,Charge 6
2025-11-12T22:55:31Z,86.0,Charge 6
2025-11-12T22:55:33Z,87.0,Charge 6
2025-11-12T22:55:35Z,89.0,Charge 6
2025-11-12T22:55:38Z,88.0,Charge 6
2025-11-12T22:55:40Z,90.0,Charge 6
2025-11-12T22:55:42Z,92.0,Charge 6
2025-11-12T22:55:44Z,90.0,Charge 6
2025-11-12T22:55:46Z,89.0,Charge 6
2025-11-12T22:55:48Z,89.0,Charge 6
2025-11-12T22:55:50Z,88.0,Charge 6
2025-11-12T22:55:52Z,88.0,Charge 6
2025-11-12T22:55:54Z,84.0,Charge 6
2025-11-12T22:55:56Z,83.0,Charge 6
2025-11-12T22:55:58Z,84.0,Charge 6
2025-11-12T22:56:00Z,85.0,Charge 6
2025-11-12T22:56:03Z,84.0,Charge 6
2025-11-12T22:56:06Z,84.0,Charge 6
2025-11-12T22:56:07Z,83.0,Charge 6
2025-11-12T22:56:09Z,84.0,Charge 6
2025-11-12T22:56:11Z,84.0,Charge 6
2025-11-12T22:56:13Z,84.0,Charge 6
2025-11-12T22:56:16Z,84.0,Charge 6
2025-11-12T22:56:17Z,85.0,Charge 6
2025-11-12T22:56:19Z,86.0,Charge 6
2025-11-12T22:56:21Z,88.0,Charge 6
2025-11-12T22:56:24Z,88.0,Charge 6
2025-11-12T22:56:26Z,90.0,Charge 6
2025-11-12T22:56:28Z,91.0,Charge 6
2025-11-12T22:56:30Z,92.0,Charge 6
2025-11-12T22:56:32Z,91.0,Charge 6
2025-11-12T22:56:34Z,88.0,Charge 6
2025-11-12T22:56:36Z,86.0,Charge 6
2025-11-12T22:56:39Z,86.0,Charge 6
2025-11-12T22:56:40Z,85.0,Charge 6
2025-11-12T22:56:42Z,84.0,Charge 6
2025-11-12T22:56:45Z,84.0,Charge 6
2025-11-12T22:56:46Z,85.0,Charge 6
2025-11-12T22:56:49Z,85.0,Charge 6
2025-11-12T22:56:50Z,84.0,Charge 6
2025-11-12T22:56:53Z,84.0,Charge 6
2025-11-12T22:56:55Z,85.0,Charge 6
2025-11-12T22:56:57Z,86.0,Charge 6
2025-11-12T22:56:59Z,86.0,Charge 6
2025-11-12T22:57:01Z,84.0,Charge 6
2025-11-12T22:57:03Z,83.0,Charge 6
2025-11-12T22:57:05Z,82.0,Charge 6
2025-11-12T22:57:07Z,84.0,Charge 6
2025-11-12T22:57:09Z,85.0,Charge 6
2025-11-12T22:57:11Z,87.0,Charge 6
2025-11-12T22:57:13Z,88.0,Charge 6
2025-11-12T22:57:16Z,88.0,Charge 6
2025-11-12T22:57:18Z,90.0,Charge 6
2025-11-12T22:57:21Z,90.0,Charge 6
2025-11-12T22:57:22Z,88.0,Charge 6
2025-11-12T22:57:24Z,87.0,Charge 6
2025-11-12T22:57:26Z,86.0,Charge 6
2025-11-12T22:57:28Z,87.0,Charge 6
2025-11-12T22:57:30Z,88.0,Charge 6
2025-11-12T22:57:32Z,88.0,Charge 6
2025-11-12T22:57:34Z,85.0,Charge 6
2025-11-12T22:57:36Z,84.0,Charge 6
2025-11-12T22:57:39Z,85.0,Charge 6
2025-11-12T22:57:41Z,86.0,Charge 6
2025-11-12T22:57:43Z,84.0,Charge 6
2025-11-12T22:57:46Z,84.0,Charge 6
2025-11-12T22:57:49Z,84.0,Charge 6
2025-11-12T22:57:52Z,84.0,Charge 6
2025-11-12T22:57:53Z,83.0,Charge 6
2025-11-12T22:57:56Z,83.0,Charge 6
2025-11-12T22:57:59Z,83.0,Charge 6
2025-11-12T22:58:02Z,83.0,Charge 6
2025-11-12T22:58:05Z,83.0,Charge 6
2025-11-12T22:58:06Z,84.0,Charge 6
2025-11-12T22:58:08Z,84.0,Charge 6
2025-11-12T22:58:10Z,84.0,Charge 6
2025-11-12T22:58:12Z,85.0,Charge 6
2025-11-12T22:58:14Z,86.0,Charge 6
2025-11-12T22:58:17Z,86.0,Charge 6
2025-11-12T22:58:20Z,86.0,Charge 6
2025-11-12T22:58:23Z,86.0,Charge 6
2025-11-12T22:58:24Z,86.0,Charge 6
2025-11-12T22:58:27Z,86.0,Charge 6
2025-11-12T22:58:30Z,86.0,Charge 6
2025-11-12T22:58:33Z,86.0,Charge 6
2025-11-12T22:58:35Z,85.0,Charge 6
2025-11-12T22:58:37Z,86.0,Charge 6
2025-11-12T22:58:40Z,86.0,Charge 6
2025-11-12T22:58:43Z,86.0,Charge 6
2025-11-12T22:58:46Z,86.0,Charge 6
2025-11-12T22:58:47Z,87.0,Charge 6
2025-11-12T22:58:49Z,88.0,Charge 6
2025-11-12T22:58:50Z,88.0,Charge 6
2025-11-12T22:58:53Z,88.0,Charge 6
2025-11-12T22:58:56Z,88.0,Charge 6
2025-11-12T22:58:58Z,86.0,Charge 6
2025-11-12T22:59:00Z,86.0,Charge 6
2025-11-12T22:59:03Z,86.0,Charge 6
2025-11-12T22:59:04Z,87.0,Charge 6
2025-11-12T22:59:06Z,86.0,Charge 6
2025-11-12T22:59:09Z,86.0,Charge 6
2025-11-12T22:59:10Z,85.0,Charge 6
2025-11-12T22:59:12Z,85.0,Charge 6
2025-11-12T22:59:14Z,86.0,Charge 6
2025-11-12T22:59:15Z,86.0,Charge 6
2025-11-12T22:59:17Z,87.0,Charge 6
2025-11-12T22:59:19Z,86.0,Charge 6
2025-11-12T22:59:21Z,85.0,Charge 6
2025-11-12T22:59:24Z,85.0,Charge 6
2025-11-12T22:59:25Z,84.0,Charge 6
2025-11-12T22:59:27Z,84.0,Charge 6
2025-11-12T22:59:29Z,85.0,Charge 6
2025-11-12T22:59:31Z,84.0,Charge 6
2025-11-12T22:59:34Z,84.0,Charge 6
2025-11-12T22:59:37Z,83.0,Charge 6
2025-11-12T22:59:38Z,82.0,Charge 6
2025-11-12T22:59:41Z,82.0,Charge 6
2025-11-12T22:59:44Z,82.0,Charge 6
2025-11-12T22:59:47Z,82.0,Charge 6
2025-11-12T22:59:50Z,83.0,Charge 6
2025-11-12T22:59:52Z,84.0,Charge 6
2025-11-12T22:59:55Z,84.0,Charge 6
2025-11-12T22:59:58Z,82.0,Charge 6
2025-11-12T23:00:01Z,82.0,Charge 6
2025-11-12T23:00:03Z,83.0,Charge 6
2025-11-12T23:00:05Z,85.0,Charge 6
2025-11-12T23:00:07Z,86.0,Charge 6
2025-11-12T23:00:09Z,87.0,Charge 6
2025-11-12T23:00:11Z,86.0,Charge 6
2025-11-12T23:00:13Z,84.0,Charge 6
2025-11-12T23:00:15Z,85.0,Charge 6
2025-11-12T23:00:17Z,86.0,Charge 6
2025-11-12T23:00:19Z,86.0,Charge 6
2025-11-12T23:00:22Z,86.0,Charge 6
2025-11-12T23:00:25Z,86.0,Charge 6
2025-11-12T23:00:28Z,86.0,Charge 6
2025-11-12T23:00:31Z,86.0,Charge 6
2025-11-12T23:00:34Z,84.0,Charge 6
2025-11-12T23:00:37Z,84.0,Charge 6
2025-11-12T23:00:40Z,84.0,Charge 6
2025-11-12T23:00:43Z,84.0,Charge 6
2025-11-12T23:00:46Z,84.0,Charge 6
2025-11-12T23:00:49Z,84.0,Charge 6
2025-11-12T23:00:50Z,85.0,Charge 6
2025-11-12T23:00:51Z,86.0,Charge 6
2025-11-12T23:00:54Z,86.0,Charge 6
2025-11-12T23:00:57Z,88.0,Charge 6
2025-11-12T23:01:00Z,88.0,Charge 6
2025-11-12T23:01:01Z,87.0,Charge 6
2025-11-12T23:01:03Z,86.0,Charge 6
2025-11-12T23:01:06Z,86.0,Charge 6
2025-11-12T23:01:09Z,86.0,Charge 6
2025-11-12T23:01:12Z,86.0,Charge 6
2025-11-12T23:01:14Z,87.0,Charge 6
2025-11-12T23:01:16Z,86.0,Charge 6
2025-11-12T23:01:18Z,87.0,Charge 6
2025-11-12T23:01:20Z,87.0,Charge 6
2025-11-12T23:01:23Z,87.0,Charge 6
2025-11-12T23:01:24Z,88.0,Charge 6
2025-11-12T23:01:26Z,90.0,Charge 6
2025-11-12T23:01:29Z,90.0,Charge 6
2025-11-12T23:01:32Z,90.0,Charge 6
2025-11-12T23:01:35Z,90.0,Charge 6
2025-11-12T23:01:38Z,90.0,Charge 6
2025-11-12T23:01:39Z,89.0,Charge 6
2025-11-12T23:01:41Z,88.0,Charge 6
2025-11-12T23:01:44Z,88.0,Charge 6
2025-11-12T23:01:45Z,87.0,Charge 6
2025-11-12T23:01:47Z,86.0,Charge 6
2025-11-12T23:01:49Z,85.0,Charge 6
2025-11-12T23:01:52Z,85.0,Charge 6
2025-11-12T23:01:53Z,87.0,Charge 6
2025-11-12T23:01:55Z,88.0,Charge 6
2025-11-12T23:01:58Z,88.0,Charge 6
2025-11-12T23:01:59Z,87.0,Charge 6
2025-11-12T23:02:01Z,86.0,Charge 6
2025-11-12T23:02:04Z,88.0,Charge 6
2025-11-12T23:02:07Z,88.0,Charge 6
2025-11-12T23:02:10Z,88.0,Charge 6
2025-11-12T23:02:12Z,89.0,Charge 6
2025-11-12T23:02:14Z,90.0,Charge 6
2025-11-12T23:02:17Z,90.0,Charge 6
2025-11-12T23:02:20Z,88.0,Charge 6
2025-11-12T23:02:22Z,86.0,Charge 6
2025-11-12T23:02:25Z,86.0,Charge 6
2025-11-12T23:02:27Z,84.0,Charge 6
2025-11-12T23:02:30Z,84.0,Charge 6
2025-11-12T23:02:33Z,84.0,Charge 6
2025-11-12T23:02:36Z,84.0,Charge 6
2025-11-12T23:02:37Z,83.0,Charge 6
2025-11-12T23:02:39Z,83.0,Charge 6
2025-11-12T23:02:41Z,84.0,Charge 6
2025-11-12T23:02:43Z,86.0,Charge 6
2025-11-12T23:02:46Z,86.0,Charge 6
2025-11-12T23:02:47Z,88.0,Charge 6
2025-11-12T23:02:49Z,89.0,Charge 6
2025-11-12T23:02:50Z,90.0,Charge 6
2025-11-12T23:02:52Z,89.0,Charge 6
2025-11-12T23:02:55Z,89.0,Charge 6
2025-11-12T23:02:56Z,87.0,Charge 6
2025-11-12T23:02:58Z,86.0,Charge 6
2025-11-12T23:03:00Z,85.0,Charge 6
2025-11-12T23:03:02Z,84.0,Charge 6
2025-11-12T23:03:04Z,86.0,Charge 6
2025-11-12T23:03:07Z,86.0,Charge 6
2025-11-12T23:03:08Z,88.0,Charge 6
2025-11-12T23:03:10Z,91.0,Charge 6
2025-11-12T23:03:13Z,91.0,Charge 6
2025-11-12T23:03:15Z,90.0,Charge 6
2025-11-12T23:03:17Z,87.0,Charge 6
2025-11-12T23:03:19Z,86.0,Charge 6
2025-11-12T23:03:22Z,86.0,Charge 6
2025-11-12T23:03:25Z,85.0,Charge 6
2025-11-12T23:03:27Z,84.0,Charge 6
2025-11-12T23:03:29Z,84.0,Charge 6
2025-11-12T23:03:31Z,86.0,Charge 6
2025-11-12T23:03:33Z,87.0,Charge 6
2025-11-12T23:03:35Z,86.0,Charge 6
2025-11-12T23:03:37Z,87.0,Charge 6
2025-11-12T23:03:38Z,90.0,Charge 6
2025-11-12T23:03:41Z,90.0,Charge 6
2025-11-12T23:03:44Z,88.0,Charge 6
2025-11-12T23:03:46Z,87.0,Charge 6
2025-11-12T23:03:48Z,89.0,Charge 6
2025-11-12T23:03:50Z,87.0,Charge 6
2025-11-12T23:03:52Z,84.0,Charge 6
2025-11-12T23:03:54Z,83.0,Charge 6
2025-11-12T23:03:56Z,83.0,Charge 6
2025-11-12T23:03:58Z,84.0,Charge 6
2025-11-12T23:04:00Z,85.0,Charge 6
2025-11-12T23:04:02Z,86.0,Charge 6
2025-11-12T23:04:05Z,85.0,Charge 6
2025-11-12T23:04:07Z,84.0,Charge 6
2025-11-12T23:04:10Z,84.0,Charge 6
2025-11-12T23:04:13Z,85.0,Charge 6
2025-11-12T23:04:15Z,86.0,Charge 6
2025-11-12T23:04:18Z,86.0,Charge 6
2025-11-12T23:04:19Z,86.0,Charge 6
2025-11-12T23:04:21Z,85.0,Charge 6
2025-11-12T23:04:23Z,84.0,Charge 6
2025-11-12T23:04:25Z,86.0,Charge 6
2025-11-12T23:04:28Z,86.0,Charge 6
2025-11-12T23:04:31Z,86.0,Charge 6
2025-11-12T23:04:34Z,86.0,Charge 6
2025-11-12T23:04:36Z,88.0,Charge 6
2025-11-12T23:04:39Z,88.0,Charge 6
2025-11-12T23:04:42Z,89.0,Charge 6
2025-11-12T23:04:44Z,91.0,Charge 6
2025-11-12T23:04:46Z,94.0,Charge 6
2025-11-12T23:04:48Z,95.0,Charge 6
2025-11-12T23:04:51Z,92.0,Charge 6
2025-11-12T23:04:53Z,89.0,Charge 6
2025-11-12T23:04:55Z,90.0,Charge 6
2025-11-12T23:04:57Z,91.0,Charge 6
2025-11-12T23:04:59Z,89.0,Charge 6
2025-11-12T23:05:02Z,89.0,Charge 6
2025-11-12T23:05:05Z,91.0,Charge 6
2025-11-12T23:05:07Z,92.0,Charge 6
2025-11-12T23:05:09Z,93.0,Charge 6
2025-11-12T23:05:11Z,94.0,Charge 6
2025-11-12T23:05:14Z,94.0,Charge 6
2025-11-12T23:05:17Z,94.0,Charge 6
2025-11-12T23:05:20Z,94.0,Charge 6
2025-11-12T23:05:23Z,94.0,Charge 6
2025-11-12T23:05:24Z,93.0,Charge 6
2025-11-12T23:05:26Z,95.0,Charge 6
2025-11-12T23:05:28Z,93.0,Charge 6
2025-11-12T23:05:30Z,92.0,Charge 6
2025-11-12T23:05:32Z,91.0,Charge 6
2025-11-12T23:05:34Z,90.0,Charge 6
2025-11-12T23:05:37Z,90.0,Charge 6
2025-11-12T23:05:38Z,92.0,Charge 6
2025-11-12T23:05:41Z,92.0,Charge 6
2025-11-12T23:05:43Z,91.0,Charge 6
2025-11-12T23:05:45Z,90.0,Charge 6
2025-11-12T23:05:48Z,90.0,Charge 6
2025-11-12T23:05:49Z,88.0,Charge 6
2025-11-12T23:05:52Z,88.0,Charge 6
2025-11-12T23:05:53Z,88.0,Charge 6
2025-11-12T23:05:55Z,88.0,Charge 6
2025-11-12T23:05:57Z,88.0,Charge 6
2025-11-12T23:06:00Z,88.0,Charge 6
2025-11-12T23:06:01Z,87.0,Charge 6
2025-11-12T23:06:02Z,86.0,Charge 6
2025-11-12T23:06:04Z,87.0,Charge 6
2025-11-12T23:06:06Z,88.0,Charge 6
2025-11-12T23:06:09Z,88.0,Charge 6
2025-11-12T23:06:12Z,88.0,Charge 6
2025-11-12T23:06:15Z,88.0,Charge 6
2025-11-12T23:06:18Z,88.0,Charge 6
2025-11-12T23:06:21Z,88.0,Charge 6
2025-11-12T23:06:22Z,88.0,Charge 6
2025-11-12T23:06:25Z,88.0,Charge 6
2025-11-12T23:06:26Z,90.0,Charge 6
2025-11-12T23:06:29Z,92.0,Charge 6
2025-11-12T23:06:31Z,93.0,Charge 6
2025-11-12T23:06:33Z,95.0,Charge 6
2025-11-12T23:06:35Z,96.0,Charge 6
2025-11-12T23:06:38Z,96.0,Charge 6
2025-11-12T23:06:39Z,98.0,Charge 6
2025-11-12T23:06:41Z,99.0,Charge 6
2025-11-12T23:06:43Z,98.0,Charge 6
2025-11-12T23:06:45Z,97.0,Charge 6
2025-11-12T23:06:47Z,93.0,Charge 6
2025-11-12T23:06:49Z,90.0,Charge 6
2025-11-12T23:06:50Z,86.0,Charge 6
2025-11-12T23:06:52Z,84.0,Charge 6
2025-11-12T23:06:54Z,83.0,Charge 6
2025-11-12T23:06:56Z,82.0,Charge 6
2025-11-12T23:06:58Z,83.0,Charge 6
2025-11-12T23:07:00Z,84.0,Charge 6
2025-11-12T23:07:02Z,85.0,Charge 6
2025-11-12T23:07:05Z,85.0,Charge 6
2025-11-12T23:07:06Z,84.0,Charge 6
2025-11-12T23:07:09Z,84.0,Charge 6
2025-11-12T23:07:10Z,85.0,Charge 6
2025-11-12T23:07:12Z,86.0,Charge 6
2025-11-12T23:07:14Z,87.0,Charge 6
2025-11-12T23:07:15Z,86.0,Charge 6
2025-11-12T23:07:18Z,86.0,Charge 6
2025-11-12T23:07:19Z,85.0,Charge 6
2025-11-12T23:07:21Z,84.0,Charge 6
2025-11-12T23:07:24Z,84.0,Charge 6
2025-11-12T23:07:27Z,84.0,Charge 6
2025-11-12T23:07:29Z,85.0,Charge 6
2025-11-12T23:07:32Z,85.0,Charge 6
2025-11-12T23:07:33Z,84.0,Charge 6
2025-11-12T23:07:36Z,84.0,Charge 6
2025-11-12T23:07:37Z,85.0,Charge 6
2025-11-12T23:07:38Z,86.0,Charge 6
2025-11-12T23:07:40Z,88.0,Charge 6
2025-11-12T23:07:42Z,91.0,Charge 6
2025-11-12T23:07:44Z,90.0,Charge 6
2025-11-12T23:07:46Z,89.0,Charge 6
2025-11-12T23:07:48Z,88.0,Charge 6
2025-11-12T23:07:50Z,88.0,Charge 6
2025-11-12T23:07:52Z,89.0,Charge 6
2025-11-12T23:07:55Z,89.0,Charge 6
2025-11-12T23:07:58Z,89.0,Charge 6
2025-11-12T23:08:00Z,88.0,Charge 6
2025-11-12T23:08:03Z,88.0,Charge 6
2025-11-12T23:08:05Z,87.0,Charge 6
2025-11-12T23:08:07Z,86.0,Charge 6
2025-11-12T23:08:10Z,86.0,Charge 6
2025-11-12T23:08:11Z,87.0,Charge 6
2025-11-12T23:08:13Z,88.0,Charge 6
2025-11-12T23:08:15Z,88.0,Charge 6
2025-11-12T23:08:17Z,89.0,Charge 6
2025-11-12T23:08:19Z,90.0,Charge 6
2025-11-12T23:08:22Z,90.0,Charge 6
2025-11-12T23:08:23Z,88.0,Charge 6
2025-11-12T23:08:25Z,87.0,Charge 6
2025-11-12T23:08:28Z,87.0,Charge 6
2025-11-12T23:08:30Z,86.0,Charge 6
2025-11-12T23:08:33Z,86.0,Charge 6
2025-11-12T23:08:36Z,86.0,Charge 6
2025-11-12T23:08:38Z,85.0,Charge 6
2025-11-12T23:08:40Z,86.0,Charge 6
2025-11-12T23:08:43Z,86.0,Charge 6
2025-11-12T23:08:46Z,87.0,Charge 6
2025-11-12T23:08:48Z,88.0,Charge 6
2025-11-12T23:08:50Z,87.0,Charge 6
2025-11-12T23:08:53Z,87.0,Charge 6
2025-11-12T23:08:55Z,88.0,Charge 6
2025-11-12T23:08:57Z,87.0,Charge 6
2025-11-12T23:08:59Z,86.0,Charge 6
2025-11-12T23:09:01Z,85.0,Charge 6
2025-11-12T23:09:03Z,86.0,Charge 6
2025-11-12T23:09:06Z,86.0,Charge 6
2025-11-12T23:09:07Z,87.0,Charge 6
2025-11-12T23:09:10Z,87.0,Charge 6
2025-11-12T23:09:11Z,86.0,Charge 6
2025-11-12T23:09:13Z,87.0,Charge 6
2025-11-12T23:09:14Z,85.0,Charge 6
2025-11-12T23:09:16Z,81.0,Charge 6
2025-11-12T23:09:19Z,81.0,Charge 6
2025-11-12T23:09:20Z,85.0,Charge 6
2025-11-12T23:09:22Z,86.0,Charge 6
2025-11-12T23:09:25Z,86.0,Charge 6
2025-11-12T23:09:26Z,87.0,Charge 6
2025-11-12T23:09:28Z,88.0,Charge 6
2025-11-12T23:09:31Z,88.0,Charge 6
2025-11-12T23:09:32Z,88.0,Charge 6
2025-11-12T23:09:34Z,87.0,Charge 6
2025-11-12T23:09:36Z,88.0,Charge 6
2025-11-12T23:09:39Z,88.0,Charge 6
2025-11-12T23:09:42Z,88.0,Charge 6
2025-11-12T23:09:43Z,86.0,Charge 6
2025-11-12T23:09:46Z,86.0,Charge 6
2025-11-12T23:09:47Z,86.0,Charge 6
2025-11-12T23:09:49Z,84.0,Charge 6
2025-11-12T23:09:51Z,84.0,Charge 6
2025-11-12T23:09:53Z,85.0,Charge 6
2025-11-12T23:09:55Z,87.0,Charge 6
2025-11-12T23:09:57Z,89.0,Charge 6
2025-11-12T23:09:59Z,93.0,Charge 6
2025-11-12T23:10:01Z,94.0,Charge 6
2025-11-12T23:10:02Z,95.0,Charge 6
2025-11-12T23:10:05Z,95.0,Charge 6
2025-11-12T23:10:06Z,96.0,Charge 6
2025-11-12T23:10:08Z,96.0,Charge 6
2025-11-12T23:10:10Z,94.0,Charge 6
2025-11-12T23:10:12Z,92.0,Charge 6
2025-11-12T23:10:14Z,91.0,Charge 6
2025-11-12T23:10:17Z,91.0,Charge 6
2025-11-12T23:10:18Z,92.0,Charge 6
2025-11-12T23:10:21Z,92.0,Charge 6
2025-11-12T23:10:22Z,92.0,Charge 6
2025-11-12T23:10:24Z,92.0,Charge 6
2025-11-12T23:10:27Z,92.0,Charge 6
2025-11-12T23:10:29Z,90.0,Charge 6
2025-11-12T23:10:31Z,88.0,Charge 6
2025-11-12T23:10:34Z,88.0,Charge 6
2025-11-12T23:10:37Z,88.0,Charge 6
2025-11-12T23:10:39Z,88.0,Charge 6
2025-11-12T23:10:42Z,88.0,Charge 6
2025-11-12T23:10:45Z,88.0,Charge 6
2025-11-12T23:10:47Z,89.0,Charge 6
2025-11-12T23:10:49Z,88.0,Charge 6
2025-11-12T23:10:50Z,89.0,Charge 6
2025-11-12T23:10:52Z,88.0,Charge 6
2025-11-12T23:10:55Z,88.0,Charge 6
2025-11-12T23:10:58Z,88.0,Charge 6
2025-11-12T23:11:00Z,87.0,Charge 6
2025-11-12T23:11:02Z,86.0,Charge 6
2025-11-12T23:11:05Z,86.0,Charge 6
2025-11-12T23:11:06Z,86.0,Charge 6
2025-11-12T23:11:08Z,87.0,Charge 6
2025-11-12T23:11:10Z,88.0,Charge 6
2025-11-12T23:11:13Z,88.0,Charge 6
2025-11-12T23:11:14Z,89.0,Charge 6
2025-11-12T23:11:17Z,88.0,Charge 6
2025-11-12T23:11:20Z,88.0,Charge 6
2025-11-12T23:11:21Z,87.0,Charge 6
2025-11-12T23:11:23Z,86.0,Charge 6
2025-11-12T23:11:26Z,86.0,Charge 6
2025-11-12T23:11:29Z,86.0,Charge 6
2025-11-12T23:11:31Z,85.0,Charge 6
2025-11-12T23:11:33Z,84.0,Charge 6
2025-11-12T23:11:36Z,84.0,Charge 6
2025-11-12T23:11:37Z,85.0,Charge 6
2025-11-12T23:11:38Z,86.0,Charge 6
2025-11-12T23:11:41Z,86.0,Charge 6
2025-11-12T23:11:42Z,85.0,Charge 6
2025-11-12T23:11:45Z,85.0,Charge 6
2025-11-12T23:11:48Z,85.0,Charge 6
2025-11-12T23:11:50Z,84.0,Charge 6
2025-11-12T23:11:53Z,84.0,Charge 6
2025-11-12T23:11:56Z,85.0,Charge 6
2025-11-12T23:11:58Z,86.0,Charge 6
2025-11-12T23:12:00Z,85.0,Charge 6
2025-11-12T23:12:03Z,86.0,Charge 6
2025-11-12T23:12:05Z,88.0,Charge 6
2025-11-12T23:12:07Z,89.0,Charge 6
2025-11-12T23:12:10Z,89.0,Charge 6
2025-11-12T23:12:11Z,88.0,Charge 6
2025-11-12T23:12:14Z,88.0,Charge 6
2025-11-12T23:12:17Z,88.0,Charge 6
2025-11-12T23:12:20Z,88.0,Charge 6
2025-11-12T23:12:21Z,86.0,Charge 6
2025-11-12T23:12:24Z,86.0,Charge 6
2025-11-12T23:12:25Z,85.0,Charge 6
2025-11-12T23:12:28Z,86.0,Charge 6
2025-11-12T23:12:31Z,86.0,Charge 6
2025-11-12T23:12:34Z,85.0,Charge 6
2025-11-12T23:12:36Z,84.0,Charge 6
2025-11-12T23:12:39Z,84.0,Charge 6
2025-11-12T23:12:42Z,84.0,Charge 6
2025-11-12T23:12:44Z,83.0,Charge 6
2025-11-12T23:12:47Z,83.0,Charge 6
2025-11-12T23:12:48Z,84.0,Charge 6
2025-11-12T23:12:51Z,84.0,Charge 6
2025-11-12T23:12:53Z,83.0,Charge 6
2025-11-12T23:12:55Z,83.0,Charge 6
2025-11-12T23:12:57Z,84.0,Charge 6
2025-11-12T23:13:00Z,84.0,Charge 6
2025-11-12T23:13:03Z,85.0,Charge 6
2025-11-12T23:13:05Z,86.0,Charge 6
2025-11-12T23:13:08Z,86.0,Charge 6
2025-11-12T23:13:09Z,87.0,Charge 6
2025-11-12T23:13:11Z,87.0,Charge 6
2025-11-12T23:13:13Z,86.0,Charge 6
2025-11-12T23:13:14Z,87.0,Charge 6
2025-11-12T23:13:16Z,88.0,Charge 6
2025-11-12T23:13:19Z,88.0,Charge 6
2025-11-12T23:13:20Z,89.0,Charge 6
2025-11-12T23:13:22Z,92.0,Charge 6
2025-11-12T23:13:24Z,92.0,Charge 6
2025-11-12T23:13:26Z,94.0,Charge 6
2025-11-12T23:13:28Z,97.0,Charge 6
2025-11-12T23:13:30Z,99.0,Charge 6
2025-11-12T23:13:32Z,98.0,Charge 6
2025-11-12T23:13:34Z,96.0,Charge 6
2025-11-12T23:13:36Z,95.0,Charge 6
2025-11-12T23:13:38Z,94.0,Charge 6
2025-11-12T23:13:39Z,91.0,Charge 6
2025-11-12T23:13:42Z,91.0,Charge 6
2025-11-12T23:13:43Z,92.0,Charge 6
2025-11-12T23:13:45Z,90.0,Charge 6
2025-11-12T23:13:47Z,88.0,Charge 6
2025-11-12T23:13:50Z,88.0,Charge 6
2025-11-12T23:13:51Z,89.0,Charge 6
2025-11-12T23:13:53Z,87.0,Charge 6
2025-11-12T23:13:55Z,86.0,Charge 6
2025-11-12T23:13:58Z,86.0,Charge 6
2025-11-12T23:13:59Z,85.0,Charge 6
2025-11-12T23:14:02Z,87.0,Charge 6
2025-11-12T23:14:04Z,88.0,Charge 6
2025-11-12T23:14:06Z,87.0,Charge 6
2025-11-12T23:14:08Z,86.0,Charge 6
2025-11-12T23:14:10Z,88.0,Charge 6
2025-11-12T23:14:12Z,90.0,Charge 6
2025-11-12T23:14:15Z,90.0,Charge 6
2025-11-12T23:14:16Z,88.0,Charge 6
2025-11-12T23:14:18Z,86.0,Charge 6
2025-11-12T23:14:21Z,86.0,Charge 6
2025-11-12T23:14:24Z,85.0,Charge 6
2025-11-12T23:14:27Z,86.0,Charge 6
2025-11-12T23:14:30Z,86.0,Charge 6
2025-11-12T23:14:31Z,87.0,Charge 6
2025-11-12T23:14:34Z,87.0,Charge 6
2025-11-12T23:14:35Z,86.0,Charge 6
2025-11-12T23:14:38Z,86.0,Charge 6
2025-11-12T23:14:39Z,85.0,Charge 6
2025-11-12T23:14:41Z,84.0,Charge 6
2025-11-12T23:14:44Z,84.0,Charge 6
2025-11-12T23:14:45Z,85.0,Charge 6
2025-11-12T23:14:47Z,86.0,Charge 6
2025-11-12T23:14:50Z,87.0,Charge 6
2025-11-12T23:14:52Z,88.0,Charge 6
2025-11-12T23:14:54Z,89.0,Charge 6
2025-11-12T23:14:56Z,90.0,Charge 6
2025-11-12T23:14:58Z,89.0,Charge 6
2025-11-12T23:15:00Z,88.0,Charge 6
2025-11-12T23:15:02Z,88.0,Charge 6
2025-11-12T23:15:05Z,88.0,Charge 6
2025-11-12T23:15:08Z,88.0,Charge 6
2025-11-12T23:15:11Z,88.0,Charge 6
2025-11-12T23:15:12Z,87.0,Charge 6
2025-11-12T23:15:15Z,87.0,Charge 6
2025-11-12T23:15:17Z,88.0,Charge 6
2025-11-12T23:15:20Z,88.0,Charge 6
2025-11-12T23:15:23Z,88.0,Charge 6
2025-11-12T23:15:25Z,88.0,Charge 6
2025-11-12T23:15:28Z,88.0,Charge 6
2025-11-12T23:15:29Z,90.0,Charge 6
2025-11-12T23:15:32Z,90.0,Charge 6
2025-11-12T23:15:35Z,90.0,Charge 6
2025-11-12T23:15:37Z,91.0,Charge 6
2025-11-12T23:15:40Z,89.0,Charge 6
2025-11-12T23:15:42Z,87.0,Charge 6
2025-11-12T23:15:44Z,86.0,Charge 6
2025-11-12T23:15:47Z,86.0,Charge 6
2025-11-12T23:15:48Z,84.0,Charge 6
2025-11-12T23:15:51Z,84.0,Charge 6
2025-11-12T23:15:52Z,85.0,Charge 6
2025-11-12T23:15:54Z,86.0,Charge 6
2025-11-12T23:15:56Z,88.0,Charge 6
2025-11-12T23:15:58Z,90.0,Charge 6
2025-11-12T23:16:01Z,90.0,Charge 6
2025-11-12T23:16:02Z,89.0,Charge 6
2025-11-12T23:16:03Z,88.0,Charge 6
2025-11-12T23:16:05Z,88.0,Charge 6
2025-11-12T23:16:07Z,86.0,Charge 6
2025-11-12T23:16:10Z,86.0,Charge 6
2025-11-12T23:16:13Z,89.0,Charge 6
2025-11-12T23:16:15Z,91.0,Charge 6
2025-11-12T23:16:17Z,92.0,Charge 6
2025-11-12T23:16:19Z,93.0,Charge 6
2025-11-12T23:16:21Z,92.0,Charge 6
2025-11-12T23:16:24Z,92.0,Charge 6
2025-11-12T23:16:27Z,92.0,Charge 6
2025-11-12T23:16:28Z,91.0,Charge 6
2025-11-12T23:16:30Z,89.0,Charge 6
2025-11-12T23:16:32Z,87.0,Charge 6
2025-11-12T23:16:34Z,86.0,Charge 6
2025-11-12T23:16:37Z,86.0,Charge 6
2025-11-12T23:16:40Z,86.0,Charge 6
2025-11-12T23:16:42Z,86.0,Charge 6
2025-11-12T23:16:44Z,86.0,Charge 6
2025-11-12T23:16:47Z,86.0,Charge 6
2025-11-12T23:16:50Z,87.0,Charge 6
2025-11-12T23:16:51Z,91.0,Charge 6
2025-11-12T23:16:53Z,93.0,Charge 6
2025-11-12T23:16:55Z,96.0,Charge 6
2025-11-12T23:16:57Z,97.0,Charge 6
2025-11-12T23:16:59Z,92.0,Charge 6
2025-11-12T23:17:01Z,88.0,Charge 6
2025-11-12T23:17:03Z,85.0,Charge 6
2025-11-12T23:17:05Z,84.0,Charge 6
2025-11-12T23:17:07Z,82.0,Charge 6
2025-11-12T23:17:09Z,84.0,Charge 6
2025-11-12T23:17:11Z,84.0,Charge 6
2025-11-12T23:17:14Z,82.0,Charge 6
2025-11-12T23:17:16Z,84.0,Charge 6
2025-11-12T23:17:18Z,85.0,Charge 6
2025-11-12T23:17:20Z,86.0,Charge 6
2025-11-12T23:17:22Z,84.0,Charge 6
2025-11-12T23:17:24Z,84.0,Charge 6
2025-11-12T23:17:26Z,85.0,Charge 6
2025-11-12T23:17:28Z,87.0,Charge 6
2025-11-12T23:17:30Z,88.0,Charge 6
2025-11-12T23:17:32Z,87.0,Charge 6
2025-11-12T23:17:34Z,86.0,Charge 6
2025-11-12T23:17:37Z,86.0,Charge 6
2025-11-12T23:17:38Z,85.0,Charge 6
2025-11-12T23:17:39Z,84.0,Charge 6
2025-11-12T23:17:41Z,85.0,Charge 6
2025-11-12T23:17:43Z,87.0,Charge 6
2025-11-12T23:17:45Z,88.0,Charge 6
2025-11-12T23:17:47Z,90.0,Charge 6
2025-11-12T23:17:49Z,92.0,Charge 6
2025-11-12T23:17:51Z,91.0,Charge 6
2025-11-12T23:17:53Z,90.0,Charge 6
2025-11-12T23:17:55Z,88.0,Charge 6
2025-11-12T23:17:57Z,87.0,Charge 6
2025-11-12T23:17:59Z,84.0,Charge 6
2025-11-12T23:18:01Z,81.0,Charge 6
2025-11-12T23:18:04Z,82.0,Charge 6
2025-11-12T23:18:06Z,83.0,Charge 6
2025-11-12T23:18:08Z,86.0,Charge 6
2025-11-12T23:18:10Z,88.0,Charge 6
2025-11-12T23:18:12Z,92.0,Charge 6
2025-11-12T23:18:14Z,90.0,Charge 6
2025-11-12T23:18:16Z,88.0,Charge 6
2025-11-12T23:18:18Z,87.0,Charge 6
2025-11-12T23:18:21Z,87.0,Charge 6
2025-11-12T23:18:22Z,86.0,Charge 6
2025-11-12T23:18:24Z,84.0,Charge 6
2025-11-12T23:18:26Z,82.0,Charge 6
2025-11-12T23:18:27Z,82.0,Charge 6
2025-11-12T23:18:29Z,84.0,Charge 6
2025-11-12T23:18:31Z,85.0,Charge 6
2025-11-12T23:18:33Z,86.0,Charge 6
2025-11-12T23:18:35Z,87.0,Charge 6
2025-11-12T23:18:37Z,86.0,Charge 6
2025-11-12T23:18:40Z,86.0,Charge 6
2025-11-12T23:18:41Z,85.0,Charge 6
2025-11-12T23:18:43Z,84.0,Charge 6
2025-11-12T23:18:46Z,84.0,Charge 6
2025-11-12T23:18:49Z,84.0,Charge 6
2025-11-12T23:18:52Z,84.0,Charge 6
2025-11-12T23:18:54Z,85.0,Charge 6
2025-11-12T23:18:56Z,86.0,Charge 6
2025-11-12T23:18:58Z,88.0,Charge 6
2025-11-12T23:19:00Z,89.0,Charge 6
2025-11-12T23:19:02Z,90.0,Charge 6
2025-11-12T23:19:04Z,88.0,Charge 6
2025-11-12T23:19:07Z,88.0,Charge 6
2025-11-12T23:19:08Z,87.0,Charge 6
2025-11-12T23:19:10Z,86.0,Charge 6
2025-11-12T23:19:13Z,86.0,Charge 6
2025-11-12T23:19:14Z,85.0,Charge 6
2025-11-12T23:19:15Z,84.0,Charge 6
2025-11-12T23:19:17Z,85.0,Charge 6
2025-11-12T23:19:19Z,86.0,Charge 6
2025-11-12T23:19:21Z,88.0,Charge 6
2025-11-12T23:19:24Z,88.0,Charge 6
2025-11-12T23:19:25Z,90.0,Charge 6
2025-11-12T23:19:27Z,91.0,Charge 6
2025-11-12T23:19:29Z,93.0,Charge 6
2025-11-12T23:19:31Z,91.0,Charge 6
2025-11-12T23:19:33Z,86.0,Charge 6
2025-11-12T23:19:35Z,85.0,Charge 6
2025-11-12T23:19:37Z,87.0,Charge 6
2025-11-12T23:19:38Z,88.0,Charge 6
2025-11-12T23:19:41Z,88.0,Charge 6
2025-11-12T23:19:42Z,86.0,Charge 6
2025-11-12T23:19:44Z,84.0,Charge 6
2025-11-12T23:19:46Z,84.0,Charge 6
2025-11-12T23:19:48Z,85.0,Charge 6
2025-11-12T23:19:51Z,85.0,Charge 6
2025-11-12T23:19:52Z,84.0,Charge 6
2025-11-12T23:19:54Z,85.0,Charge 6
2025-11-12T23:19:56Z,86.0,Charge 6
2025-11-12T23:19:59Z,86.0,Charge 6
2025-11-12T23:20:02Z,86.0,Charge 6
2025-11-12T23:20:03Z,87.0,Charge 6
2025-11-12T23:20:05Z,88.0,Charge 6
2025-11-12T23:20:07Z,86.0,Charge 6
2025-11-12T23:20:09Z,84.0,Charge 6
2025-11-12T23:20:12Z,84.0,Charge 6
2025-11-12T23:20:13Z,85.0,Charge 6
2025-11-12T23:20:15Z,86.0,Charge 6
2025-11-12T23:20:17Z,87.0,Charge 6
2025-11-12T23:20:20Z,87.0,Charge 6
2025-11-12T23:20:23Z,87.0,Charge 6
2025-11-12T23:20:26Z,88.0,Charge 6
2025-11-12T23:20:29Z,88.0,Charge 6
2025-11-12T23:20:32Z,87.0,Charge 6
2025-11-12T23:20:34Z,85.0,Charge 6
2025-11-12T23:20:37Z,85.0,Charge 6
2025-11-12T23:20:38Z,86.0,Charge 6
2025-11-12T23:20:41Z,86.0,Charge 6
2025-11-12T23:20:42Z,85.0,Charge 6
2025-11-12T23:20:44Z,84.0,Charge 6
2025-11-12T23:20:46Z,85.0,Charge 6
2025-11-12T23:20:49Z,85.0,Charge 6
2025-11-12T23:20:51Z,84.0,Charge 6
2025-11-12T23:20:54Z,84.0,Charge 6
2025-11-12T23:20:57Z,84.0,Charge 6
2025-11-12T23:21:00Z,84.0,Charge 6
2025-11-12T23:21:03Z,84.0,Charge 6
2025-11-12T23:21:06Z,84.0,Charge 6
2025-11-12T23:21:07Z,84.0,Charge 6
2025-11-12T23:21:10Z,84.0,Charge 6
2025-11-12T23:21:11Z,83.0,Charge 6
2025-11-12T23:21:13Z,84.0,Charge 6
2025-11-12T23:21:14Z,86.0,Charge 6
2025-11-12T23:21:16Z,87.0,Charge 6
2025-11-12T23:21:18Z,88.0,Charge 6
2025-11-12T23:21:20Z,87.0,Charge 6
2025-11-12T23:21:23Z,87.0,Charge 6
2025-11-12T23:21:24Z,86.0,Charge 6
2025-11-12T23:21:27Z,86.0,Charge 6
2025-11-12T23:21:30Z,86.0,Charge 6
2025-11-12T23:21:32Z,85.0,Charge 6
2025-11-12T23:21:34Z,86.0,Charge 6
2025-11-12T23:21:37Z,86.0,Charge 6
2025-11-12T23:21:38Z,85.0,Charge 6
2025-11-12T23:21:39Z,85.0,Charge 6
2025-11-12T23:21:41Z,86.0,Charge 6
2025-11-12T23:21:43Z,88.0,Charge 6
2025-11-12T23:21:45Z,90.0,Charge 6
2025-11-12T23:21:47Z,92.0,Charge 6
2025-11-12T23:21:49Z,91.0,Charge 6
2025-11-12T23:21:52Z,91.0,Charge 6
2025-11-12T23:21:53Z,92.0,Charge 6
2025-11-12T23:21:55Z,91.0,Charge 6
2025-11-12T23:21:57Z,92.0,Charge 6
2025-11-12T23:22:00Z,92.0,Charge 6
2025-11-12T23:22:01Z,90.0,Charge 6
2025-11-12T23:22:02Z,89.0,Charge 6
2025-11-12T23:22:04Z,90.0,Charge 6
2025-11-12T23:22:06Z,91.0,Charge 6
2025-11-12T23:22:08Z,90.0,Charge 6
2025-11-12T23:22:10Z,87.0,Charge 6
2025-11-12T23:22:12Z,85.0,Charge 6
2025-11-12T23:22:14Z,84.0,Charge 6
2025-11-12T23:22:17Z,84.0,Charge 6
2025-11-12T23:22:18Z,85.0,Charge 6
2025-11-12T23:22:20Z,85.0,Charge 6
2025-11-12T23:22:23Z,85.0,Charge 6
2025-11-12T23:22:24Z,86.0,Charge 6
2025-11-12T23:22:26Z,89.0,Charge 6
2025-11-12T23:22:29Z,88.0,Charge 6
2025-11-12T23:22:31Z,88.0,Charge 6
2025-11-12T23:22:34Z,88.0,Charge 6
2025-11-12T23:22:35Z,90.0,Charge 6
2025-11-12T23:22:37Z,91.0,Charge 6
2025-11-12T23:22:39Z,88.0,Charge 6
2025-11-12T23:22:41Z,86.0,Charge 6
2025-11-12T23:22:43Z,85.0,Charge 6
2025-11-12T23:22:45Z,86.0,Charge 6
2025-11-12T23:22:47Z,86.0,Charge 6
2025-11-12T23:22:49Z,85.0,Charge 6
2025-11-12T23:22:50Z,86.0,Charge 6
2025-11-12T23:22:52Z,89.0,Charge 6
2025-11-12T23:22:55Z,89.0,Charge 6
2025-11-12T23:22:56Z,88.0,Charge 6
2025-11-12T23:22:58Z,87.0,Charge 6
2025-11-12T23:23:00Z,85.0,Charge 6
2025-11-12T23:23:02Z,86.0,Charge 6
2025-11-12T23:23:04Z,85.0,Charge 6
2025-11-12T23:23:06Z,86.0,Charge 6
2025-11-12T23:23:08Z,85.0,Charge 6
2025-11-12T23:23:10Z,84.0,Charge 6
2025-11-12T23:23:12Z,85.0,Charge 6
2025-11-12T23:23:14Z,87.0,Charge 6
2025-11-12T23:23:15Z,89.0,Charge 6
2025-11-12T23:23:18Z,89.0,Charge 6
2025-11-12T23:23:19Z,90.0,Charge 6
2025-11-12T23:23:21Z,93.0,Charge 6
2025-11-12T23:23:24Z,93.0,Charge 6
2025-11-12T23:23:25Z,90.0,Charge 6
2025-11-12T23:23:27Z,86.0,Charge 6
2025-11-12T23:23:29Z,85.0,Charge 6
2025-11-12T23:23:31Z,84.0,Charge 6
2025-11-12T23:23:34Z,84.0,Charge 6
2025-11-12T23:23:37Z,84.0,Charge 6
2025-11-12T23:23:38Z,84.0,Charge 6
2025-11-12T23:23:41Z,84.0,Charge 6
2025-11-12T23:23:42Z,85.0,Charge 6
2025-11-12T23:23:44Z,86.0,Charge 6
2025-11-12T23:23:47Z,86.0,Charge 6
2025-11-12T23:23:50Z,86.0,Charge 6
2025-11-12T23:23:52Z,87.0,Charge 6
2025-11-12T23:23:55Z,87.0,Charge 6
2025-11-12T23:23:58Z,87.0,Charge 6
2025-11-12T23:24:00Z,87.0,Charge 6
2025-11-12T23:24:02Z,86.0,Charge 6
2025-11-12T23:24:03Z,87.0,Charge 6
2025-11-12T23:24:05Z,88.0,Charge 6
2025-11-12T23:24:08Z,88.0,Charge 6
2025-11-12T23:24:11Z,88.0,Charge 6
2025-11-12T23:24:14Z,88.0,Charge 6
2025-11-12T23:24:15Z,86.0,Charge 6
2025-11-12T23:24:18Z,86.0,Charge 6
2025-11-12T23:24:21Z,86.0,Charge 6
2025-11-12T23:24:24Z,86.0,Charge 6
2025-11-12T23:24:26Z,85.0,Charge 6
2025-11-12T23:24:29Z,85.0,Charge 6
2025-11-12T23:24:30Z,84.0,Charge 6
2025-11-12T23:24:33Z,84.0,Charge 6
2025-11-12T23:24:34Z,84.0,Charge 6
2025-11-12T23:24:36Z,86.0,Charge 6
2025-11-12T23:24:39Z,86.0,Charge 6
2025-11-12T23:24:42Z,84.0,Charge 6
2025-11-12T23:24:45Z,84.0,Charge 6
2025-11-12T23:24:48Z,82.0,Charge 6
2025-11-12T23:24:51Z,82.0,Charge 6
2025-11-12T23:24:54Z,82.0,Charge 6
2025-11-12T23:24:57Z,82.0,Charge 6
2025-11-12T23:24:59Z,83.0,Charge 6
2025-11-12T23:25:01Z,84.0,Charge 6
2025-11-12T23:25:04Z,84.0,Charge 6
2025-11-12T23:25:07Z,84.0,Charge 6
2025-11-12T23:25:10Z,84.0,Charge 6
2025-11-12T23:25:11Z,85.0,Charge 6
2025-11-12T23:25:13Z,86.0,Charge 6
2025-11-12T23:25:16Z,86.0,Charge 6
2025-11-12T23:25:19Z,86.0,Charge 6
2025-11-12T23:25:20Z,87.0,Charge 6
2025-11-12T23:25:23Z,87.0,Charge 6
2025-11-12T23:25:26Z,86.0,Charge 6
2025-11-12T23:25:28Z,86.0,Charge 6
2025-11-12T23:25:30Z,88.0,Charge 6
2025-11-12T23:25:33Z,88.0,Charge 6
2025-11-12T23:25:34Z,87.0,Charge 6
2025-11-12T23:25:36Z,85.0,Charge 6
2025-11-12T23:25:38Z,84.0,Charge 6
2025-11-12T23:25:39Z,84.0,Charge 6
2025-11-12T23:25:42Z,84.0,Charge 6
2025-11-12T23:25:45Z,84.0,Charge 6
2025-11-12T23:25:48Z,84.0,Charge 6
2025-11-12T23:25:51Z,85.0,Charge 6
2025-11-12T23:25:53Z,86.0,Charge 6
2025-11-12T23:25:55Z,87.0,Charge 6
2025-11-12T23:25:57Z,88.0,Charge 6
2025-11-12T23:26:00Z,88.0,Charge 6
2025-11-12T23:26:02Z,89.0,Charge 6
2025-11-12T23:26:04Z,88.0,Charge 6
2025-11-12T23:26:06Z,87.0,Charge 6
2025-11-12T23:26:08Z,88.0,Charge 6
2025-11-12T23:26:11Z,88.0,Charge 6
2025-11-12T23:26:14Z,88.0,Charge 6
2025-11-12T23:26:16Z,86.0,Charge 6
2025-11-12T23:26:18Z,86.0,Charge 6
2025-11-12T23:26:20Z,85.0,Charge 6
2025-11-12T23:26:23Z,85.0,Charge 6
2025-11-12T23:26:26Z,86.0,Charge 6
2025-11-12T23:26:29Z,86.0,Charge 6
2025-11-12T23:26:32Z,86.0,Charge 6
2025-11-12T23:26:33Z,88.0,Charge 6
2025-11-12T23:26:36Z,88.0,Charge 6
2025-11-12T23:26:37Z,89.0,Charge 6
2025-11-12T23:26:39Z,88.0,Charge 6
2025-11-12T23:26:41Z,86.0,Charge 6
2025-11-12T23:26:43Z,86.0,Charge 6
2025-11-12T23:26:45Z,86.0,Charge 6
2025-11-12T23:26:48Z,86.0,Charge 6
2025-11-12T23:26:49Z,86.0,Charge 6
2025-11-12T23:26:52Z,86.0,Charge 6
2025-11-12T23:26:55Z,86.0,Charge 6
2025-11-12T23:26:58Z,87.0,Charge 6
2025-11-12T23:27:01Z,87.0,Charge 6
2025-11-12T23:27:04Z,85.0,Charge 6
2025-11-12T23:27:06Z,85.0,Charge 6
2025-11-12T23:27:08Z,84.0,Charge 6
2025-11-12T23:27:10Z,83.0,Charge 6
2025-11-12T23:27:12Z,84.0,Charge 6
2025-11-12T23:27:15Z,84.0,Charge 6
2025-11-12T23:27:18Z,84.0,Charge 6
2025-11-12T23:27:19Z,85.0,Charge 6
2025-11-12T23:27:21Z,86.0,Charge 6
2025-11-12T23:27:23Z,84.0,Charge 6
2025-11-12T23:27:25Z,81.0,Charge 6
2025-11-12T23:27:28Z,81.0,Charge 6
2025-11-12T23:27:29Z,82.0,Charge 6
2025-11-12T23:27:31Z,84.0,Charge 6
2025-11-12T23:27:34Z,84.0,Charge 6
2025-11-12T23:27:37Z,83.0,Charge 6
2025-11-12T23:27:38Z,84.0,Charge 6
2025-11-12T23:27:40Z,85.0,Charge 6
2025-11-12T23:27:42Z,86.0,Charge 6
2025-11-12T23:27:44Z,87.0,Charge 6
2025-11-12T23:27:46Z,88.0,Charge 6
2025-11-12T23:27:48Z,89.0,Charge 6
2025-11-12T23:27:51Z,89.0,Charge 6
2025-11-12T23:27:52Z,86.0,Charge 6
2025-11-12T23:27:54Z,85.0,Charge 6
2025-11-12T23:27:57Z,85.0,Charge 6
2025-11-12T23:28:00Z,86.0,Charge 6
2025-11-12T23:28:03Z,85.0,Charge 6
2025-11-12T23:28:05Z,84.0,Charge 6
2025-11-12T23:28:07Z,85.0,Charge 6
2025-11-12T23:28:09Z,85.0,Charge 6
2025-11-12T23:28:11Z,85.0,Charge 6
2025-11-12T23:28:13Z,86.0,Charge 6
2025-11-12T23:28:15Z,89.0,Charge 6
2025-11-12T23:28:17Z,91.0,Charge 6
2025-11-12T23:28:19Z,90.0,Charge 6
2025-11-12T23:28:21Z,88.0,Charge 6
2025-11-12T23:28:23Z,90.0,Charge 6
2025-11-12T23:28:25Z,92.0,Charge 6
2025-11-12T23:28:26Z,93.0,Charge 6
2025-11-12T23:28:28Z,95.0,Charge 6
2025-11-12T23:28:30Z,93.0,Charge 6
2025-11-12T23:28:32Z,91.0,Charge 6
2025-11-12T23:28:34Z,92.0,Charge 6
2025-11-12T23:28:36Z,94.0,Charge 6
2025-11-12T23:28:38Z,95.0,Charge 6
2025-11-12T23:28:40Z,94.0,Charge 6
2025-11-12T23:28:42Z,92.0,Charge 6
2025-11-12T23:28:44Z,90.0,Charge 6
2025-11-12T23:28:46Z,89.0,Charge 6
2025-11-12T23:28:48Z,87.0,Charge 6
2025-11-12T23:28:50Z,86.0,Charge 6
2025-11-12T23:28:53Z,86.0,Charge 6
2025-11-12T23:28:56Z,86.0,Charge 6
2025-11-12T23:28:59Z,86.0,Charge 6
2025-11-12T23:29:02Z,86.0,Charge 6
2025-11-12T23:29:05Z,85.0,Charge 6
2025-11-12T23:29:08Z,85.0,Charge 6
2025-11-12T23:29:11Z,86.0,Charge 6
2025-11-12T23:29:14Z,86.0,Charge 6
2025-11-12T23:29:17Z,86.0,Charge 6
2025-11-12T23:29:18Z,87.0,Charge 6
2025-11-12T23:29:20Z,88.0,Charge 6
2025-11-12T23:29:22Z,90.0,Charge 6
2025-11-12T23:29:24Z,91.0,Charge 6
2025-11-12T23:29:27Z,91.0,Charge 6
2025-11-12T23:29:28Z,92.0,Charge 6
2025-11-12T23:29:30Z,91.0,Charge 6
2025-11-12T23:29:32Z,90.0,Charge 6
2025-11-12T23:29:35Z,90.0,Charge 6
2025-11-12T23:29:38Z,91.0,Charge 6
2025-11-12T23:29:39Z,93.0,Charge 6
2025-11-12T23:29:42Z,93.0,Charge 6
2025-11-12T23:29:43Z,93.0,Charge 6
2025-11-12T23:29:45Z,90.0,Charge 6
2025-11-12T23:29:47Z,90.0,Charge 6
2025-11-12T23:29:50Z,90.0,Charge 6
2025-11-12T23:29:51Z,89.0,Charge 6
2025-11-12T23:29:53Z,89.0,Charge 6
2025-11-12T23:29:55Z,91.0,Charge 6
2025-11-12T23:29:57Z,93.0,Charge 6
2025-11-12T23:29:59Z,91.0,Charge 6
2025-11-12T23:30:01Z,90.0,Charge 6
2025-11-12T23:30:02Z,88.0,Charge 6
2025-11-12T23:30:04Z,87.0,Charge 6
2025-11-12T23:30:06Z,88.0,Charge 6
2025-11-12T23:30:08Z,89.0,Charge 6
2025-11-12T23:30:10Z,90.0,Charge 6
2025-11-12T23:30:12Z,92.0,Charge 6
2025-11-12T23:30:14Z,95.0,Charge 6
2025-11-12T23:30:16Z,99.0,Charge 6
2025-11-12T23:30:19Z,99.0,Charge 6
2025-11-12T23:30:22Z,102.0,Charge 6
2025-11-12T23:30:24Z,103.0,Charge 6
2025-11-12T23:30:26Z,102.0,Charge 6
2025-11-12T23:30:27Z,103.0,Charge 6
2025-11-12T23:30:29Z,102.0,Charge 6
2025-11-12T23:30:31Z,104.0,Charge 6
2025-11-12T23:30:33Z,107.0,Charge 6
2025-11-12T23:30:35Z,106.0,Charge 6
2025-11-12T23:30:37Z,106.0,Charge 6
2025-11-12T23:30:39Z,107.0,Charge 6
2025-11-12T23:30:41Z,106.0,Charge 6
2025-11-12T23:30:43Z,107.0,Charge 6
2025-11-12T23:30:45Z,108.0,Charge 6
2025-11-12T23:30:47Z,110.0,Charge 6
2025-11-12T23:30:50Z,109.0,Charge 6
2025-11-12T23:30:52Z,110.0,Charge 6
2025-11-12T23:30:54Z,111.0,Charge 6
2025-11-12T23:30:57Z,111.0,Charge 6
2025-11-12T23:30:58Z,112.0,Charge 6
2025-11-12T23:31:00Z,113.0,Charge 6
2025-11-12T23:31:02Z,114.0,Charge 6
2025-11-12T23:31:04Z,115.0,Charge 6
2025-11-12T23:31:06Z,112.0,Charge 6
2025-11-12T23:31:09Z,112.0,Charge 6
2025-11-12T23:31:10Z,110.0,Charge 6
2025-11-12T23:31:12Z,108.0,Charge 6
2025-11-12T23:31:14Z,106.0,Charge 6
2025-11-12T23:31:15Z,104.0,Charge 6
2025-11-12T23:31:17Z,102.0,Charge 6
2025-11-12T23:31:19Z,99.0,Charge 6
2025-11-12T23:31:21Z,99.0,Charge 6
2025-11-12T23:31:23Z,99.0,Charge 6
2025-11-12T23:31:25Z,98.0,Charge 6
2025-11-12T23:31:27Z,96.0,Charge 6
2025-11-12T23:31:29Z,96.0,Charge 6
2025-11-12T23:31:31Z,96.0,Charge 6
2025-11-12T23:31:33Z,97.0,Charge 6
2025-11-12T23:31:35Z,96.0,Charge 6
2025-11-12T23:31:38Z,97.0,Charge 6
2025-11-12T23:31:40Z,98.0,Charge 6
2025-11-12T23:31:42Z,100.0,Charge 6
2025-11-12T23:31:44Z,102.0,Charge 6
2025-11-12T23:31:47Z,102.0,Charge 6
2025-11-12T23:31:50Z,100.0,Charge 6
2025-11-12T23:31:52Z,92.0,Charge 6
2025-11-12T23:31:54Z,86.0,Charge 6
2025-11-12T23:31:56Z,85.0,Charge 6
2025-11-12T23:31:58Z,87.0,Charge 6
2025-11-12T23:32:00Z,88.0,Charge 6
2025-11-12T23:32:02Z,92.0,Charge 6
2025-11-12T23:32:03Z,90.0,Charge 6
2025-11-12T23:32:05Z,88.0,Charge 6
2025-11-12T23:32:07Z,87.0,Charge 6
2025-11-12T23:32:10Z,87.0,Charge 6
2025-11-12T23:32:11Z,88.0,Charge 6
2025-11-12T23:32:13Z,89.0,Charge 6
2025-11-12T23:32:15Z,90.0,Charge 6
2025-11-12T23:32:17Z,95.0,Charge 6
2025-11-12T23:32:19Z,101.0,Charge 6
2025-11-12T23:32:21Z,103.0,Charge 6
2025-11-12T23:32:23Z,104.0,Charge 6
2025-11-12T23:32:26Z,103.0,Charge 6
2025-11-12T23:32:28Z,103.0,Charge 6
2025-11-12T23:32:30Z,102.0,Charge 6
2025-11-12T23:32:32Z,100.0,Charge 6
2025-11-12T23:32:34Z,101.0,Charge 6
2025-11-12T23:32:36Z,104.0,Charge 6
2025-11-12T23:32:38Z,100.0,Charge 6
2025-11-12T23:32:41Z,100.0,Charge 6
2025-11-12T23:32:44Z,101.0,Charge 6
2025-11-12T23:32:46Z,102.0,Charge 6
2025-11-12T23:32:48Z,100.0,Charge 6
2025-11-12T23:32:50Z,98.0,Charge 6
2025-11-12T23:32:53Z,98.0,Charge 6
2025-11-12T23:32:56Z,98.0,Charge 6
2025-11-12T23:32:59Z,98.0,Charge 6
2025-11-12T23:33:02Z,98.0,Charge 6
2025-11-12T23:33:05Z,99.0,Charge 6
2025-11-12T23:33:07Z,100.0,Charge 6
2025-11-12T23:33:10Z,100.0,Charge 6
2025-11-12T23:33:11Z,99.0,Charge 6
2025-11-12T23:33:13Z,97.0,Charge 6
2025-11-12T23:33:14Z,96.0,Charge 6
2025-11-12T23:33:16Z,98.0,Charge 6
2025-11-12T23:33:19Z,98.0,Charge 6
2025-11-12T23:33:22Z,98.0,Charge 6
2025-11-12T23:33:25Z,98.0,Charge 6
2025-11-12T23:33:28Z,98.0,Charge 6
2025-11-12T23:33:31Z,98.0,Charge 6
2025-11-12T23:33:32Z,100.0,Charge 6
2025-11-12T23:33:34Z,102.0,Charge 6
2025-11-12T23:33:36Z,103.0,Charge 6
2025-11-12T23:33:39Z,104.0,Charge 6
2025-11-12T23:33:41Z,103.0,Charge 6
2025-11-12T23:33:43Z,102.0,Charge 6
2025-11-12T23:33:46Z,102.0,Charge 6
2025-11-12T23:33:47Z,100.0,Charge 6
2025-11-12T23:33:50Z,100.0,Charge 6
2025-11-12T23:33:51Z,101.0,Charge 6
2025-11-12T23:33:53Z,100.0,Charge 6
2025-11-12T23:33:55Z,99.0,Charge 6
2025-11-12T23:33:57Z,96.0,Charge 6
2025-11-12T23:33:59Z,94.0,Charge 6
2025-11-12T23:34:01Z,91.0,Charge 6
2025-11-12T23:34:02Z,89.0,Charge 6
2025-11-12T23:34:05Z,89.0,Charge 6
2025-11-12T23:34:08Z,89.0,Charge 6
2025-11-12T23:34:10Z,90.0,Charge 6
2025-11-12T23:34:13Z,90.0,Charge 6
2025-11-12T23:34:14Z,88.0,Charge 6
2025-11-12T23:34:16Z,85.0,Charge 6
2025-11-12T23:34:18Z,84.0,Charge 6
2025-11-12T23:34:20Z,84.0,Charge 6
2025-11-12T23:34:22Z,85.0,Charge 6
2025-11-12T23:34:24Z,87.0,Charge 6
2025-11-12T23:34:26Z,88.0,Charge 6
2025-11-12T23:34:27Z,88.0,Charge 6
2025-11-12T23:34:29Z,89.0,Charge 6
2025-11-12T23:34:31Z,91.0,Charge 6
2025-11-12T23:34:33Z,92.0,Charge 6
2025-11-12T23:34:35Z,93.0,Charge 6
2025-11-12T23:34:37Z,92.0,Charge 6
2025-11-12T23:34:39Z,89.0,Charge 6
2025-11-12T23:34:41Z,86.0,Charge 6
2025-11-12T23:34:43Z,85.0,Charge 6
2025-11-12T23:34:46Z,85.0,Charge 6
2025-11-12T23:34:47Z,84.0,Charge 6
2025-11-12T23:34:50Z,84.0,Charge 6
2025-11-12T23:34:53Z,84.0,Charge 6
2025-11-12T23:34:54Z,83.0,Charge 6
2025-11-12T23:34:56Z,82.0,Charge 6
2025-11-12T23:34:59Z,82.0,Charge 6
2025-11-12T23:35:00Z,83.0,Charge 6
2025-11-12T23:35:02Z,84.0,Charge 6
2025-11-12T23:35:05Z,84.0,Charge 6
2025-11-12T23:35:06Z,82.0,Charge 6
2025-11-12T23:35:09Z,82.0,Charge 6
2025-11-12T23:35:10Z,84.0,Charge 6
2025-11-12T23:35:12Z,85.0,Charge 6
2025-11-12T23:35:14Z,84.0,Charge 6
2025-11-12T23:35:15Z,83.0,Charge 6
2025-11-12T23:35:18Z,83.0,Charge 6
2025-11-12T23:35:19Z,84.0,Charge 6
2025-11-12T23:35:21Z,84.0,Charge 6
2025-11-12T23:35:24Z,84.0,Charge 6
2025-11-12T23:35:25Z,83.0,Charge 6
2025-11-12T23:35:27Z,82.0,Charge 6
2025-11-12T23:35:29Z,82.0,Charge 6
2025-11-12T23:35:31Z,83.0,Charge 6
2025-11-12T23:35:33Z,84.0,Charge 6
2025-11-12T23:35:35Z,85.0,Charge 6
2025-11-12T23:35:37Z,84.0,Charge 6
2025-11-12T23:35:38Z,84.0,Charge 6
2025-11-12T23:35:41Z,84.0,Charge 6
2025-11-12T23:35:44Z,84.0,Charge 6
2025-11-12T23:35:46Z,83.0,Charge 6
2025-11-12T23:35:48Z,82.0,Charge 6
2025-11-12T23:35:50Z,82.0,Charge 6
2025-11-12T23:35:53Z,82.0,Charge 6
2025-11-12T23:35:54Z,83.0,Charge 6
2025-11-12T23:35:57Z,83.0,Charge 6
2025-11-12T23:35:58Z,84.0,Charge 6
2025-11-12T23:36:00Z,85.0,Charge 6
2025-11-12T23:36:03Z,84.0,Charge 6
2025-11-12T23:36:05Z,84.0,Charge 6
2025-11-12T23:36:07Z,83.0,Charge 6
2025-11-12T23:36:09Z,84.0,Charge 6
2025-11-12T23:36:11Z,85.0,Charge 6
2025-11-12T23:36:13Z,86.0,Charge 6
2025-11-12T23:36:15Z,86.0,Charge 6
2025-11-12T23:36:17Z,86.0,Charge 6
2025-11-12T23:36:19Z,85.0,Charge 6
2025-11-12T23:36:21Z,84.0,Charge 6
2025-11-12T23:36:24Z,84.0,Charge 6
2025-11-12T23:36:25Z,82.0,Charge 6
2025-11-12T23:36:26Z,83.0,Charge 6
2025-11-12T23:36:28Z,84.0,Charge 6
2025-11-12T23:36:30Z,83.0,Charge 6
2025-11-12T23:36:32Z,82.0,Charge 6
2025-11-12T23:36:35Z,82.0,Charge 6
2025-11-12T23:36:36Z,84.0,Charge 6
2025-11-12T23:36:38Z,85.0,Charge 6
2025-11-12T23:36:40Z,86.0,Charge 6
2025-11-12T23:36:42Z,85.0,Charge 6
2025-11-12T23:36:44Z,85.0,Charge 6
2025-11-12T23:36:46Z,86.0,Charge 6
2025-11-12T23:36:48Z,88.0,Charge 6
2025-11-12T23:36:51Z,87.0,Charge 6
2025-11-12T23:36:53Z,86.0,Charge 6
2025-11-12T23:36:56Z,86.0,Charge 6
2025-11-12T23:36:57Z,85.0,Charge 6
2025-11-12T23:36:59Z,86.0,Charge 6
2025-11-12T23:37:01Z,85.0,Charge 6
2025-11-12T23:37:03Z,84.0,Charge 6
2025-11-12T23:37:06Z,84.0,Charge 6
2025-11-12T23:37:07Z,84.0,Charge 6
2025-11-12T23:37:10Z,84.0,Charge 6
2025-11-12T23:37:11Z,84.0,Charge 6
2025-11-12T23:37:13Z,85.0,Charge 6
2025-11-12T23:37:14Z,86.0,Charge 6
2025-11-12T23:37:16Z,88.0,Charge 6
2025-11-12T23:37:18Z,87.0,Charge 6
2025-11-12T23:37:20Z,88.0,Charge 6
2025-11-12T23:37:22Z,89.0,Charge 6
2025-11-12T23:37:24Z,90.0,Charge 6
2025-11-12T23:37:27Z,90.0,Charge 6
2025-11-12T23:37:30Z,89.0,Charge 6
2025-11-12T23:37:32Z,90.0,Charge 6
2025-11-12T23:37:34Z,91.0,Charge 6
2025-11-12T23:37:36Z,90.0,Charge 6
2025-11-12T23:37:38Z,87.0,Charge 6
2025-11-12T23:37:39Z,85.0,Charge 6
2025-11-12T23:37:42Z,85.0,Charge 6
2025-11-12T23:37:43Z,86.0,Charge 6
2025-11-12T23:37:46Z,86.0,Charge 6
2025-11-12T23:37:47Z,90.0,Charge 6
2025-11-12T23:37:49Z,93.0,Charge 6
2025-11-12T23:37:51Z,94.0,Charge 6
2025-11-12T23:37:53Z,95.0,Charge 6
2025-11-12T23:37:55Z,96.0,Charge 6
2025-11-12T23:37:57Z,97.0,Charge 6
2025-11-12T23:37:59Z,96.0,Charge 6
2025-11-12T23:38:01Z,94.0,Charge 6
2025-11-12T23:38:02Z,93.0,Charge 6
2025-11-12T23:38:04Z,93.0,Charge 6
2025-11-12T23:38:07Z,93.0,Charge 6
2025-11-12T23:38:08Z,92.0,Charge 6
2025-11-12T23:38:10Z,90.0,Charge 6
2025-11-12T23:38:12Z,86.0,Charge 6
2025-11-12T23:38:14Z,85.0,Charge 6
2025-11-12T23:38:16Z,86.0,Charge 6
2025-11-12T23:38:18Z,87.0,Charge 6
2025-11-12T23:38:20Z,87.0,Charge 6
2025-11-12T23:38:23Z,87.0,Charge 6
2025-11-12T23:38:26Z,88.0,Charge 6
2025-11-12T23:38:27Z,89.0,Charge 6
2025-11-12T23:38:29Z,90.0,Charge 6
2025-11-12T23:38:32Z,90.0,Charge 6
2025-11-12T23:38:35Z,90.0,Charge 6
2025-11-12T23:38:38Z,90.0,Charge 6
2025-11-12T23:38:39Z,89.0,Charge 6
2025-11-12T23:38:41Z,88.0,Charge 6
2025-11-12T23:38:43Z,89.0,Charge 6
2025-11-12T23:38:45Z,90.0,Charge 6
2025-11-12T23:38:48Z,90.0,Charge 6
2025-11-12T23:38:49Z,98.0,Charge 6
2025-11-12T23:38:50Z,103.0,Charge 6
2025-11-12T23:38:52Z,104.0,Charge 6
2025-11-12T23:38:54Z,105.0,Charge 6
2025-11-12T23:38:56Z,99.0,Charge 6
2025-11-12T23:38:58Z,90.0,Charge 6
2025-11-12T23:39:00Z,87.0,Charge 6
2025-11-12T23:39:03Z,87.0,Charge 6
2025-11-12T23:39:04Z,86.0,Charge 6
2025-11-12T23:39:07Z,86.0,Charge 6
2025-11-12T23:39:08Z,86.0,Charge 6
2025-11-12T23:39:10Z,85.0,Charge 6
2025-11-12T23:39:12Z,84.0,Charge 6
2025-11-12T23:39:15Z,84.0,Charge 6
2025-11-12T23:39:17Z,85.0,Charge 6
2025-11-12T23:39:20Z,85.0,Charge 6
2025-11-12T23:39:21Z,86.0,Charge 6
2025-11-12T23:39:23Z,85.0,Charge 6
2025-11-12T23:39:26Z,85.0,Charge 6
2025-11-12T23:39:27Z,86.0,Charge 6
2025-11-12T23:39:29Z,88.0,Charge 6
2025-11-12T23:39:31Z,87.0,Charge 6
2025-11-12T23:39:33Z,87.0,Charge 6
2025-11-12T23:39:36Z,87.0,Charge 6
2025-11-12T23:39:37Z,86.0,Charge 6
2025-11-12T23:39:38Z,84.0,Charge 6
2025-11-12T23:39:40Z,83.0,Charge 6
2025-11-12T23:39:42Z,83.0,Charge 6
2025-11-12T23:39:44Z,84.0,Charge 6
2025-11-12T23:39:46Z,84.0,Charge 6
2025-11-12T23:39:48Z,85.0,Charge 6
2025-11-12T23:39:50Z,87.0,Charge 6
2025-11-12T23:39:52Z,88.0,Charge 6
2025-11-12T23:39:55Z,88.0,Charge 6
2025-11-12T23:39:58Z,87.0,Charge 6
2025-11-12T23:40:00Z,88.0,Charge 6
2025-11-12T23:40:02Z,89.0,Charge 6
2025-11-12T23:40:05Z,91.0,Charge 6
2025-11-12T23:40:07Z,92.0,Charge 6
2025-11-12T23:40:09Z,91.0,Charge 6
2025-11-12T23:40:11Z,89.0,Charge 6
2025-11-12T23:40:13Z,88.0,Charge 6
2025-11-12T23:40:15Z,89.0,Charge 6
2025-11-12T23:40:17Z,88.0,Charge 6
2025-11-12T23:40:19Z,86.0,Charge 6
2025-11-12T23:40:21Z,84.0,Charge 6
2025-11-12T23:40:24Z,84.0,Charge 6
2025-11-12T23:40:26Z,82.0,Charge 6
2025-11-12T23:40:29Z,82.0,Charge 6
2025-11-12T23:40:32Z,82.0,Charge 6
2025-11-12T23:40:34Z,84.0,Charge 6
2025-11-12T23:40:37Z,84.0,Charge 6
2025-11-12T23:40:38Z,85.0,Charge 6
2025-11-12T23:40:40Z,84.0,Charge 6
2025-11-12T23:40:43Z,84.0,Charge 6
2025-11-12T23:40:44Z,85.0,Charge 6
2025-11-12T23:40:46Z,86.0,Charge 6
2025-11-12T23:40:49Z,86.0,Charge 6
2025-11-12T23:40:50Z,85.0,Charge 6
2025-11-12T23:40:51Z,84.0,Charge 6
2025-11-12T23:40:53Z,85.0,Charge 6
2025-11-12T23:40:55Z,86.0,Charge 6
2025-11-12T23:40:58Z,86.0,Charge 6
2025-11-12T23:40:59Z,85.0,Charge 6
2025-11-12T23:41:02Z,85.0,Charge 6
2025-11-12T23:41:03Z,84.0,Charge 6
2025-11-12T23:41:05Z,85.0,Charge 6
2025-11-12T23:41:07Z,86.0,Charge 6
2025-11-12T23:41:10Z,86.0,Charge 6
2025-11-12T23:41:11Z,84.0,Charge 6
2025-11-12T23:41:13Z,83.0,Charge 6
2025-11-12T23:41:14Z,83.0,Charge 6
2025-11-12T23:41:17Z,83.0,Charge 6
2025-11-12T23:41:18Z,84.0,Charge 6
2025-11-12T23:41:20Z,85.0,Charge 6
2025-11-12T23:41:22Z,86.0,Charge 6
2025-11-12T23:41:25Z,86.0,Charge 6
2025-11-12T23:41:26Z,88.0,Charge 6
2025-11-12T23:41:29Z,88.0,Charge 6
2025-11-12T23:41:32Z,89.0,Charge 6
2025-11-12T23:41:35Z,89.0,Charge 6
2025-11-12T23:41:36Z,88.0,Charge 6
2025-11-12T23:41:38Z,88.0,Charge 6
2025-11-12T23:41:39Z,85.0,Charge 6
2025-11-12T23:41:41Z,83.0,Charge 6
2025-11-12T23:41:43Z,84.0,Charge 6
2025-11-12T23:41:45Z,84.0,Charge 6
2025-11-12T23:41:47Z,82.0,Charge 6
2025-11-12T23:41:49Z,83.0,Charge 6
2025-11-12T23:41:51Z,84.0,Charge 6
2025-11-12T23:41:54Z,84.0,Charge 6
2025-11-12T23:41:57Z,84.0,Charge 6
2025-11-12T23:41:59Z,85.0,Charge 6
2025-11-12T23:42:01Z,84.0,Charge 6
2025-11-12T23:42:02Z,85.0,Charge 6
2025-11-12T23:42:04Z,86.0,Charge 6
2025-11-12T23:42:07Z,86.0,Charge 6
2025-11-12T23:42:08Z,87.0,Charge 6
2025-11-12T23:42:10Z,89.0,Charge 6
2025-11-12T23:42:13Z,89.0,Charge 6
2025-11-12T23:42:16Z,90.0,Charge 6
2025-11-12T23:42:18Z,91.0,Charge 6
2025-11-12T23:42:20Z,93.0,Charge 6
2025-11-12T23:42:22Z,94.0,Charge 6
2025-11-12T23:42:24Z,93.0,Charge 6
2025-11-12T23:42:26Z,91.0,Charge 6
2025-11-12T23:42:27Z,90.0,Charge 6
2025-11-12T23:42:29Z,92.0,Charge 6
2025-11-12T23:42:31Z,90.0,Charge 6
2025-11-12T23:42:33Z,89.0,Charge 6
2025-11-12T23:42:35Z,88.0,Charge 6
2025-11-12T23:42:37Z,86.0,Charge 6
2025-11-12T23:42:39Z,84.0,Charge 6
2025-11-12T23:42:41Z,84.0,Charge 6
2025-11-12T23:42:44Z,84.0,Charge 6
2025-11-12T23:42:47Z,83.0,Charge 6
2025-11-12T23:42:50Z,84.0,Charge 6
2025-11-12T23:42:53Z,84.0,Charge 6
2025-11-12T23:42:54Z,85.0,Charge 6
2025-11-12T23:42:57Z,85.0,Charge 6
2025-11-12T23:42:58Z,85.0,Charge 6
2025-11-12T23:43:00Z,86.0,Charge 6
2025-11-12T23:43:03Z,86.0,Charge 6
2025-11-12T23:43:06Z,87.0,Charge 6
2025-11-12T23:43:08Z,88.0,Charge 6
2025-11-12T23:43:11Z,88.0,Charge 6
2025-11-12T23:43:14Z,87.0,Charge 6
2025-11-12T23:43:15Z,87.0,Charge 6
2025-11-12T23:43:17Z,88.0,Charge 6
2025-11-12T23:43:19Z,90.0,Charge 6
2025-11-12T23:43:21Z,91.0,Charge 6
2025-11-12T23:43:23Z,90.0,Charge 6
2025-11-12T23:43:25Z,88.0,Charge 6
2025-11-12T23:43:28Z,88.0,Charge 6
2025-11-12T23:43:31Z,88.0,Charge 6
2025-11-12T23:43:33Z,87.0,Charge 6
2025-11-12T23:43:36Z,87.0,Charge 6
2025-11-12T23:43:37Z,88.0,Charge 6
2025-11-12T23:43:40Z,87.0,Charge 6
2025-11-12T23:43:43Z,87.0,Charge 6
2025-11-12T23:43:44Z,87.0,Charge 6
2025-11-12T23:43:46Z,86.0,Charge 6
2025-11-12T23:43:49Z,86.0,Charge 6
2025-11-12T23:43:50Z,84.0,Charge 6
2025-11-12T23:43:52Z,85.0,Charge 6
2025-11-12T23:43:54Z,86.0,Charge 6
2025-11-12T23:43:57Z,86.0,Charge 6
2025-11-12T23:43:58Z,85.0,Charge 6
2025-11-12T23:44:00Z,86.0,Charge 6
2025-11-12T23:44:03Z,85.0,Charge 6
2025-11-12T23:44:05Z,83.0,Charge 6
2025-11-12T23:44:07Z,82.0,Charge 6
2025-11-12T23:44:09Z,83.0,Charge 6
2025-11-12T23:44:11Z,84.0,Charge 6
2025-11-12T23:44:13Z,85.0,Charge 6
2025-11-12T23:44:15Z,86.0,Charge 6
2025-11-12T23:44:18Z,86.0,Charge 6
2025-11-12T23:44:21Z,86.0,Charge 6
2025-11-12T23:44:23Z,85.0,Charge 6
2025-11-12T23:44:26Z,86.0,Charge 6
2025-11-12T23:44:28Z,87.0,Charge 6
2025-11-12T23:44:30Z,89.0,Charge 6
2025-11-12T23:44:32Z,90.0,Charge 6
2025-11-12T23:44:34Z,88.0,Charge 6
2025-11-12T23:44:37Z,88.0,Charge 6
2025-11-12T23:44:38Z,89.0,Charge 6
2025-11-12T23:44:40Z,89.0,Charge 6
2025-11-12T23:44:42Z,90.0,Charge 6
2025-11-12T23:44:44Z,88.0,Charge 6
2025-11-12T23:44:46Z,86.0,Charge 6
2025-11-12T23:44:49Z,86.0,Charge 6
2025-11-12T23:44:52Z,86.0,Charge 6
2025-11-12T23:44:53Z,85.0,Charge 6
2025-11-12T23:44:55Z,84.0,Charge 6
2025-11-12T23:44:57Z,86.0,Charge 6
2025-11-12T23:45:00Z,86.0,Charge 6
2025-11-12T23:45:01Z,87.0,Charge 6
2025-11-12T23:45:03Z,88.0,Charge 6
2025-11-12T23:45:05Z,87.0,Charge 6
2025-11-12T23:45:07Z,85.0,Charge 6
2025-11-12T23:45:10Z,85.0,Charge 6
2025-11-12T23:45:13Z,86.0,Charge 6
2025-11-12T23:45:16Z,86.0,Charge 6
2025-11-12T23:45:19Z,86.0,Charge 6
2025-11-12T23:45:20Z,87.0,Charge 6
2025-11-12T23:45:22Z,88.0,Charge 6
2025-11-12T23:45:24Z,89.0,Charge 6
2025-11-12T23:45:26Z,90.0,Charge 6
2025-11-12T23:45:28Z,91.0,Charge 6
2025-11-12T23:45:31Z,91.0,Charge 6
2025-11-12T23:45:32Z,90.0,Charge 6
2025-11-12T23:45:34Z,92.0,Charge 6
2025-11-12T23:45:36Z,88.0,Charge 6
2025-11-12T23:45:39Z,88.0,Charge 6
2025-11-12T23:45:41Z,88.0,Charge 6
2025-11-12T23:45:44Z,88.0,Charge 6
2025-11-12T23:45:45Z,86.0,Charge 6
2025-11-12T23:45:47Z,85.0,Charge 6
2025-11-12T23:45:49Z,86.0,Charge 6
2025-11-12T23:45:51Z,85.0,Charge 6
2025-11-12T23:45:53Z,84.0,Charge 6
2025-11-12T23:45:55Z,83.0,Charge 6
2025-11-12T23:45:57Z,82.0,Charge 6
2025-11-12T23:45:59Z,83.0,Charge 6
2025-11-12T23:46:01Z,85.0,Charge 6
2025-11-12T23:46:02Z,86.0,Charge 6
2025-11-12T23:46:04Z,85.0,Charge 6
2025-11-12T23:46:06Z,84.0,Charge 6
2025-11-12T23:46:09Z,84.0,Charge 6
2025-11-12T23:46:12Z,82.0,Charge 6
2025-11-12T23:46:14Z,82.0,Charge 6
2025-11-12T23:46:16Z,83.0,Charge 6
2025-11-12T23:46:18Z,84.0,Charge 6
2025-11-12T23:46:20Z,83.0,Charge 6
2025-11-12T23:46:22Z,84.0,Charge 6
2025-11-12T23:46:25Z,84.0,Charge 6
2025-11-12T23:46:26Z,83.0,Charge 6
2025-11-12T23:46:27Z,82.0,Charge 6
2025-11-12T23:46:29Z,84.0,Charge 6
2025-11-12T23:46:32Z,84.0,Charge 6
2025-11-12T23:46:33Z,85.0,Charge 6
2025-11-12T23:46:35Z,85.0,Charge 6
2025-11-12T23:46:37Z,86.0,Charge 6
2025-11-12T23:46:40Z,86.0,Charge 6
2025-11-12T23:46:43Z,86.0,Charge 6
2025-11-12T23:46:46Z,86.0,Charge 6
2025-11-12T23:46:47Z,87.0,Charge 6
2025-11-12T23:46:49Z,86.0,Charge 6
2025-11-12T23:46:50Z,85.0,Charge 6
2025-11-12T23:46:52Z,86.0,Charge 6
2025-11-12T23:46:55Z,86.0,Charge 6
2025-11-12T23:46:58Z,86.0,Charge 6
2025-11-12T23:47:00Z,85.0,Charge 6
2025-11-12T23:47:02Z,86.0,Charge 6
2025-11-12T23:47:05Z,86.0,Charge 6
2025-11-12T23:47:08Z,86.0,Charge 6
2025-11-12T23:47:11Z,86.0,Charge 6
2025-11-12T23:47:12Z,86.0,Charge 6
2025-11-12T23:47:14Z,84.0,Charge 6
2025-11-12T23:47:15Z,84.0,Charge 6
2025-11-12T23:47:18Z,84.0,Charge 6
2025-11-12T23:47:21Z,84.0,Charge 6
2025-11-12T23:47:23Z,84.0,Charge 6
2025-11-12T23:47:25Z,84.0,Charge 6
2025-11-12T23:47:27Z,86.0,Charge 6
2025-11-12T23:47:29Z,86.0,Charge 6
2025-11-12T23:47:32Z,86.0,Charge 6
2025-11-12T23:47:35Z,86.0,Charge 6
2025-11-12T23:47:37Z,86.0,Charge 6
2025-11-12T23:47:38Z,87.0,Charge 6
2025-11-12T23:47:40Z,86.0,Charge 6
2025-11-12T23:47:43Z,86.0,Charge 6
2025-11-12T23:47:46Z,85.0,Charge 6
2025-11-12T23:47:48Z,84.0,Charge 6
2025-11-12T23:47:51Z,84.0,Charge 6
2025-11-12T23:47:54Z,83.0,Charge 6
2025-11-12T23:47:56Z,82.0,Charge 6
2025-11-12T23:47:59Z,82.0,Charge 6
2025-11-12T23:48:00Z,84.0,Charge 6
2025-11-12T23:48:03Z,84.0,Charge 6
2025-11-12T23:48:05Z,85.0,Charge 6
2025-11-12T23:48:07Z,86.0,Charge 6
2025-11-12T23:48:10Z,86.0,Charge 6
2025-11-12T23:48:11Z,85.0,Charge 6
2025-11-12T23:48:13Z,85.0,Charge 6
2025-11-12T23:48:15Z,86.0,Charge 6
2025-11-12T23:48:18Z,86.0,Charge 6
2025-11-12T23:48:19Z,85.0,Charge 6
2025-11-12T23:48:21Z,84.0,Charge 6
2025-11-12T23:48:23Z,85.0,Charge 6
2025-11-12T23:48:25Z,84.0,Charge 6
2025-11-12T23:48:28Z,85.0,Charge 6
2025-11-12T23:48:30Z,86.0,Charge 6
2025-11-12T23:48:33Z,86.0,Charge 6
2025-11-12T23:48:36Z,86.0,Charge 6
2025-11-12T23:48:38Z,87.0,Charge 6
2025-11-12T23:48:40Z,86.0,Charge 6
2025-11-12T23:48:43Z,86.0,Charge 6
2025-11-12T23:48:46Z,86.0,Charge 6
2025-11-12T23:48:48Z,88.0,Charge 6
2025-11-12T23:48:51Z,86.0,Charge 6
2025-11-12T23:48:53Z,85.0,Charge 6
2025-11-12T23:48:56Z,85.0,Charge 6
2025-11-12T23:48:57Z,84.0,Charge 6
2025-11-12T23:49:00Z,84.0,Charge 6
2025-11-12T23:49:01Z,83.0,Charge 6
2025-11-12T23:49:04Z,83.0,Charge 6
2025-11-12T23:49:07Z,83.0,Charge 6
2025-11-12T23:49:10Z,83.0,Charge 6
2025-11-12T23:49:11Z,85.0,Charge 6
2025-11-12T23:49:13Z,88.0,Charge 6
2025-11-12T23:49:14Z,89.0,Charge 6
2025-11-12T23:49:17Z,89.0,Charge 6
2025-11-12T23:49:18Z,88.0,Charge 6
2025-11-12T23:49:20Z,86.0,Charge 6
2025-11-12T23:49:22Z,85.0,Charge 6
2025-11-12T23:49:25Z,85.0,Charge 6
2025-11-12T23:49:26Z,84.0,Charge 6
2025-11-12T23:49:28Z,84.0,Charge 6
2025-11-12T23:49:30Z,83.0,Charge 6
2025-11-12T23:49:33Z,83.0,Charge 6
2025-11-12T23:49:34Z,84.0,Charge 6
2025-11-12T23:49:36Z,85.0,Charge 6
2025-11-12T23:49:39Z,86.0,Charge 6
2025-11-12T23:49:41Z,86.0,Charge 6
2025-11-12T23:49:44Z,86.0,Charge 6
2025-11-12T23:49:47Z,86.0,Charge 6
2025-11-12T23:49:50Z,86.0,Charge 6
2025-11-12T23:49:51Z,85.0,Charge 6
2025-11-12T23:49:54Z,85.0,Charge 6
2025-11-12T23:49:57Z,85.0,Charge 6
2025-11-12T23:49:59Z,84.0,Charge 6
2025-11-12T23:50:01Z,84.0,Charge 6
2025-11-12T23:50:02Z,85.0,Charge 6
2025-11-12T23:50:04Z,85.0,Charge 6
2025-11-12T23:50:06Z,84.0,Charge 6
2025-11-12T23:50:09Z,84.0,Charge 6
2025-11-12T23:50:12Z,85.0,Charge 6
2025-11-12T23:50:15Z,85.0,Charge 6
2025-11-12T23:50:16Z,84.0,Charge 6
2025-11-12T23:50:19Z,84.0,Charge 6
2025-11-12T23:50:20Z,85.0,Charge 6
2025-11-12T23:50:22Z,86.0,Charge 6
2025-11-12T23:50:25Z,86.0,Charge 6
2025-11-12T23:50:27Z,88.0,Charge 6
2025-11-12T23:50:29Z,89.0,Charge 6
2025-11-12T23:50:31Z,88.0,Charge 6
2025-11-12T23:50:33Z,90.0,Charge 6
2025-11-12T23:50:35Z,91.0,Charge 6
2025-11-12T23:50:37Z,94.0,Charge 6
2025-11-12T23:50:39Z,94.0,Charge 6
2025-11-12T23:50:42Z,94.0,Charge 6
2025-11-12T23:50:43Z,96.0,Charge 6
2025-11-12T23:50:45Z,96.0,Charge 6
2025-11-12T23:50:47Z,93.0,Charge 6
2025-11-12T23:50:49Z,91.0,Charge 6
2025-11-12T23:50:50Z,90.0,Charge 6
2025-11-12T23:50:52Z,91.0,Charge 6
2025-11-12T23:50:54Z,92.0,Charge 6
2025-11-12T23:50:56Z,91.0,Charge 6
2025-11-12T23:50:58Z,90.0,Charge 6
2025-11-12T23:51:01Z,90.0,Charge 6
2025-11-12T23:51:04Z,90.0,Charge 6
2025-11-12T23:51:06Z,88.0,Charge 6
2025-11-12T23:51:09Z,88.0,Charge 6
2025-11-12T23:51:10Z,88.0,Charge 6
2025-11-12T23:51:12Z,90.0,Charge 6
2025-11-12T23:51:15Z,90.0,Charge 6
2025-11-12T23:51:18Z,90.0,Charge 6
2025-11-12T23:51:21Z,90.0,Charge 6
2025-11-12T23:51:23Z,92.0,Charge 6
2025-11-12T23:51:25Z,91.0,Charge 6
2025-11-12T23:51:28Z,91.0,Charge 6
2025-11-12T23:51:31Z,92.0,Charge 6
2025-11-12T23:51:34Z,92.0,Charge 6
2025-11-12T23:51:35Z,91.0,Charge 6
2025-11-12T23:51:37Z,90.0,Charge 6
2025-11-12T23:51:38Z,90.0,Charge 6
2025-11-12T23:51:41Z,90.0,Charge 6
2025-11-12T23:51:42Z,91.0,Charge 6
2025-11-12T23:51:44Z,90.0,Charge 6
2025-11-12T23:51:46Z,91.0,Charge 6
2025-11-12T23:51:48Z,93.0,Charge 6
2025-11-12T23:51:50Z,94.0,Charge 6
2025-11-12T23:51:52Z,96.0,Charge 6
2025-11-12T23:51:54Z,97.0,Charge 6
2025-11-12T23:51:56Z,97.0,Charge 6
2025-11-12T23:51:59Z,97.0,Charge 6
2025-11-12T23:52:00Z,96.0,Charge 6
2025-11-12T23:52:02Z,94.0,Charge 6
2025-11-12T23:52:03Z,91.0,Charge 6
2025-11-12T23:52:05Z,90.0,Charge 6
2025-11-12T23:52:08Z,90.0,Charge 6
2025-11-12T23:52:09Z,90.0,Charge 6
2025-11-12T23:52:12Z,90.0,Charge 6
2025-11-12T23:52:13Z,91.0,Charge 6
2025-11-12T23:52:15Z,94.0,Charge 6
2025-11-12T23:52:17Z,95.0,Charge 6
2025-11-12T23:52:19Z,94.0,Charge 6
2025-11-12T23:52:21Z,92.0,Charge 6
2025-11-12T23:52:23Z,89.0,Charge 6
2025-11-12T23:52:25Z,88.0,Charge 6
2025-11-12T23:52:26Z,87.0,Charge 6
2025-11-12T23:52:28Z,87.0,Charge 6
2025-11-12T23:52:31Z,87.0,Charge 6
2025-11-12T23:52:34Z,88.0,Charge 6
2025-11-12T23:52:37Z,88.0,Charge 6
2025-11-12T23:52:38Z,88.0,Charge 6
2025-11-12T23:52:41Z,88.0,Charge 6
2025-11-12T23:52:42Z,89.0,Charge 6
2025-11-12T23:52:45Z,89.0,Charge 6
2025-11-12T23:52:48Z,89.0,Charge 6
2025-11-12T23:52:50Z,90.0,Charge 6
2025-11-12T23:52:51Z,91.0,Charge 6
2025-11-12T23:52:53Z,93.0,Charge 6
2025-11-12T23:52:56Z,93.0,Charge 6
2025-11-12T23:52:57Z,92.0,Charge 6
2025-11-12T23:52:59Z,91.0,Charge 6
2025-11-12T23:53:02Z,91.0,Charge 6
2025-11-12T23:53:03Z,90.0,Charge 6
2025-11-12T23:53:05Z,88.0,Charge 6
2025-11-12T23:53:07Z,86.0,Charge 6
2025-11-12T23:53:09Z,85.0,Charge 6
2025-11-12T23:53:11Z,87.0,Charge 6
2025-11-12T23:53:13Z,87.0,Charge 6
2025-11-12T23:53:16Z,89.0,Charge 6
2025-11-12T23:53:18Z,92.0,Charge 6
2025-11-12T23:53:20Z,92.0,Charge 6
2025-11-12T23:53:22Z,91.0,Charge 6
2025-11-12T23:53:24Z,89.0,Charge 6
2025-11-12T23:53:26Z,89.0,Charge 6
2025-11-12T23:53:29Z,89.0,Charge 6
2025-11-12T23:53:30Z,90.0,Charge 6
2025-11-12T23:53:32Z,91.0,Charge 6
2025-11-12T23:53:34Z,92.0,Charge 6
2025-11-12T23:53:37Z,92.0,Charge 6
2025-11-12T23:53:38Z,90.0,Charge 6
2025-11-12T23:53:39Z,89.0,Charge 6
2025-11-12T23:53:41Z,88.0,Charge 6
2025-11-12T23:53:44Z,88.0,Charge 6
2025-11-12T23:53:45Z,88.0,Charge 6
2025-11-12T23:53:47Z,88.0,Charge 6
2025-11-12T23:53:50Z,88.0,Charge 6
2025-11-12T23:53:53Z,86.0,Charge 6
2025-11-12T23:53:56Z,86.0,Charge 6
2025-11-12T23:53:57Z,87.0,Charge 6
2025-11-12T23:53:59Z,88.0,Charge 6
2025-11-12T23:54:02Z,88.0,Charge 6
2025-11-12T23:54:05Z,88.0,Charge 6
2025-11-12T23:54:06Z,88.0,Charge 6
2025-11-12T23:54:08Z,90.0,Charge 6
2025-11-12T23:54:10Z,89.0,Charge 6
2025-11-12T23:54:12Z,88.0,Charge 6
2025-11-12T23:54:14Z,87.0,Charge 6
2025-11-12T23:54:16Z,88.0,Charge 6
2025-11-12T23:54:18Z,87.0,Charge 6
2025-11-12T23:54:21Z,87.0,Charge 6
2025-11-12T23:54:22Z,87.0,Charge 6
2025-11-12T23:54:24Z,88.0,Charge 6
2025-11-12T23:54:26Z,90.0,Charge 6
2025-11-12T23:54:29Z,89.0,Charge 6
2025-11-12T23:54:32Z,89.0,Charge 6
2025-11-12T23:54:33Z,88.0,Charge 6
2025-11-12T23:54:35Z,90.0,Charge 6
2025-11-12T23:54:38Z,90.0,Charge 6
2025-11-12T23:54:41Z,90.0,Charge 6
2025-11-12T23:54:43Z,91.0,Charge 6
2025-11-12T23:54:46Z,91.0,Charge 6
2025-11-12T23:54:47Z,89.0,Charge 6
2025-11-12T23:54:49Z,88.0,Charge 6
2025-11-12T23:54:50Z,86.0,Charge 6
2025-11-12T23:54:53Z,86.0,Charge 6
2025-11-12T23:54:54Z,86.0,Charge 6
2025-11-12T23:54:57Z,86.0,Charge 6
2025-11-12T23:54:58Z,88.0,Charge 6
2025-11-12T23:55:00Z,93.0,Charge 6
2025-11-12T23:55:03Z,93.0,Charge 6
2025-11-12T23:55:04Z,94.0,Charge 6
2025-11-12T23:55:06Z,92.0,Charge 6
2025-11-12T23:55:08Z,89.0,Charge 6
2025-11-12T23:55:10Z,91.0,Charge 6
2025-11-12T23:55:13Z,91.0,Charge 6
2025-11-12T23:55:14Z,89.0,Charge 6
2025-11-12T23:55:15Z,88.0,Charge 6
2025-11-12T23:55:17Z,86.0,Charge 6
2025-11-12T23:55:19Z,86.0,Charge 6
2025-11-12T23:55:21Z,84.0,Charge 6
2025-11-12T23:55:23Z,86.0,Charge 6
2025-11-12T23:55:25Z,88.0,Charge 6
2025-11-12T23:55:27Z,90.0,Charge 6
2025-11-12T23:55:29Z,89.0,Charge 6
2025-11-12T23:55:31Z,88.0,Charge 6
2025-11-12T23:55:33Z,87.0,Charge 6
2025-11-12T23:55:35Z,88.0,Charge 6
2025-11-12T23:55:37Z,89.0,Charge 6
2025-11-12T23:55:38Z,88.0,Charge 6
2025-11-12T23:55:41Z,88.0,Charge 6
2025-11-12T23:55:42Z,87.0,Charge 6
2025-11-12T23:55:45Z,87.0,Charge 6
2025-11-12T23:55:46Z,88.0,Charge 6
2025-11-12T23:55:49Z,88.0,Charge 6
2025-11-12T23:55:50Z,89.0,Charge 6
2025-11-12T23:55:52Z,90.0,Charge 6
2025-11-12T23:55:55Z,90.0,Charge 6
2025-11-12T23:55:58Z,90.0,Charge 6
2025-11-12T23:56:01Z,90.0,Charge 6
2025-11-12T23:56:02Z,92.0,Charge 6
2025-11-12T23:56:05Z,92.0,Charge 6
2025-11-12T23:56:08Z,92.0,Charge 6
2025-11-12T23:56:11Z,92.0,Charge 6
2025-11-12T23:56:14Z,92.0,Charge 6
2025-11-12T23:56:15Z,91.0,Charge 6
2025-11-12T23:56:17Z,92.0,Charge 6
2025-11-12T23:56:20Z,92.0,Charge 6
2025-11-12T23:56:21Z,92.0,Charge 6
2025-11-12T23:56:24Z,92.0,Charge 6
2025-11-12T23:56:25Z,92.0,Charge 6
2025-11-12T23:56:28Z,92.0,Charge 6
2025-11-12T23:56:30Z,89.0,Charge 6
2025-11-12T23:56:32Z,88.0,Charge 6
2025-11-12T23:56:35Z,88.0,Charge 6
2025-11-12T23:56:36Z,90.0,Charge 6
2025-11-12T23:56:38Z,89.0,Charge 6
2025-11-12T23:56:41Z,89.0,Charge 6
2025-11-12T23:56:42Z,87.0,Charge 6
2025-11-12T23:56:44Z,86.0,Charge 6
2025-11-12T23:56:47Z,86.0,Charge 6
2025-11-12T23:56:48Z,88.0,Charge 6
2025-11-12T23:56:51Z,89.0,Charge 6
2025-11-12T23:56:53Z,88.0,Charge 6
2025-11-12T23:56:56Z,88.0,Charge 6
2025-11-12T23:56:57Z,91.0,Charge 6
2025-11-12T23:56:59Z,97.0,Charge 6
2025-11-12T23:57:01Z,94.0,Charge 6
2025-11-12T23:57:03Z,92.0,Charge 6
2025-11-12T23:57:05Z,90.0,Charge 6
2025-11-12T23:57:07Z,91.0,Charge 6
2025-11-12T23:57:09Z,92.0,Charge 6
2025-11-12T23:57:11Z,91.0,Charge 6
2025-11-12T23:57:13Z,89.0,Charge 6
2025-11-12T23:57:14Z,88.0,Charge 6
2025-11-12T23:57:16Z,87.0,Charge 6
2025-11-12T23:57:18Z,86.0,Charge 6
2025-11-12T23:57:20Z,84.0,Charge 6
2025-11-12T23:57:22Z,83.0,Charge 6
2025-11-12T23:57:24Z,82.0,Charge 6
2025-11-12T23:57:26Z,83.0,Charge 6
2025-11-12T23:57:28Z,84.0,Charge 6
2025-11-12T23:57:30Z,86.0,Charge 6
2025-11-12T23:57:32Z,88.0,Charge 6
2025-11-12T23:57:34Z,89.0,Charge 6
2025-11-12T23:57:37Z,89.0,Charge 6
2025-11-12T23:57:38Z,88.0,Charge 6
2025-11-12T23:57:41Z,88.0,Charge 6
2025-11-12T23:57:43Z,89.0,Charge 6
2025-11-12T23:57:45Z,90.0,Charge 6
2025-11-12T23:57:47Z,88.0,Charge 6
2025-11-12T23:57:49Z,86.0,Charge 6
2025-11-12T23:57:51Z,83.0,Charge 6
2025-11-12T23:57:54Z,83.0,Charge 6
2025-11-12T23:57:55Z,84.0,Charge 6
2025-11-12T23:57:57Z,82.0,Charge 6
2025-11-12T23:58:00Z,82.0,Charge 6
2025-11-12T23:58:01Z,82.0,Charge 6
2025-11-12T23:58:02Z,82.0,Charge 6
2025-11-12T23:58:04Z,82.0,Charge 6
2025-11-12T23:58:07Z,82.0,Charge 6
2025-11-12T23:58:08Z,82.0,Charge 6
2025-11-12T23:58:10Z,83.0,Charge 6
2025-11-12T23:58:12Z,85.0,Charge 6
2025-11-12T23:58:14Z,86.0,Charge 6
2025-11-12T23:58:17Z,86.0,Charge 6
2025-11-12T23:58:18Z,85.0,Charge 6
2025-11-12T23:58:20Z,86.0,Charge 6
2025-11-12T23:58:23Z,86.0,Charge 6
2025-11-12T23:58:24Z,84.0,Charge 6
2025-11-12T23:58:26Z,83.0,Charge 6
2025-11-12T23:58:27Z,82.0,Charge 6
2025-11-12T23:58:29Z,82.0,Charge 6
2025-11-12T23:58:32Z,82.0,Charge 6
2025-11-12T23:58:33Z,84.0,Charge 6
2025-11-12T23:58:35Z,84.0,Charge 6
2025-11-12T23:58:38Z,84.0,Charge 6
2025-11-12T23:58:41Z,85.0,Charge 6
2025-11-12T23:58:43Z,86.0,Charge 6
2025-11-12T23:58:45Z,86.0,Charge 6
2025-11-12T23:58:48Z,86.0,Charge 6
2025-11-12T23:58:51Z,86.0,Charge 6
2025-11-12T23:58:54Z,85.0,Charge 6
2025-11-12T23:58:56Z,84.0,Charge 6
2025-11-12T23:58:59Z,84.0,Charge 6
2025-11-12T23:59:00Z,84.0,Charge 6
2025-11-12T23:59:02Z,86.0,Charge 6
2025-11-12T23:59:05Z,86.0,Charge 6
2025-11-12T23:59:06Z,85.0,Charge 6
2025-11-12T23:59:08Z,82.0,Charge 6
2025-11-12T23:59:10Z,82.0,Charge 6
2025-11-12T23:59:13Z,82.0,Charge 6
2025-11-12T23:59:14Z,83.0,Charge 6
2025-11-12T23:59:15Z,84.0,Charge 6
2025-11-12T23:59:18Z,84.0,Charge 6
2025-11-12T23:59:21Z,84.0,Charge 6
2025-11-12T23:59:23Z,85.0,Charge 6
2025-11-12T23:59:25Z,83.0,Charge 6
2025-11-12T23:59:28Z,83.0,Charge 6
2025-11-12T23:59:29Z,84.0,Charge 6
2025-11-12T23:59:31Z,87.0,Charge 6
2025-11-12T23:59:33Z,90.0,Charge 6
2025-11-12T23:59:35Z,86.0,Charge 6
2025-11-12T23:59:37Z,83.0,Charge 6
2025-11-12T23:59:38Z,82.0,Charge 6
2025-11-12T23:59:41Z,82.0,Charge 6
2025-11-12T23:59:42Z,83.0,Charge 6
2025-11-12T23:59:44Z,82.0,Charge 6
2025-11-12T23:59:46Z,81.0,Charge 6
2025-11-12T23:59:49Z,81.0,Charge 6
2025-11-12T23:59:50Z,82.0,Charge 6
2025-11-12T23:59:52Z,82.0,Charge 6
2025-11-12T23:59:55Z,82.0,Charge 6
2025-11-12T23:59:56Z,81.0,Charge 6
2025-11-12T23:59:58Z,82.0,Charge 6
